0 0.202219 0.551372 0.0733157 0.290731 0.90495
0 0.0663382 0.592259 0.0772103 0.291207 0.867059
0 0.957573 0.517057 0.0834406 0.236421 0.860787
0 0.461196 0.964706 0.075672 0.0705872 0.673388
0 0.0142373 0.601784 0.0269915 0.239323 0.559585
0 0.292774 0.147381 0.0895282 0.221321 0.016557
0 0.304624 0.117858 0.0710209 0.233047 0.00825511
0 0.234467 0.153036 0.0547666 0.224011 0.00547255
0 0.448639 0.955819 0.102583 0.0883629 0.00190471
0 0.271187 0.160584 0.108183 0.23189 0.00119175
0 0.470112 0.966908 0.0478082 0.066184 0.00110149
