0 0.638605 0.933235 0.0909466 0.13353 0.92803
0 0.849041 0.442146 0.0909586 0.220808 0.923795
0 0.729417 0.297436 0.0841477 0.220762 0.912741
0 0.0308772 0.244605 0.0603674 0.252328 0.901779
0 0.670004 0.0707495 0.0828448 0.136235 0.875334
0 0.221874 0.932346 0.0844405 0.135308 0.855309
0 0.75979 0.0329157 0.047013 0.064095 0.523472
0 0.305669 0.117235 0.070095 0.230715 0.153964
0 0.229407 0.155835 0.0503068 0.226864 0.0842547
0 0.288525 0.133589 0.0962573 0.233798 0.0390487
0 0.759575 0.0337951 0.0287151 0.044459 0.00387763
0 0.242964 0.139748 0.0654155 0.219884 0.00325216
0 0.322428 0.0602892 0.036833 0.115967 0.00157459
0 0.318447 0.091363 0.0459579 0.178346 0.00108715
