0 0.803089 0.295873 0.0897351 0.229678 0.905727
0 0.753443 0.359058 0.0729969 0.203715 0.880843
0 0.982624 0.372868 0.034672 0.248271 0.852523
0 0.200828 0.922341 0.0663662 0.154787 0.822665
0 0.421337 0.838947 0.069592 0.15035 0.730465
0 0.261219 0.88654 0.0781772 0.224043 0.682007
0 0.392307 0.962934 0.0692 0.073286 0.552011
0 0.479171 0.963577 0.110944 0.0715189 0.385642
0 0.449316 0.941349 0.081878 0.117303 0.180368
0 0.414708 0.962016 0.113596 0.0757387 0.132035
0 0.455342 0.963135 0.0812039 0.0737304 0.058245
0 0.594533 0.989155 0.0346559 0.0213771 0.0577586
0 0.382411 0.969756 0.0670491 0.0604873 0.0140949
0 0.43649 0.847304 0.0909451 0.17646 0.012643
0 0.436167 0.918321 0.0852587 0.160947 0.0108809
0 0.49223 0.972167 0.0963705 0.0556659 0.00941256
0 0.593387 0.982976 0.0406971 0.0340479 0.0092565
0 0.470257 0.922721 0.115611 0.154557 0.00784012
0 0.374514 0.959893 0.0748406 0.0778092 0.00431551
0 0.284823 0.883093 0.103313 0.214145 0.00363568
0 0.395851 0.966994 0.0459524 0.0660118 0.00350056
0 0.45368 0.835577 0.0715774 0.174147 0.00253838
0 0.602957 0.987906 0.0470201 0.0241878 0.0020476
0 0.500844 0.950658 0.103939 0.0970474 0.00159195
0 0.513902 0.978071 0.04314 0.0438582 0.00149751
0 0.506219 0.96499 0.0821055 0.0673965 0.00137653
0 0.392639 0.977858 0.0662231 0.0442839 0.00130356
0 0.463781 0.965655 0.0447947 0.0682219 0.00129231
0 0.186208 0.907481 0.0843537 0.173418 0.00122347
0 0.969056 0.372819 0.0618889 0.25263 0.00113758
0 0.432016 0.967308 0.0839686 0.0642914 0.00100325
