0 0.833529 0.27594 0.0906281 0.213996 0.916986
0 0.524149 0.0827755 0.0769375 0.158415 0.914865
0 0.967411 0.571061 0.0641525 0.239965 0.89018
0 0.0630049 0.218386 0.0883677 0.26593 0.859469
0 0.291881 0.14702 0.089572 0.208421 0.210157
0 0.236031 0.153572 0.0631029 0.235448 0.134166
0 0.304011 0.118866 0.0698212 0.227256 0.0139467
0 0.272425 0.161974 0.0788487 0.218534 0.00280083
0 0.31576 0.0999276 0.0504473 0.194954 0.0023576
0 0.319158 0.0497891 0.0421831 0.0942877 0.00202788
0 0.25099 0.151193 0.0673394 0.217848 0.0018537
