0 0.0256055 0.199033 0.0502194 0.243438 0.854352
0 0.489216 0.892508 0.0816267 0.214984 0.845127
0 0.237102 0.152398 0.0586598 0.223397 0.492927
0 0.290482 0.145804 0.0880668 0.229344 0.268057
0 0.302111 0.117207 0.071661 0.223296 0.0133423
0 0.2733 0.161218 0.0709712 0.211263 0.0056679
0 0.254506 0.16063 0.0628644 0.215502 0.0027069
0 0.0217353 0.162623 0.0420619 0.17489 0.00225236
0 0.223664 0.155166 0.0447234 0.21678 0.00181238
0 0.317426 0.0475232 0.0450562 0.0909102 0.00162796
0 0.85946 0.0156536 0.0763355 0.0301451 0.00105449
