0 0.785336 0.223071 0.0846385 0.221272 0.916872
0 0.974514 0.582654 0.0497835 0.225374 0.832815
0 0.757606 0.031903 0.051868 0.0618749 0.452568
0 0.296835 0.121273 0.0859424 0.242546 0.0666265
0 0.230767 0.155267 0.0499225 0.224044 0.00557772
0 0.272692 0.147619 0.111161 0.243174 0.00383566
0 0.312378 0.103455 0.0550456 0.20268 0.00193406
0 0.76393 0.044449 0.065817 0.0884483 0.00183663
0 0.466368 0.0576485 0.0773203 0.111709 0.00175081
0 0.758866 0.0332828 0.0285653 0.0437652 0.00166983
0 0.984638 0.572956 0.0276583 0.21042 0.00108627
