0 0.84568 0.434996 0.0873409 0.204555 0.92028
0 0.721852 0.126145 0.0911142 0.212612 0.907251
0 0.750178 0.965909 0.0879947 0.0681364 0.799424
0 0.278892 0.967076 0.0707734 0.0649098 0.64189
0 0.758461 0.0316735 0.0436568 0.0604803 0.612956
0 0.98298 0.572881 0.0330372 0.200955 0.273048
0 0.293672 0.156029 0.0876181 0.180784 0.0296244
0 0.304528 0.117103 0.0734672 0.234205 0.0274834
0 0.290606 0.956841 0.0956721 0.0863189 0.0128005
0 0.232147 0.153957 0.0539399 0.228211 0.0115048
0 0.75198 0.965895 0.047928 0.0675242 0.00634873
0 0.266882 0.955613 0.0908218 0.0866138 0.00628455
0 0.759103 0.0329158 0.0286242 0.0448247 0.00593943
0 0.00585021 0.151989 0.0117004 0.192467 0.00593636
0 0.278309 0.96115 0.0473995 0.0753226 0.0038066
0 0.250947 0.15174 0.0815336 0.227756 0.00229728
0 0.00909492 0.16332 0.0181898 0.203936 0.00190978
0 0.305172 0.967615 0.113091 0.0646778 0.00164188
0 0.00421039 0.108434 0.00810851 0.101126 0.00152925
0 0.00605232 0.177151 0.0121046 0.229437 0.00110631
