0 0.722907 0.301771 0.0850694 0.250884 0.929172
0 0.838692 0.231694 0.085734 0.205856 0.876761
0 0.641938 0.0581529 0.0706965 0.114706 0.608069
0 0.290006 0.129225 0.0906024 0.240326 0.340431
0 0.229742 0.14934 0.047862 0.239762 0.036689
0 0.255176 0.142956 0.0801454 0.255691 0.0289961
0 0.312167 0.115226 0.0591504 0.226913 0.017287
0 0.23647 0.185769 0.0583537 0.300284 0.00180263
0 0.235205 0.146651 0.0783423 0.267309 0.00122825
0 0.622903 0.0579162 0.0469171 0.113395 0.00118173
0 0.317814 0.0572877 0.043929 0.108711 0.00116208
