0 0.314672 0.808215 0.078287 0.272918 0.91039
0 0.0651709 0.300997 0.079888 0.249575 0.910278
0 0.580888 0.942608 0.078341 0.114784 0.900491
0 0.971569 0.616352 0.0556294 0.257445 0.89814
0 0.236404 0.829717 0.0897051 0.272995 0.857236
0 0.290477 0.144778 0.0896627 0.238535 0.0623155
0 0.23101 0.153776 0.0509707 0.222687 0.0317447
0 0.304085 0.117814 0.0713639 0.235628 0.0130938
0 0.317908 0.0599945 0.044387 0.113969 0.00251884
0 0.254844 0.148775 0.0874776 0.232527 0.00228594
0 0.859322 0.0152199 0.0762823 0.0293227 0.00112848
