0 0.815557 0.393337 0.0927694 0.235301 0.919701
0 0.106382 0.367272 0.0582905 0.255039 0.911846
0 0.0553547 0.37339 0.0744679 0.269979 0.889064
0 0.164934 0.697499 0.0998935 0.274743 0.881089
0 0.287293 0.148246 0.086045 0.216601 0.0741478
0 0.306173 0.117031 0.0664035 0.231897 0.0194119
0 0.230798 0.155653 0.0485389 0.219811 0.0133801
0 0.316915 0.0934937 0.0450997 0.183886 0.00226895
0 0.297785 0.147461 0.0751579 0.162706 0.00215118
0 0.255689 0.148235 0.075921 0.229448 0.0017203
0 0.319546 0.057275 0.0403178 0.108378 0.00158705
