0 0.375419 0.710556 0.0849433 0.293073 0.900273
0 0.0380832 0.219991 0.0725573 0.246754 0.859559
0 0.801585 0.162779 0.0764768 0.228122 0.847031
0 0.820133 0.176564 0.0762958 0.202897 0.370496
0 0.29896 0.121831 0.074636 0.22702 0.0933419
0 0.237196 0.152684 0.0576627 0.224702 0.0368405
0 0.831363 0.165915 0.0528557 0.165935 0.019139
0 0.00809642 0.238632 0.0161385 0.200701 0.0136659
0 0.0192151 0.225973 0.0361281 0.238493 0.0105627
0 0.251244 0.15157 0.0616508 0.213014 0.00673018
0 0.271899 0.152233 0.0680632 0.204946 0.00642948
0 0.317154 0.0443761 0.0431336 0.0797026 0.00443848
0 0.0119881 0.23963 0.0239762 0.2261 0.00429657
0 0.312948 0.106472 0.0563789 0.206254 0.00209966
0 0.287589 0.146834 0.0794744 0.165686 0.00128891
