0 0.0694232 0.539465 0.0801462 0.251044 0.930576
0 0.917682 0.391449 0.0987082 0.217143 0.929393
0 0.306881 0.764063 0.0783484 0.275782 0.912517
0 0.382809 0.759312 0.0647157 0.27731 0.906734
0 0.340547 0.57135 0.0620188 0.221428 0.872359
0 0.635597 0.0823661 0.0896298 0.131511 0.851216
0 0.235717 0.152601 0.0544119 0.227923 0.320116
0 0.00767247 0.489614 0.0148896 0.0998408 0.286054
0 0.291446 0.143656 0.0876306 0.219408 0.196942
0 0.00780306 0.518736 0.0143811 0.16546 0.12093
0 0.635273 0.128723 0.0916412 0.219332 0.0568085
0 0.303429 0.117857 0.0703872 0.22141 0.0358162
0 0.250716 0.151159 0.0637553 0.219816 0.0115193
0 0.27514 0.150864 0.0644272 0.202029 0.00551802
0 0.00560449 0.47644 0.00992332 0.10811 0.00271035
0 0.00630112 0.504551 0.0126022 0.129503 0.00242735
0 0.0078593 0.494459 0.0142778 0.0427632 0.00203254
