0 0.153875 0.638538 0.0994437 0.218089 0.932299
0 0.682472 0.176183 0.0906733 0.237693 0.928935
0 0.882097 0.319843 0.114699 0.250278 0.885508
0 0.0368508 0.160963 0.0673713 0.258524 0.881978
0 0.706626 0.0598886 0.0984182 0.117641 0.879218
0 0.0156514 0.191604 0.0296434 0.216722 0.692355
0 0.022894 0.167812 0.04243 0.252514 0.0193059
0 0.843889 0.299406 0.0559605 0.214203 0.00879452
0 0.568322 0.816708 0.0873457 0.286747 0.00531729
0 0.707071 0.0944665 0.102473 0.178818 0.00404564
0 0.983423 0.687451 0.033154 0.235973 0.00123136
