0 0.0743745 0.321644 0.0756889 0.255242 0.92376
0 0.686751 0.276015 0.0809088 0.216177 0.923531
0 0.601686 0.124784 0.0824319 0.194861 0.912689
0 0.164475 0.888435 0.0760493 0.223131 0.902962
0 0.536629 0.897016 0.0980878 0.205969 0.901712
0 0.656968 0.0414472 0.0773258 0.0806107 0.801713
0 0.759542 0.0321746 0.0476973 0.0641277 0.465386
0 0.225235 0.156141 0.0495089 0.216524 0.0709956
0 0.293578 0.147784 0.089556 0.205504 0.0399375
0 0.304849 0.118138 0.0718197 0.236277 0.028617
0 0.759408 0.0332502 0.028659 0.0442508 0.00302942
0 0.746844 0.0303855 0.0617506 0.0590056 0.00120624
0 0.238971 0.14656 0.0735993 0.224218 0.00116573
0 0.659496 0.0440996 0.0481508 0.0827188 0.0011405
