0 0.27772 0.59834 0.0811687 0.273826 0.917228
0 0.22321 0.678904 0.0829731 0.292267 0.914859
0 0.0663658 0.644429 0.060339 0.251831 0.908358
0 0.036883 0.680514 0.072186 0.267772 0.893753
0 0.756068 0.116135 0.0856986 0.167927 0.879521
0 0.0843561 0.457855 0.0864879 0.250097 0.874407
0 0.0165026 0.278315 0.0315743 0.257006 0.802185
0 0.236341 0.152601 0.0554852 0.221322 0.0364729
0 0.306983 0.11697 0.0628521 0.227868 0.00645781
0 0.273402 0.150821 0.0914055 0.221566 0.00640353
0 0.764054 0.0897347 0.0692807 0.154035 0.00223208
0 0.0269682 0.278951 0.0456154 0.262967 0.00220688
0 0.293832 0.137718 0.0746163 0.22536 0.00202893
0 0.316232 0.0450534 0.0475042 0.0887839 0.00171425
0 0.348501 0.966253 0.0464557 0.0674937 0.00148405
0 0.0497531 0.654659 0.0676869 0.251187 0.00142137
0 0.250661 0.138625 0.077348 0.222966 0.0010575
0 0.0162228 0.274704 0.0309413 0.154605 0.00100535
