0 0.254771 0.815487 0.0704785 0.278188 0.915901
0 0.320892 0.812691 0.0760001 0.263449 0.89977
0 0.391351 0.796205 0.0753166 0.279934 0.894857
0 0.540734 0.968434 0.0675874 0.0627962 0.370791
0 0.0111134 0.540022 0.021435 0.25594 0.163501
0 0.293447 0.144995 0.0855385 0.216105 0.0563607
0 0.23442 0.150896 0.0515995 0.216442 0.0132231
0 0.305178 0.111792 0.0704422 0.220228 0.00392134
0 0.535854 0.977999 0.0663572 0.0440016 0.0025399
0 0.0114853 0.496006 0.0224626 0.112442 0.00236916
0 0.52178 0.970226 0.0853568 0.0587843 0.00142447
0 0.122318 0.748061 0.0408893 0.103894 0.0011257
