0 0.566315 0.919084 0.0967599 0.161832 0.933789
0 0.302833 0.705062 0.109685 0.238947 0.915486
0 0.0870611 0.458702 0.0974575 0.30233 0.857781
0 0.296494 0.937585 0.0690141 0.124716 0.856888
0 0.0240173 0.662875 0.0470231 0.252331 0.833534
0 0.228232 0.94214 0.0612815 0.115233 0.809012
0 0.0175783 0.469274 0.0339914 0.144113 0.0609688
0 0.508453 0.0857815 0.0797473 0.163885 0.0343696
0 0.671234 0.042509 0.0880166 0.0805361 0.0144158
0 0.0154194 0.674039 0.0308389 0.264826 0.00168829
0 0.0188083 0.515069 0.0363858 0.241053 0.00116659
