0 0.205804 0.588336 0.0839376 0.27047 0.888179
0 0.286467 0.57503 0.0865001 0.272527 0.875076
0 0.149501 0.465887 0.0654737 0.266012 0.874979
0 0.0774175 0.531054 0.0766036 0.273846 0.863882
0 0.200365 0.423774 0.058137 0.179567 0.791489
0 0.0109648 0.535656 0.021096 0.207044 0.0516224
0 0.508286 0.977356 0.0486529 0.0450324 0.0511691
0 0.198535 0.529587 0.072756 0.154418 0.00424911
0 0.199729 0.448132 0.0767509 0.235054 0.00252628
0 0.495805 0.975695 0.0761179 0.0485566 0.00204648
0 0.509005 0.977858 0.0286244 0.0433378 0.00125956
