0 0.775867 0.120358 0.0867515 0.203818 0.929234
0 0.635389 0.0914156 0.0888068 0.178447 0.857218
0 0.60984 0.210706 0.0963209 0.221559 0.827231
0 0.595554 0.0555225 0.0454532 0.107899 0.647212
0 0.0148266 0.1928 0.0282932 0.168202 0.623562
0 0.599426 0.0805463 0.0548158 0.15598 0.0408408
0 0.475238 0.0528837 0.0642066 0.10303 0.00408613
0 0.601324 0.0570653 0.0783299 0.112333 0.00359088
0 0.0213718 0.205738 0.0402047 0.193896 0.00349605
0 0.953276 0.554991 0.092024 0.269596 0.00348273
0 0.62974 0.1373 0.102156 0.243041 0.00314349
0 0.61802 0.0746187 0.0852859 0.147892 0.00279828
0 0.454473 0.0558291 0.105328 0.10616 0.00105973
