0 0.169722 0.895708 0.124045 0.208584 0.923158
0 0.781966 0.318617 0.0976576 0.229157 0.920085
0 0.37904 0.79364 0.0805625 0.224974 0.917446
0 0.266457 0.893738 0.0690052 0.212243 0.911454
0 0.102817 0.740948 0.0840882 0.275961 0.902665
0 0.29305 0.784058 0.0725172 0.277969 0.89752
0 0.267672 0.822076 0.0853827 0.224644 0.834285
0 0.236166 0.152585 0.0570269 0.227969 0.450224
0 0.294965 0.126989 0.0792552 0.231566 0.159075
0 0.740801 0.316296 0.0603259 0.226303 0.0385207
0 0.275761 0.149974 0.0783653 0.221812 0.0110343
0 0.310356 0.115559 0.0608889 0.228747 0.00658756
0 0.223605 0.15482 0.0459542 0.218313 0.00227342
0 0.250152 0.138964 0.0708815 0.224592 0.00177783
0 0.287286 0.146223 0.0756674 0.164392 0.00168824
0 0.273853 0.778955 0.0823225 0.212081 0.00152254
0 0.758933 0.316681 0.0812686 0.222986 0.00102565
