0 0.297149 0.812279 0.109695 0.276627 0.926675
0 0.54746 0.08377 0.0867105 0.164119 0.918326
0 0.85828 0.272114 0.094528 0.190817 0.915694
0 0.238455 0.533623 0.0689459 0.265371 0.87738
0 0.544959 0.912107 0.0686441 0.175217 0.864982
0 0.500372 0.926761 0.0634554 0.14532 0.856409
0 0.17214 0.563811 0.0593997 0.260185 0.850271
0 0.110837 0.559898 0.0618609 0.264106 0.843634
0 0.0174864 0.582738 0.0337545 0.254379 0.791698
0 0.519502 0.918129 0.0974522 0.163742 0.00836796
0 0.0271269 0.584253 0.0463456 0.263369 0.00809818
0 0.232434 0.152516 0.0493479 0.212495 0.00769924
0 0.304739 0.118959 0.0681954 0.226636 0.00557761
0 0.0173373 0.582143 0.0331299 0.154705 0.00190289
0 0.0315414 0.580376 0.0630827 0.261204 0.00162421
0 0.0176529 0.527561 0.0333156 0.18271 0.00150963
0 0.286436 0.148345 0.0879525 0.218623 0.00143262
