0 0.596209 0.111593 0.0861877 0.188272 0.933373
0 0.840854 0.40485 0.0997721 0.229508 0.916215
0 0.0274275 0.295155 0.0535773 0.274378 0.88739
0 0.319517 0.906714 0.0841258 0.185017 0.787838
0 0.226257 0.920811 0.081422 0.15658 0.770866
0 0.236228 0.152848 0.0559886 0.220537 0.0368855
0 0.304833 0.117779 0.0705202 0.23096 0.00888408
0 0.202032 0.917041 0.127058 0.161878 0.00290906
0 0.286658 0.148693 0.0881438 0.221351 0.00246352
0 0.33847 0.889422 0.113492 0.204723 0.00233777
0 0.250034 0.138815 0.0764583 0.214153 0.00175907
0 0.220701 0.889482 0.0951724 0.180059 0.0014696
