0 0.78387 0.254382 0.093587 0.215515 0.935063
0 0.211577 0.525041 0.0792748 0.254658 0.901474
0 0.533692 0.916533 0.0929276 0.166934 0.898031
0 0.626351 0.962892 0.061441 0.0737339 0.876694
0 0.680919 0.960222 0.0580417 0.0795565 0.863056
0 0.409292 0.908427 0.0939355 0.179181 0.826019
0 0.385463 0.702618 0.0827639 0.238839 0.794122
0 0.401442 0.96119 0.0889559 0.0762734 0.627124
0 0.420853 0.977086 0.0531095 0.0456184 0.0864146
0 0.533031 0.949915 0.0831459 0.10017 0.0654771
0 0.292466 0.145327 0.0773898 0.224179 0.0433668
0 0.381716 0.963062 0.0803379 0.0734686 0.0147332
0 0.303499 0.117771 0.068479 0.223091 0.013054
0 0.405411 0.977895 0.0866715 0.0442104 0.0044746
0 0.529341 0.950414 0.0480955 0.0991712 0.00296499
0 0.397544 0.962339 0.0482162 0.0753211 0.00199185
0 0.412142 0.949244 0.096617 0.101512 0.00172376
0 0.422156 0.977518 0.0283071 0.0429521 0.00152885
0 0.386132 0.959093 0.0476704 0.0811273 0.00141724
0 0.373928 0.952091 0.106455 0.0951121 0.00114539
