0 0.448011 0.837933 0.0947082 0.304793 0.899786
0 0.114056 0.31362 0.0641456 0.258326 0.883814
0 0.93183 0.337414 0.0802586 0.245851 0.876885
0 0.0563921 0.310287 0.0697456 0.271357 0.866675
0 0.973546 0.334804 0.0516943 0.150785 0.768871
0 0.290376 0.146525 0.0904243 0.227024 0.166856
0 0.960217 0.328508 0.0716827 0.199422 0.068622
0 0.230059 0.153125 0.0585068 0.222199 0.0537712
0 0.273803 0.153864 0.0632386 0.204718 0.0210216
0 0.304115 0.121336 0.0681059 0.232025 0.0112047
0 0.969174 0.374257 0.0588953 0.225907 0.00947018
0 0.985153 0.334321 0.0289165 0.150096 0.0020997
0 0.262141 0.162448 0.0434769 0.192067 0.00202017
0 0.213293 0.158726 0.0763011 0.216404 0.00136764
