0 0.352301 0.780295 0.0957537 0.271594 0.913159
0 0.283416 0.693979 0.0601008 0.255162 0.884561
0 0.231855 0.708266 0.0731414 0.272228 0.876649
0 0.249327 0.514119 0.0770855 0.230841 0.844603
0 0.393822 0.962235 0.078638 0.074694 0.712755
0 0.493058 0.96862 0.0672056 0.0621771 0.65706
0 0.391442 0.96302 0.0478322 0.0739591 0.00697621
0 0.500453 0.956745 0.0814737 0.0799589 0.00304436
0 0.37155 0.965072 0.107366 0.0698026 0.00202273
0 0.393883 0.942291 0.0847317 0.102657 0.00119223
0 0.477882 0.966025 0.074889 0.0679501 0.00108209
0 0.393515 0.977639 0.0775695 0.0447224 0.00107123
