0 0.869717 0.463572 0.0907391 0.206115 0.924281
0 0.248318 0.506265 0.0772984 0.275565 0.900711
0 0.184784 0.505491 0.0720853 0.284236 0.884526
0 0.291422 0.145604 0.0880935 0.215631 0.108775
0 0.441879 0.972997 0.0615808 0.053789 0.103358
0 0.237851 0.153921 0.056972 0.225181 0.0607498
0 0.303703 0.119313 0.0698051 0.230256 0.0197996
0 0.433076 0.963897 0.0801071 0.072205 0.00788546
0 0.451778 0.978889 0.0603984 0.0422214 0.00228744
0 0.460689 0.973348 0.0850829 0.0533041 0.00190003
0 0.272097 0.160775 0.0694937 0.203138 0.00170883
0 0.446208 0.97724 0.028376 0.0436071 0.0010777
