0 0.249285 0.599802 0.0763083 0.282092 0.925168
0 0.796794 0.314224 0.0944233 0.216905 0.900229
0 0.0414834 0.515763 0.082386 0.282483 0.855023
0 0.0211385 0.217064 0.0413738 0.255638 0.727726
0 0.292812 0.147394 0.0906712 0.209524 0.0185823
0 0.233795 0.154031 0.0535477 0.21973 0.0105026
0 0.304262 0.118231 0.0711977 0.229061 0.00477695
0 0.0342527 0.212863 0.0626859 0.264007 0.0034427
0 0.0153477 0.183937 0.0296371 0.211805 0.00133013
0 0.251079 0.151487 0.0807238 0.220043 0.00112261
0 0.791722 0.243876 0.0751314 0.0757025 0.00100115
