0 0.146242 0.508058 0.0914605 0.298032 0.935097
0 0.221774 0.51187 0.0693899 0.259824 0.928611
0 0.94947 0.51621 0.0962742 0.15399 0.864659
0 0.28939 0.147929 0.0891281 0.228009 0.0637155
0 0.234356 0.151191 0.0532865 0.229317 0.0468458
0 0.306022 0.117055 0.0672555 0.233523 0.00886595
0 0.253073 0.149556 0.0803411 0.228494 0.00368689
0 0.959005 0.551595 0.0819896 0.226593 0.00367021
0 0.318148 0.0553327 0.0427422 0.1046 0.00219197
0 0.317378 0.091062 0.0458449 0.178953 0.00184988
0 0.954342 0.56757 0.0821819 0.15129 0.00173201
