0 0.185672 0.665452 0.0869567 0.273677 0.913329
0 0.109629 0.793732 0.0805081 0.292421 0.886243
0 0.397359 0.966435 0.0613409 0.0663379 0.670562
0 0.504565 0.962116 0.0768635 0.0757687 0.590041
0 0.503251 0.960106 0.0476101 0.0797889 0.00787184
0 0.384099 0.970788 0.0802107 0.058425 0.00720062
0 0.384253 0.957064 0.0919013 0.0858711 0.00671948
0 0.492805 0.950559 0.0962438 0.0988814 0.00596332
0 0.408017 0.957646 0.0800672 0.0826344 0.00596134
0 0.269359 0.150389 0.123277 0.236033 0.00296016
0 0.397451 0.974175 0.04642 0.0516502 0.00251114
0 0.570928 0.802983 0.106648 0.265866 0.00214421
0 0.487556 0.966841 0.0866538 0.0663184 0.00119991
0 0.397284 0.966372 0.0280633 0.0435009 0.00101329
