0 0.80244 0.193958 0.0845787 0.211162 0.924715
0 0.0589089 0.5088 0.0851882 0.274494 0.863359
0 0.538358 0.0673613 0.0849154 0.129858 0.860424
0 0.235936 0.151683 0.0566581 0.225985 0.613733
0 0.285309 0.146997 0.0777652 0.222183 0.402614
0 0.300884 0.11672 0.0730512 0.227015 0.0348682
0 0.251549 0.15053 0.0625815 0.217671 0.0141189
0 0.40549 0.048537 0.0882601 0.0939032 0.00637538
0 0.316698 0.100518 0.045992 0.19654 0.00610061
0 0.319038 0.0531339 0.0422255 0.101765 0.00421709
0 0.468851 0.0523321 0.066374 0.101066 0.0031585
0 0.512927 0.0675287 0.121726 0.131643 0.00289033
0 0.439546 0.042137 0.0518135 0.0836278 0.00127785
