0 0.447333 0.780437 0.076662 0.290848 0.898447
0 0.215024 0.58599 0.0795042 0.271594 0.880692
0 0.302314 0.578993 0.0692229 0.262372 0.880451
0 0.236329 0.151328 0.0546501 0.230131 0.417163
0 0.293355 0.130769 0.0862916 0.230488 0.365619
0 0.0116554 0.396858 0.0223163 0.211448 0.172085
0 0.276571 0.148956 0.070136 0.214091 0.0148557
0 0.310701 0.115798 0.060607 0.227847 0.00920073
0 0.017152 0.411091 0.034304 0.226035 0.00301397
0 0.251271 0.138797 0.0685355 0.22146 0.00173825
0 0.319208 0.0476652 0.0418626 0.0904246 0.00137937
