0 0.264239 0.755536 0.0916686 0.291376 0.897889
0 0.177374 0.749772 0.0793588 0.26151 0.881301
0 0.312805 0.586973 0.0770601 0.284837 0.860728
0 0.246055 0.604541 0.0705885 0.251849 0.793029
0 0.155348 0.554862 0.0624081 0.1347 0.598904
0 0.148453 0.584815 0.07925 0.18829 0.144775
0 0.143735 0.627039 0.0940274 0.261126 0.0278013
0 0.13847 0.557232 0.0942054 0.153901 0.0120237
0 0.293044 0.116581 0.096601 0.233161 0.00475689
0 0.147581 0.532181 0.0757791 0.135504 0.00165156
0 0.571528 0.814762 0.0924855 0.291376 0.00124547
0 0.257702 0.573644 0.0857116 0.222209 0.00101204
