0 0.146468 0.782485 0.104499 0.30083 0.935848
0 0.259192 0.817502 0.0724247 0.267061 0.919491
0 0.100036 0.355597 0.0659547 0.25866 0.908128
0 0.582199 0.951607 0.0684998 0.0967856 0.887808
0 0.465118 0.960242 0.0736263 0.0786211 0.781369
0 0.291535 0.145148 0.0876231 0.20956 0.191179
0 0.235523 0.153265 0.0584332 0.228773 0.190493
0 0.303988 0.118603 0.069828 0.230193 0.0740492
0 0.274057 0.152414 0.0645353 0.197948 0.014489
0 0.253697 0.152399 0.0589468 0.211592 0.0125207
0 0.465774 0.955455 0.0476583 0.0859265 0.0013208
0 0.459658 0.941516 0.0882246 0.0955203 0.001121
