0 0.245401 0.896514 0.112681 0.206201 0.922098
0 0.242942 0.49653 0.085545 0.287767 0.918675
0 0.10201 0.50893 0.0590164 0.257029 0.876909
0 0.041644 0.539886 0.0810814 0.278463 0.876459
0 0.174111 0.446893 0.0723664 0.256564 0.87072
0 0.160321 0.541854 0.0762946 0.258411 0.847876
0 0.0770699 0.358379 0.0890854 0.142723 0.770612
0 0.0774465 0.408626 0.090093 0.2456 0.129711
0 0.171181 0.386784 0.0681882 0.141427 0.0418225
0 0.302288 0.117956 0.0737297 0.234908 0.0327295
0 0.285192 0.134019 0.103174 0.268039 0.0041784
0 0.0815327 0.524222 0.0822443 0.275494 0.00186057
