0 0.417874 0.767486 0.0909378 0.287414 0.932526
0 0.91681 0.588684 0.0936436 0.261412 0.929395
0 0.892469 0.398378 0.089113 0.211779 0.929344
0 0.770177 0.223289 0.092921 0.201344 0.910252
0 0.174408 0.474512 0.0910648 0.268181 0.88604
0 0.0785853 0.764978 0.0726879 0.279089 0.875944
0 0.850578 0.38005 0.0516394 0.223552 0.836739
0 0.759375 0.0319911 0.0485595 0.0628465 0.3693
0 0.229176 0.157232 0.0495909 0.2242 0.0123243
0 0.291087 0.149411 0.0877749 0.205723 0.0110654
0 0.759322 0.0330665 0.0285351 0.044315 0.00235132
0 0.307121 0.118662 0.0681284 0.229997 0.00152596
0 0.646354 0.0156426 0.0770093 0.0312853 0.00119981
0 0.747143 0.0292524 0.0595697 0.0576049 0.00119802
0 0.868934 0.393684 0.0868418 0.220397 0.00111049
