0 0.374713 0.938425 0.0754703 0.121503 0.830193
0 0.2372 0.920691 0.0933822 0.158618 0.814827
0 0.238516 0.151168 0.057283 0.228004 0.301419
0 0.290744 0.145055 0.0846817 0.221239 0.112575
0 0.00822141 0.210289 0.016294 0.229241 0.0808445
0 0.30267 0.119089 0.0694179 0.230638 0.0158509
0 0.0115837 0.199447 0.0231674 0.24165 0.00511706
0 0.272995 0.160327 0.0700913 0.205742 0.0024487
0 0.00663212 0.181339 0.0132642 0.217685 0.00196287
0 0.00593525 0.154125 0.0118705 0.103497 0.00150427
0 0.316969 0.0433449 0.0434061 0.0786543 0.00132685
0 0.0100845 0.232389 0.0201689 0.241169 0.00119643
