0 0.724343 0.289105 0.0879037 0.247579 0.936582
0 0.838798 0.251027 0.0983246 0.246347 0.932344
0 0.378175 0.91873 0.117205 0.161724 0.912612
0 0.0677608 0.217873 0.070743 0.275896 0.840126
0 0.0291534 0.249506 0.0568848 0.246284 0.828579
0 0.963871 0.431457 0.0633654 0.244131 0.752431
0 0.974678 0.456571 0.0503706 0.213713 0.617176
0 0.0408892 0.229702 0.0656062 0.251727 0.00514833
0 0.846052 0.211965 0.0855951 0.167994 0.00403009
0 0.983336 0.460597 0.0305454 0.193457 0.00124688
0 0.571203 0.817345 0.0909435 0.284426 0.00104235
