0 0.746838 0.357729 0.0886029 0.238661 0.910581
0 0.519989 0.105855 0.0916029 0.210735 0.89587
0 0.236678 0.152953 0.0574524 0.228049 0.384859
0 0.289278 0.146268 0.0854644 0.223504 0.320777
0 0.985859 0.681175 0.0282825 0.207295 0.016753
0 0.301099 0.117538 0.0770705 0.226783 0.0165998
0 0.252543 0.160136 0.0696696 0.221259 0.00228683
0 0.315885 0.101478 0.0511763 0.197335 0.00170566
0 0.515698 0.0708257 0.0919115 0.136505 0.00146327
0 0.223424 0.154252 0.049719 0.219273 0.0010594
0 0.277719 0.14829 0.0723152 0.164024 0.00104838
