0 0.240768 0.613337 0.0787101 0.256217 0.915226
0 0.165878 0.604541 0.0726129 0.270732 0.908521
0 0.145438 0.691841 0.0682036 0.260148 0.907751
0 0.0875505 0.711958 0.0667245 0.273173 0.900223
0 0.0245199 0.600045 0.0474397 0.266635 0.891025
0 0.98056 0.695258 0.0378998 0.215266 0.695616
0 0.114341 0.594073 0.0529461 0.19036 0.689966
0 0.231488 0.15491 0.0485839 0.224652 0.405666
0 0.288655 0.143848 0.0817293 0.233116 0.232818
0 0.303296 0.118198 0.0667787 0.233367 0.040242
0 0.121944 0.637521 0.0709911 0.272355 0.0332432
0 0.315111 0.102904 0.0474063 0.200854 0.00468892
0 0.25378 0.151658 0.0673198 0.220266 0.00437579
0 0.273068 0.161379 0.0655169 0.219855 0.00394529
0 0.859305 0.0155165 0.0789509 0.0301849 0.00206021
0 0.318432 0.0553893 0.0416131 0.105858 0.00203227
0 0.984623 0.667717 0.0283171 0.199786 0.00104705
