0 0.245059 0.670077 0.0871779 0.275322 0.935064
0 0.863998 0.285265 0.0880981 0.214279 0.926278
0 0.701746 0.307303 0.0861493 0.235843 0.924392
0 0.612035 0.0944869 0.0973566 0.185354 0.911825
0 0.339794 0.609143 0.0849646 0.285019 0.904551
0 0.59396 0.087408 0.0697618 0.172497 0.0476585
0 0.231672 0.15641 0.0532186 0.223309 0.0269639
0 0.29211 0.148865 0.0894063 0.203469 0.0210846
0 0.578242 0.0834254 0.0397511 0.16508 0.0156373
0 0.0133577 0.589122 0.026198 0.182275 0.00204097
0 0.010344 0.627596 0.020688 0.255239 0.00159705
0 0.304472 0.118471 0.0713809 0.23227 0.00143555
0 0.271424 0.160946 0.0988484 0.21946 0.00137491
