0 0.821217 0.411011 0.0911467 0.228818 0.93216
0 0.132233 0.679014 0.0778527 0.260252 0.930286
0 0.673454 0.2492 0.0862008 0.223228 0.923301
0 0.20134 0.66151 0.0686257 0.263018 0.90748
0 0.431312 0.85847 0.0963385 0.281523 0.865977
0 0.233043 0.153284 0.0512513 0.221115 0.316764
0 0.29194 0.144711 0.0910228 0.234464 0.0654579
0 0.306222 0.117242 0.0693311 0.23124 0.0589161
0 0.250169 0.150936 0.0768954 0.226599 0.0167977
0 0.318143 0.0546365 0.04413 0.103807 0.00348622
0 0.273815 0.149693 0.0715925 0.215329 0.00252714
0 0.3221 0.115605 0.0547547 0.22674 0.00156657
0 0.227434 0.149673 0.0406113 0.164721 0.00143719
