0 0.647604 0.234579 0.0905018 0.233383 0.929912
0 0.917631 0.544548 0.0999287 0.215983 0.800656
0 0.236773 0.151793 0.0571061 0.22512 0.561942
0 0.286456 0.147294 0.0776399 0.212503 0.400851
0 0.89791 0.520635 0.0973167 0.240381 0.178214
0 0.298305 0.118407 0.078544 0.229141 0.0397789
0 0.884582 0.53234 0.0653133 0.214658 0.011412
0 0.911517 0.498478 0.113325 0.164405 0.00354969
0 0.897976 0.548966 0.0709906 0.202145 0.00281069
0 0.313505 0.102773 0.0532855 0.199681 0.00201689
0 0.223613 0.154666 0.0481428 0.218024 0.00187362
0 0.254018 0.160666 0.0650437 0.216497 0.00183941
0 0.463405 0.0621551 0.0752702 0.118588 0.00110453
