0 0.727603 0.29849 0.0900783 0.260661 0.93685
0 0.976474 0.664318 0.0464483 0.278436 0.865451
0 0.026092 0.430021 0.0512067 0.2687 0.853368
0 0.0265422 0.339472 0.0521374 0.234822 0.429621
0 0.271474 0.136295 0.13385 0.247094 0.004374
0 0.0241431 0.298127 0.0478361 0.163346 0.00359075
0 0.021865 0.384533 0.0431148 0.215739 0.00220631
0 0.0107828 0.382344 0.0215656 0.262042 0.0020015
0 0.30257 0.118299 0.0755267 0.233183 0.00177595
0 0.570307 0.814726 0.0846611 0.275751 0.00141022
0 0.0154896 0.418243 0.0309792 0.260419 0.00111096
