0 0.254273 0.545483 0.0890636 0.286036 0.904281
0 0.622931 0.962506 0.0763274 0.0749886 0.858562
0 0.543607 0.966633 0.0708396 0.0657699 0.849842
0 0.42537 0.966247 0.0734582 0.0669653 0.70181
0 0.319438 0.986081 0.0386967 0.0278375 0.101146
0 0.427852 0.968845 0.0476093 0.0623102 0.0115718
0 0.412603 0.955013 0.0992388 0.0899738 0.00653239
0 0.437253 0.953362 0.0908691 0.0917742 0.00510151
0 0.329467 0.981822 0.0601893 0.0363553 0.00484088
0 0.320463 0.989011 0.0274463 0.0219781 0.00298692
0 0.409794 0.971602 0.087352 0.0567961 0.00234977
0 0.320555 0.977836 0.0388753 0.0443283 0.00211002
0 0.438572 0.972807 0.0823789 0.0543854 0.00148736
0 0.319481 0.972035 0.0511832 0.0555865 0.00132543
0 0.422518 0.977621 0.0724165 0.0447579 0.00128486
0 0.320583 0.961879 0.0722395 0.0751598 0.00116498
0 0.564907 0.990204 0.0315149 0.0184977 0.00108241
0 0.55359 0.98669 0.0547546 0.0256538 0.00105219
