0 0.118767 0.362069 0.0724894 0.240122 0.920441
0 0.765891 0.261774 0.0950933 0.202169 0.908965
0 0.25235 0.559318 0.0738376 0.25144 0.891456
0 0.532586 0.900662 0.062585 0.166147 0.811248
0 0.544582 0.970793 0.0662976 0.0576884 0.80535
0 0.634691 0.9762 0.0492998 0.047097 0.787688
0 0.56412 0.880102 0.0529011 0.163316 0.578202
0 0.724948 0.246207 0.0468163 0.215315 0.556713
0 0.304403 0.117098 0.0705843 0.23418 0.0719613
0 0.291268 0.14747 0.0843194 0.222339 0.024958
0 0.634034 0.977186 0.0289719 0.0434905 0.0170606
0 0.73627 0.245077 0.0498266 0.199407 0.0132557
0 0.270519 0.152987 0.0756302 0.20924 0.0104413
0 0.552305 0.871801 0.0574851 0.147756 0.00692175
0 0.577999 0.895347 0.0695745 0.1931 0.00598281
0 0.245249 0.153499 0.0648187 0.222431 0.0042092
0 0.563943 0.863257 0.0424637 0.113957 0.00377875
0 0.728913 0.246861 0.0782289 0.218349 0.00241009
0 0.542697 0.959735 0.081597 0.0805297 0.00202081
0 0.640748 0.967113 0.0615613 0.0591841 0.00151927
0 0.546911 0.972247 0.027674 0.0429583 0.00133996
0 0.556478 0.904559 0.0681813 0.190882 0.00131913
