0 0.92378 0.561432 0.0878809 0.249004 0.914794
0 0.189921 0.392701 0.0743626 0.259965 0.885848
0 0.136716 0.587954 0.0840601 0.27219 0.855774
0 0.111926 0.400916 0.0714439 0.273446 0.842921
0 0.0534419 0.422541 0.0659986 0.295986 0.835801
0 0.703373 0.0773241 0.0716126 0.150148 0.835225
0 0.0190984 0.592196 0.0370773 0.253894 0.742545
0 0.0114943 0.396431 0.0219752 0.186489 0.0535521
0 0.0314188 0.410562 0.0487877 0.25816 0.0353109
0 0.0274423 0.613068 0.047938 0.283122 0.00328206
0 0.0127522 0.629058 0.0234939 0.252422 0.00262801
0 0.0145003 0.440303 0.027766 0.284797 0.00257133
0 0.0189527 0.594623 0.0360382 0.156511 0.00209788
0 0.0319401 0.592095 0.0638801 0.256537 0.00169052
0 0.016981 0.390631 0.033962 0.191128 0.00165646
0 0.0151999 0.55795 0.02908 0.197764 0.00126616
