0 0.816235 0.376312 0.087294 0.22312 0.932077
0 0.693304 0.118224 0.0836969 0.205273 0.909999
0 0.0317555 0.150384 0.0629795 0.243535 0.872302
0 0.234752 0.153334 0.0556513 0.227758 0.285146
0 0.289936 0.145487 0.0882624 0.221566 0.218269
0 0.302425 0.116223 0.0741779 0.223348 0.0157187
0 0.252008 0.151232 0.0688694 0.22158 0.00859396
0 0.98812 0.696838 0.0232634 0.222671 0.00525543
0 0.273405 0.160476 0.0702814 0.214417 0.00407855
0 0.317217 0.0997498 0.046314 0.195479 0.00312769
0 0.318787 0.0496364 0.0414253 0.0944438 0.00310037
