0 0.622092 0.190713 0.0831193 0.227387 0.905786
0 0.223467 0.732474 0.101058 0.292755 0.896576
0 0.890178 0.184632 0.0830343 0.227338 0.896036
0 0.284524 0.53372 0.0695946 0.269943 0.881348
0 0.0786505 0.731891 0.0853484 0.260669 0.851053
0 0.757636 0.361505 0.0829864 0.225546 0.845301
0 0.204706 0.534206 0.0681725 0.282088 0.80064
0 0.797912 0.213066 0.086474 0.101647 0.747242
0 0.06478 0.514625 0.0719714 0.207115 0.69738
0 0.139164 0.550667 0.0599869 0.300141 0.648944
0 0.797357 0.253393 0.0887985 0.19379 0.363532
0 0.642762 0.0757628 0.104692 0.151526 0.230384
0 0.763479 0.406784 0.0796555 0.185904 0.13933
0 0.180992 0.553242 0.0826573 0.307183 0.00528903
0 0.078942 0.525377 0.0706726 0.238063 0.00232177
0 0.639957 0.0450201 0.0912389 0.0841556 0.00175892
0 0.0515455 0.535257 0.0844784 0.240004 0.00136085
