0 0.669442 0.196515 0.0852989 0.212098 0.929784
0 0.865421 0.51049 0.0806261 0.213623 0.871307
0 0.232245 0.153263 0.0491306 0.224081 0.541
0 0.285059 0.150221 0.0793423 0.209446 0.142487
0 0.00735866 0.0848157 0.0143856 0.164769 0.0114813
0 0.253961 0.150329 0.0682386 0.214581 0.00688353
0 0.00793939 0.0567341 0.0158788 0.104444 0.00446744
0 0.319436 0.0461759 0.0404973 0.0881747 0.00386196
0 0.303787 0.11405 0.0729039 0.219837 0.00311378
0 0.00914687 0.1142 0.0182937 0.21579 0.00112399
0 0.56498 0.0313953 0.0701499 0.0611849 0.00111016
