0 0.709148 0.375749 0.0669907 0.182338 0.906287
0 0.351136 0.615415 0.0749404 0.274093 0.900046
0 0.823088 0.264407 0.0949217 0.173665 0.889092
0 0.311746 0.89741 0.090101 0.202316 0.884684
0 0.235965 0.152079 0.0564121 0.225445 0.518474
0 0.289748 0.14563 0.0819867 0.211504 0.216926
0 0.250259 0.151378 0.0622517 0.219392 0.0285573
0 0.302035 0.116558 0.0719407 0.225481 0.0237867
0 0.271567 0.161326 0.0602284 0.203913 0.00830275
0 0.223641 0.154099 0.0438414 0.214732 0.00336637
0 0.315536 0.0998851 0.0488229 0.194489 0.00307934
0 0.318466 0.0521548 0.0418652 0.0983548 0.00194949
