0 0.501874 0.879985 0.0732458 0.239844 0.927255
0 0.127929 0.525852 0.0968613 0.308429 0.914799
0 0.442205 0.924714 0.101388 0.149708 0.913588
0 0.0470553 0.554318 0.082885 0.212645 0.907006
0 0.0519525 0.724426 0.074417 0.242791 0.901035
0 0.338066 0.971542 0.0449377 0.055186 0.734776
0 0.290393 0.976892 0.0393796 0.0453687 0.583983
0 0.766134 0.991258 0.031352 0.0174844 0.0539738
0 0.507824 0.0876934 0.0800774 0.164849 0.0253168
0 0.670737 0.0426337 0.0875434 0.0798595 0.0189504
0 0.291835 0.966028 0.0449148 0.0632815 0.0176291
0 0.295196 0.982962 0.0370591 0.0336162 0.0170829
0 0.299889 0.976171 0.0352169 0.0475464 0.00750315
0 0.278859 0.976402 0.0495564 0.0460704 0.00732119
0 0.340182 0.972872 0.028866 0.0448593 0.00686123
0 0.327639 0.968632 0.0546183 0.0615911 0.00522322
0 0.766133 0.986531 0.03956 0.0269378 0.00465857
0 0.344221 0.961808 0.048779 0.0727423 0.00351878
0 0.348475 0.973166 0.0432653 0.053668 0.00334471
0 0.85883 0.0147797 0.0727079 0.028402 0.00170198
0 0.281586 0.97857 0.0272176 0.0420854 0.00154875
0 0.645785 0.0458892 0.0381054 0.0866889 0.00154048
0 0.290252 0.969288 0.0277075 0.0432323 0.00133349
