0 0.765469 0.285313 0.0900542 0.195135 0.934187
0 0.974172 0.583162 0.0503101 0.229362 0.870454
0 0.241094 0.932914 0.0758577 0.133624 0.830887
0 0.32935 0.91054 0.0711627 0.178919 0.772748
0 0.0176398 0.266721 0.0341424 0.229439 0.735896
0 0.237841 0.152431 0.0608526 0.225611 0.134678
0 0.0270501 0.271646 0.050841 0.245057 0.0250668
0 0.304415 0.118589 0.0710559 0.230164 0.0238349
0 0.28802 0.147899 0.0844308 0.209396 0.0101
0 0.353189 0.910036 0.115959 0.179597 0.00947595
0 0.269648 0.160811 0.0971386 0.218529 0.00111367
