0 0.912916 0.283474 0.090929 0.249245 0.928452
0 0.723542 0.189105 0.0892589 0.194804 0.922731
0 0.667441 0.265152 0.0843846 0.204917 0.90462
0 0.168994 0.8793 0.0724871 0.240864 0.883767
0 0.224794 0.849168 0.082296 0.301663 0.878773
0 0.477677 0.951832 0.0936971 0.0963361 0.625175
0 0.503071 0.904074 0.115753 0.191852 0.468777
0 0.482082 0.880452 0.0789248 0.158759 0.401114
0 0.519251 0.926269 0.0841841 0.146735 0.132362
0 0.502852 0.945859 0.117191 0.106598 0.0862173
0 0.529123 0.938327 0.0601553 0.12054 0.0195659
0 0.474719 0.967435 0.0886182 0.0651293 0.0055518
0 0.467034 0.9054 0.100212 0.177108 0.00309569
0 0.478886 0.955723 0.0480708 0.0885457 0.00285479
0 0.98996 0.653741 0.0200796 0.278492 0.00231487
0 0.526518 0.908119 0.114067 0.162176 0.00195892
0 0.450052 0.958804 0.134729 0.0823919 0.0014377
0 0.460304 0.939249 0.117087 0.116846 0.00138727
0 0.500854 0.87586 0.0843343 0.155879 0.00125836
0 0.482363 0.844258 0.0785828 0.119822 0.00111919
