0 0.552889 0.93382 0.0733543 0.132149 0.893571
0 0.47981 0.931859 0.0764535 0.136283 0.891651
0 0.741139 0.180951 0.099089 0.220273 0.878955
0 0.698395 0.116945 0.0348044 0.0846301 0.228228
0 0.290983 0.143714 0.0884391 0.22828 0.20984
0 0.235878 0.153344 0.0500786 0.223875 0.0855604
0 0.304172 0.118486 0.0685548 0.221457 0.0273834
0 0.274188 0.151121 0.0650769 0.207724 0.0157998
0 0.252939 0.150761 0.0616297 0.216217 0.0122367
0 0.367347 0.949263 0.0454042 0.101475 0.00460717
0 0.718566 0.113474 0.0651407 0.0831028 0.00429819
0 0.738986 0.0974517 0.0640041 0.051283 0.00282794
0 0.738226 0.132862 0.0890006 0.123672 0.00159278
0 0.698151 0.115898 0.0275754 0.0450123 0.00151009
0 0.597311 0.0162435 0.0719821 0.0324869 0.00117621
0 0.703385 0.133426 0.0428519 0.124078 0.00109603
