0 0.525656 0.898073 0.100491 0.20344 0.940333
0 0.230657 0.692897 0.0765027 0.31056 0.920174
0 0.389544 0.733851 0.097446 0.26846 0.906156
0 0.139947 0.877652 0.0799645 0.24089 0.897848
0 0.167432 0.730402 0.090556 0.260553 0.874058
0 0.508978 0.0890093 0.0778029 0.172338 0.31084
0 0.528146 0.0910343 0.0538043 0.175708 0.0287494
0 0.670345 0.0428231 0.087273 0.0790247 0.00472635
0 0.645544 0.0463303 0.0383945 0.0888164 0.0011431
0 0.486397 0.0972855 0.112941 0.180006 0.00107609
0 0.54324 0.0749786 0.0977407 0.142836 0.00104271
