0 0.332983 0.713038 0.0864152 0.286715 0.911536
0 0.081116 0.366647 0.0872195 0.26828 0.901552
0 0.0200672 0.368623 0.0392111 0.270368 0.862288
0 0.235074 0.155886 0.0562089 0.220446 0.0981869
0 0.291727 0.146081 0.0860116 0.2119 0.0426155
0 0.304906 0.118245 0.069954 0.235095 0.0264488
0 0.0345254 0.368064 0.0629045 0.273344 0.0209225
0 0.0538432 0.368547 0.0925518 0.277541 0.00551827
0 0.315005 0.0994941 0.0510869 0.19499 0.00144069
0 0.270557 0.160627 0.0839298 0.214444 0.00143275
0 0.020035 0.364101 0.037746 0.154638 0.00129109
0 0.317976 0.0559353 0.0444137 0.106389 0.0011319
0 0.0259401 0.368522 0.0518802 0.27255 0.00101632
