0 0.959882 0.288991 0.079167 0.220706 0.926348
0 0.279384 0.788828 0.0882986 0.286797 0.912417
0 0.62178 0.197604 0.0878084 0.232425 0.897193
0 0.340139 0.596561 0.0760777 0.280432 0.89522
0 0.126003 0.791833 0.0793696 0.257352 0.887724
0 0.249132 0.608432 0.0768522 0.287359 0.871429
0 0.10114 0.604286 0.076633 0.227644 0.802793
0 0.182772 0.629781 0.0659302 0.302507 0.7921
0 0.643182 0.0641228 0.0868373 0.126745 0.757044
0 0.471113 0.0547137 0.0794195 0.106639 0.0234712
0 0.174524 0.577331 0.0623479 0.226805 0.00245507
0 0.434213 0.0434899 0.0601004 0.0850424 0.00157533
0 0.436273 0.0527627 0.0859682 0.101593 0.00152426
