0 0.145382 0.438512 0.0899473 0.285114 0.920213
0 0.448691 0.934643 0.0882431 0.130062 0.836624
0 0.295412 0.96233 0.0798669 0.0742269 0.661553
0 0.00988308 0.187151 0.0183813 0.107431 0.022629
0 0.306545 0.949552 0.0943413 0.0989652 0.0153026
0 0.296683 0.119151 0.0872312 0.238301 0.00835518
0 0.29654 0.964512 0.047347 0.0705203 0.00831664
0 0.283202 0.970203 0.0817763 0.0595943 0.00745069
0 0.0139172 0.184033 0.0266243 0.125185 0.00391809
0 0.0096843 0.226536 0.0184765 0.220957 0.00391215
0 0.311545 0.967347 0.0888124 0.065307 0.00380998
0 0.27549 0.952367 0.0981717 0.0936362 0.00304122
0 0.272487 0.135747 0.121171 0.25164 0.0026522
0 0.296692 0.975492 0.0715295 0.0490159 0.00263731
0 0.30221 0.15829 0.0719979 0.18752 0.00144787
0 0.286123 0.959397 0.0475204 0.0796586 0.00135925
