0 0.745895 0.821035 0.0870606 0.326723 0.894498
0 0.0422934 0.695343 0.0691834 0.239431 0.100772
0 0.67986 0.0112827 0.064622 0.0225655 0.0247405
0 0.675914 0.0269026 0.0578291 0.0538053 0.0200382
0 0.672964 0.00789377 0.0556176 0.0157875 0.0102089
0 0.672081 0.0525927 0.0560185 0.10508 0.010003
0 0.688555 0.0161669 0.0657267 0.0319764 0.0099022
0 0.66912 0.0116174 0.0607428 0.0232347 0.00583072
0 0.673053 0.0158477 0.0573375 0.0316743 0.00335132
0 0.699633 0.0114708 0.0729568 0.0229415 0.00308252
0 0.0483415 0.641113 0.0843694 0.338779 0.00289106
0 0.69005 0.00856132 0.0620751 0.0167073 0.00260908
0 0.262514 0.42641 0.0579448 0.181399 0.00208107
0 0.678433 0.0205431 0.0674412 0.0410863 0.00183238
0 0.681243 0.00837514 0.0644237 0.0167503 0.00140973
0 0.0623463 0.693898 0.104449 0.250945 0.00122542
0 0.708786 0.00827019 0.0617012 0.0157192 0.00120261
0 0.672763 0.0108516 0.0277202 0.0215313 0.00112141
0 0.687799 0.0369795 0.0666671 0.0739589 0.00106028
