0 0.580324 0.457768 0.103847 0.317109 0.916873
0 0.699857 0.580821 0.0833374 0.337696 0.89136
0 0.84507 0.588908 0.099814 0.345541 0.872487
0 0.0415743 0.676322 0.0647521 0.275078 0.350129
0 0.676646 0.0374974 0.0580037 0.0740338 0.0281229
0 0.681063 0.011463 0.0641059 0.0229261 0.0253779
0 0.684174 0.0252288 0.0632096 0.0504577 0.0158544
0 0.688835 0.0162604 0.0641457 0.0318887 0.0138995
0 0.673617 0.0169638 0.0558637 0.0339275 0.0103948
0 0.672227 0.0544993 0.0443871 0.108475 0.00850975
0 0.672988 0.00767382 0.0546119 0.0152252 0.00765377
0 0.699699 0.0114088 0.0684574 0.0226607 0.00504661
0 0.66939 0.0117445 0.0597817 0.023489 0.00413463
0 0.690199 0.00868718 0.0586156 0.0167586 0.00393476
0 0.685267 0.0505878 0.0642709 0.101006 0.00238326
0 0.708844 0.00852843 0.0597898 0.0161528 0.00203757
0 0.262749 0.428621 0.0590502 0.177647 0.00164579
0 0.662274 0.0456857 0.0722602 0.0907812 0.00142745
0 0.681834 0.00846133 0.0635961 0.0169227 0.00124795
