0 0.802422 0.838267 0.0873495 0.320514 0.913097
0 0.727824 0.823734 0.0943233 0.341605 0.906541
0 0.0389224 0.703189 0.0582296 0.22549 0.0433692
0 0.684054 0.01145 0.0649731 0.0229 0.0255233
0 0.688105 0.0158673 0.0675092 0.0317345 0.0109568
0 0.673046 0.0081726 0.0561037 0.0163452 0.0101601
0 0.673215 0.0139973 0.0591463 0.0277563 0.00781972
0 0.264478 0.438266 0.0571347 0.164178 0.00401151
0 0.701661 0.011759 0.0649586 0.0228897 0.00391144
0 0.66475 0.0106116 0.0630073 0.0212231 0.00213882
0 0.668016 0.0198014 0.0685794 0.0396029 0.00176536
0 0.679289 0.024955 0.0668645 0.04991 0.00169602
0 0.708765 0.00866046 0.0629642 0.0169312 0.00152344
0 0.681632 0.0083894 0.0652734 0.0167788 0.00147675
0 0.70083 0.018224 0.0694923 0.0364481 0.00129154
0 0.678011 0.0109321 0.0276691 0.0213743 0.00101868
