0 0.428541 0.832301 0.125914 0.309911 0.910952
0 0.760601 0.879001 0.10093 0.241997 0.889353
0 0.24667 0.0629095 0.093267 0.123211 0.850837
0 0.042745 0.699926 0.0666882 0.231257 0.0409451
0 0.684182 0.0118358 0.0667615 0.0236716 0.0342353
0 0.667886 0.011396 0.0615887 0.022792 0.0113862
0 0.264244 0.43187 0.0543355 0.165921 0.00740022
0 0.689612 0.0183756 0.0686138 0.0367512 0.00699027
0 0.701425 0.0118857 0.0646138 0.0231969 0.00521364
0 0.673361 0.0178145 0.062649 0.035629 0.00510196
0 0.678962 0.0260956 0.0693055 0.0521912 0.00364163
0 0.67302 0.00837078 0.0445507 0.0167416 0.00343563
0 0.675763 0.048176 0.0678433 0.096352 0.00227643
0 0.708716 0.00869371 0.0627964 0.0168134 0.00195125
0 0.681762 0.00866064 0.0670659 0.0173213 0.0019428
0 0.684354 0.0087255 0.0457626 0.0172529 0.00125548
0 0.690615 0.0163354 0.0452946 0.0320842 0.00117364
0 0.677981 0.0113901 0.0276638 0.0223094 0.00105166
