0 0.24747 0.113908 0.0880295 0.225001 0.913044
0 0.713098 0.790292 0.107525 0.335271 0.880392
0 0.927724 0.437556 0.0803003 0.298774 0.841596
0 0.0456139 0.679485 0.0741413 0.269144 0.137379
0 0.680451 0.011166 0.0668237 0.0223319 0.0302777
0 0.677852 0.0163883 0.0629724 0.0327766 0.024948
0 0.67298 0.00825228 0.0575974 0.0164556 0.0105696
0 0.669332 0.0116652 0.0654093 0.0233303 0.0067916
0 0.688886 0.018469 0.0679234 0.0369379 0.00511755
0 0.699398 0.0110539 0.0717775 0.0221078 0.00451214
0 0.678103 0.0272421 0.0668447 0.0544842 0.00339577
0 0.672397 0.0405227 0.0642356 0.0807628 0.00294271
0 0.263139 0.428389 0.0564893 0.177904 0.00277158
0 0.708762 0.00842885 0.0618293 0.0162694 0.00193112
0 0.68151 0.00836827 0.0662975 0.0167365 0.00173434
0 0.672485 0.0557242 0.0438486 0.109584 0.00117442
