0 0.722425 0.577285 0.102798 0.316638 0.914568
0 0.633908 0.582671 0.0842321 0.288985 0.885614
0 0.931173 0.417986 0.0889217 0.314909 0.853961
0 0.78689 0.94156 0.0763945 0.11688 0.843878
0 0.932441 0.518933 0.0412779 0.166188 0.833973
0 0.0431385 0.682397 0.0679162 0.264095 0.237709
0 0.682 0.0115016 0.0666428 0.0230031 0.0301297
0 0.679278 0.0253014 0.0623972 0.0506028 0.027246
0 0.689078 0.0163876 0.0652381 0.0320428 0.0197591
0 0.680075 0.0418012 0.0624502 0.0834854 0.0119807
0 0.674503 0.0168733 0.0584567 0.0337466 0.0105108
0 0.678235 0.0079327 0.0606462 0.015578 0.00852645
0 0.699851 0.0114836 0.0682188 0.022779 0.00776613
0 0.667897 0.0106583 0.0574445 0.0213166 0.00612762
0 0.708771 0.00859162 0.0596924 0.0163539 0.00345376
0 0.676366 0.0552985 0.0451303 0.109468 0.00269843
0 0.264384 0.432466 0.0550497 0.170928 0.00243769
0 0.688562 0.019899 0.0743521 0.0397981 0.00194882
0 0.6794 0.0516515 0.0831023 0.103303 0.00177884
0 0.696128 0.00887424 0.0434485 0.0175466 0.00173032
0 0.682206 0.00852776 0.0669744 0.0170555 0.00156603
0 0.708237 0.0161803 0.063759 0.030784 0.00127297
0 0.929797 0.51933 0.0763733 0.16414 0.00117693
0 0.691067 0.0115422 0.0275516 0.0222361 0.0010009
