0 0.649317 0.344383 0.103643 0.314916 0.920091
0 0.558634 0.351263 0.0861809 0.293628 0.911739
0 0.926575 0.418807 0.076856 0.316395 0.849737
0 0.938538 0.451759 0.0564348 0.309369 0.217883
0 0.678401 0.0165839 0.0654078 0.0331679 0.0534428
0 0.938165 0.503151 0.0498161 0.21114 0.0496746
0 0.684036 0.011899 0.0636642 0.023725 0.0397567
0 0.0430565 0.700962 0.0666436 0.224351 0.0336275
0 0.667616 0.0112442 0.0570025 0.0224885 0.0204714
0 0.700058 0.0115234 0.0660505 0.0226116 0.00905318
0 0.678692 0.0270333 0.0691499 0.0540666 0.00850195
0 0.669288 0.0211035 0.0662591 0.0422069 0.00749925
0 0.67264 0.00848842 0.044131 0.0169768 0.00633936
0 0.677415 0.0452693 0.068414 0.0905387 0.00602817
0 0.265025 0.433394 0.0548111 0.163271 0.00596487
0 0.708924 0.00872649 0.0566654 0.0163934 0.00435231
0 0.687267 0.0193968 0.0743804 0.0387935 0.00288938
0 0.695697 0.0166434 0.0438894 0.0322403 0.00214363
0 0.696207 0.00905747 0.0430658 0.0177618 0.00212677
0 0.681894 0.00857853 0.0649915 0.0171571 0.00207416
0 0.689467 0.0633501 0.0785482 0.1267 0.00169832
0 0.684247 0.00867483 0.0455599 0.0170087 0.00169564
0 0.672544 0.011176 0.0277503 0.0223098 0.00163316
0 0.708746 0.0161772 0.0658703 0.0323543 0.00145018
0 0.660965 0.0164061 0.0631029 0.0324662 0.00139374
0 0.689132 0.0340233 0.0689577 0.0678009 0.00136577
0 0.684259 0.0117193 0.027496 0.0227194 0.00124723
0 0.695807 0.0240189 0.066072 0.0459197 0.00107097
