0 0.614084 0.436308 0.103539 0.322375 0.888306
0 0.76256 0.463794 0.113126 0.341369 0.878921
0 0.0462784 0.678957 0.0790491 0.272374 0.0773172
0 0.679494 0.0131464 0.0695979 0.0262928 0.0297632
0 0.6679 0.0115349 0.0621502 0.0230699 0.0120296
0 0.689487 0.0165484 0.0664017 0.0319676 0.0118322
0 0.678137 0.00878201 0.061106 0.0174195 0.0112282
0 0.699811 0.0123182 0.0735965 0.0246364 0.00512028
0 0.673244 0.0179242 0.0623595 0.0358484 0.00505193
0 0.684114 0.0119377 0.0457611 0.0238754 0.00361964
0 0.679205 0.0253477 0.0694584 0.0506954 0.00348087
0 0.6885 0.0193215 0.0774401 0.0386431 0.00196595
0 0.677487 0.0461916 0.06763 0.0923832 0.00163885
0 0.708707 0.00882745 0.0634346 0.0173053 0.00132087
0 0.672754 0.0113977 0.027671 0.0225906 0.00105352
