0 0.324442 0.116776 0.107762 0.232321 0.887995
0 0.308172 0.298696 0.0948144 0.211218 0.0933282
0 0.68103 0.0105632 0.0661755 0.0211265 0.0385897
0 0.0423004 0.701485 0.0658197 0.227944 0.0329142
0 0.678794 0.0158656 0.0618361 0.0317313 0.0262721
0 0.673136 0.00812341 0.0551451 0.0162468 0.0145554
0 0.689881 0.0145214 0.0670469 0.0287086 0.0140475
0 0.669825 0.0107999 0.0623872 0.0215999 0.00684917
0 0.263622 0.435546 0.0577358 0.165096 0.00633216
0 0.70168 0.0116172 0.0645257 0.0226983 0.00631582
0 0.679195 0.0273807 0.0661495 0.0547614 0.00344672
0 0.677643 0.0479239 0.0615817 0.0958479 0.00310734
0 0.688144 0.0189199 0.0774156 0.0378399 0.00165895
0 0.701255 0.0177782 0.0702632 0.0355564 0.00141354
0 0.672804 0.0104063 0.0277559 0.0207689 0.00129627
0 0.684155 0.0111523 0.0274874 0.0216899 0.00103046
0 0.696235 0.00904802 0.0444136 0.018096 0.00102024
0 0.677772 0.00789691 0.0280263 0.0157938 0.00101117
