0 0.0846136 0.931968 0.0962187 0.136063 0.735669
0 0.0217361 0.890726 0.0417663 0.218548 0.132261
0 0.0439677 0.659618 0.0693225 0.281617 0.0556375
0 0.675693 0.0362507 0.0604321 0.071488 0.00842011
0 0.67061 0.054975 0.0618121 0.109341 0.00725106
0 0.678641 0.0133479 0.0662745 0.0266957 0.0072401
0 0.688798 0.0167395 0.0661112 0.0332403 0.00395909
0 0.672881 0.00743427 0.057881 0.0145366 0.00362526
0 0.667759 0.0108973 0.0608229 0.0217947 0.00281536
0 0.673065 0.0202966 0.0580683 0.0405932 0.00193644
0 0.263017 0.429724 0.06005 0.182964 0.00161013
0 0.0429054 0.897554 0.0858108 0.204891 0.00144983
0 0.65604 0.0611987 0.0839641 0.122397 0.00137928
0 0.699977 0.0115254 0.0737091 0.0230509 0.00124286
0 0.69021 0.00833994 0.0620919 0.0158849 0.00118531
