0 0.795077 0.425758 0.116555 0.341038 0.856892
0 0.181577 0.875225 0.0923843 0.249549 0.103812
0 0.681069 0.0107394 0.0652019 0.0214788 0.065773
0 0.68804 0.0152369 0.0670926 0.0304738 0.0245365
0 0.673158 0.0083224 0.0549339 0.0166448 0.0235841
0 0.263354 0.428276 0.058207 0.178015 0.0165458
0 0.669775 0.0112542 0.0634863 0.0225084 0.0120883
0 0.69535 0.0117049 0.0623123 0.0229452 0.0105999
0 0.673037 0.0151575 0.0590925 0.0302718 0.00614619
0 0.0454493 0.679746 0.0765252 0.266707 0.00553264
0 0.158066 0.861267 0.131271 0.276845 0.00404045
0 0.679287 0.024038 0.06784 0.048076 0.00294387
0 0.708685 0.00860449 0.0610912 0.0168332 0.00284842
0 0.707237 0.0113657 0.0752219 0.0227313 0.00255197
0 0.690199 0.00882536 0.0452281 0.0176507 0.0024777
0 0.677986 0.0108051 0.0279041 0.0213034 0.00206193
0 0.700784 0.0178259 0.0682208 0.0356518 0.00189115
0 0.672534 0.00789307 0.028021 0.0157861 0.00179223
0 0.67185 0.0354573 0.0688455 0.0709146 0.00128816
0 0.69179 0.00815795 0.0703388 0.0163159 0.00125515
0 0.667254 0.0105952 0.0275835 0.0211674 0.00115556
0 0.695792 0.0159972 0.044327 0.0311213 0.00113286
0 0.690507 0.0113485 0.0275583 0.0219944 0.00112803
