0 0.469455 0.0595834 0.108805 0.117663 0.866824
0 0.854815 0.77539 0.0896139 0.331229 0.862294
0 0.562691 0.920011 0.070053 0.15911 0.77516
0 0.68133 0.0122676 0.0664517 0.0245352 0.0448036
0 0.686633 0.0179985 0.0673652 0.0359971 0.0318213
0 0.678199 0.00838371 0.0597677 0.0162623 0.0122266
0 0.699777 0.0116696 0.0696416 0.0233391 0.0102997
0 0.668896 0.0129497 0.0683037 0.0258995 0.00897838
0 0.679503 0.0265196 0.0680411 0.0530392 0.00726103
0 0.0434926 0.662657 0.0752276 0.299992 0.00388646
0 0.708713 0.00856209 0.0601018 0.0167073 0.00337368
0 0.676945 0.043003 0.0656948 0.086006 0.00334768
0 0.262851 0.425781 0.0590428 0.183159 0.00280743
0 0.677929 0.0165355 0.0454803 0.0329364 0.00271574
0 0.668468 0.0113759 0.0442306 0.0227517 0.00262992
0 0.690648 0.0169475 0.0451313 0.0333848 0.00231075
0 0.681823 0.00890033 0.066232 0.0178007 0.00217473
0 0.663304 0.019139 0.070216 0.0382781 0.00215451
0 0.690689 0.00866165 0.0445246 0.0170495 0.00209935
0 0.86651 0.719212 0.104009 0.236304 0.00202156
0 0.695586 0.0241374 0.0700644 0.0464224 0.00149471
0 0.708247 0.0161721 0.0665801 0.0309888 0.00146699
0 0.692095 0.0593377 0.0793957 0.118144 0.00119218
0 0.678037 0.0113762 0.0276903 0.0223099 0.00114775
0 0.690811 0.0115988 0.0274708 0.0225708 0.00109464
