0 0.62925 0.374206 0.114651 0.343656 0.91694
0 0.678267 0.0112977 0.0587398 0.0225955 0.0489634
0 0.0548069 0.681667 0.0922921 0.266305 0.0426945
0 0.687857 0.0149819 0.0658076 0.0299637 0.0155006
0 0.678034 0.00874158 0.0447662 0.0174832 0.00813918
0 0.699094 0.0115208 0.0711317 0.0230416 0.00581105
0 0.665009 0.0105468 0.0603395 0.0210937 0.00496331
0 0.672681 0.01699 0.0604514 0.03398 0.004415
0 0.681528 0.00843906 0.0627855 0.0168781 0.00305428
0 0.667626 0.00789503 0.0436791 0.0157901 0.00217808
0 0.673021 0.0109651 0.0278166 0.0219303 0.0019776
0 0.679496 0.0187318 0.0707444 0.0374637 0.00189288
0 0.708699 0.00852482 0.06093 0.0167761 0.00157812
0 0.264756 0.439147 0.0570545 0.161125 0.0015234
0 0.684002 0.0114461 0.0276352 0.0224255 0.00152306
0 0.677924 0.00831789 0.0281018 0.0166358 0.00148643
0 0.690088 0.00890274 0.0450245 0.0178055 0.00110087
0 0.684791 0.02311 0.0692083 0.0440975 0.00105689
