0 0.802642 0.896842 0.0939186 0.204568 0.894245
0 0.876639 0.907851 0.0776924 0.1841 0.877329
0 0.68065 0.0116918 0.0662001 0.0233837 0.0187966
0 0.0395114 0.679491 0.0631029 0.276747 0.0133059
0 0.686336 0.0172631 0.0659957 0.0345261 0.0101756
0 0.67806 0.00801021 0.0594357 0.0157235 0.0083733
0 0.668658 0.0118356 0.0658678 0.0236713 0.00454471
0 0.699709 0.0118278 0.0722296 0.0236555 0.00349609
0 0.673272 0.0185046 0.0603995 0.0370092 0.00349344
0 0.264613 0.438706 0.0587569 0.166249 0.00265772
0 0.678207 0.0269961 0.0662103 0.0539922 0.002304
0 0.668304 0.0107215 0.0439603 0.0214431 0.00187333
0 0.696075 0.00873847 0.0600055 0.0169534 0.00171926
0 0.673776 0.0493645 0.066567 0.098729 0.00171279
0 0.681545 0.008523 0.0656264 0.017046 0.00110643
