0 0.444105 0.702683 0.0963555 0.33413 0.893217
0 0.302554 0.745012 0.127762 0.337725 0.891384
0 0.0479136 0.664166 0.0842412 0.299145 0.067708
0 0.677969 0.0108211 0.0620059 0.0216422 0.0187836
0 0.676847 0.0172051 0.0616551 0.0344102 0.0123972
0 0.687564 0.0120532 0.0733865 0.0241063 0.0117126
0 0.986516 0.288192 0.0269682 0.290374 0.00839087
0 0.993836 0.427593 0.0116686 0.133883 0.0069862
0 0.66844 0.0112131 0.0664012 0.0224262 0.00412383
0 0.673032 0.0077872 0.0444881 0.0155744 0.00330036
0 0.699788 0.0113977 0.0749837 0.0227953 0.00313998
0 0.994047 0.379177 0.011891 0.141632 0.00313253
0 0.690048 0.0182496 0.0692118 0.0364993 0.00285803
0 0.690197 0.00863539 0.0644155 0.0172575 0.00277315
0 0.994939 0.409176 0.00931892 0.0917545 0.00229846
0 0.670313 0.0560057 0.0628026 0.111318 0.00229589
0 0.986137 0.2337 0.0260204 0.18017 0.00213179
0 0.262789 0.426582 0.0597911 0.184505 0.00201361
0 0.677038 0.0291025 0.0662748 0.058205 0.00176401
0 0.0384538 0.704806 0.069254 0.244554 0.00127791
0 0.708697 0.00838063 0.0637027 0.0167613 0.00124931
0 0.681383 0.00821405 0.0661059 0.0164281 0.00110778
0 0.987483 0.207583 0.0231504 0.110995 0.0010262
