0 0.671988 0.917322 0.0806484 0.159109 0.872368
0 0.26375 0.427016 0.0589958 0.182195 0.0387433
0 0.679939 0.0108706 0.0644789 0.0217412 0.0234848
0 0.0467022 0.66392 0.0831215 0.294012 0.021689
0 0.676277 0.0206996 0.0579271 0.0413992 0.0168819
0 0.67298 0.00769226 0.0550797 0.0153845 0.011875
0 0.689437 0.0153947 0.0652941 0.0305794 0.00869266
0 0.668842 0.0114248 0.0617089 0.0228496 0.00575406
0 0.672114 0.0435591 0.0573915 0.0862674 0.00568811
0 0.699978 0.0112506 0.0734972 0.0225012 0.003747
0 0.690165 0.00835874 0.0621017 0.0166122 0.00362456
0 0.685425 0.0298167 0.067872 0.0596333 0.00178516
0 0.708783 0.00838836 0.0619171 0.0162796 0.0017717
0 0.667798 0.0160465 0.0598684 0.0318161 0.00145342
0 0.681269 0.00822559 0.0643679 0.0164512 0.00142674
0 0.67279 0.0105288 0.0277616 0.0209763 0.00121151
0 0.658887 0.0541572 0.0794757 0.10748 0.00105775
