0 0.463852 0.648959 0.114959 0.322208 0.898162
0 0.398022 0.070611 0.0788632 0.137368 0.878569
0 0.290246 0.0915942 0.0855825 0.180086 0.85623
0 0.0457753 0.66413 0.0800406 0.299515 0.0489799
0 0.680876 0.0119072 0.0676209 0.0238143 0.0243831
0 0.678279 0.0188361 0.0628476 0.0376723 0.0226142
0 0.689384 0.0168471 0.0677441 0.0329551 0.01184
0 0.672977 0.0081353 0.0578603 0.0160965 0.00766777
0 0.668578 0.0123918 0.0674791 0.0247837 0.00597208
0 0.699893 0.0119798 0.0748263 0.0239597 0.00484649
0 0.672413 0.0404632 0.0619235 0.0809264 0.00421118
0 0.690207 0.00879319 0.0638679 0.0175056 0.00391757
0 0.668687 0.0234299 0.0669938 0.0468598 0.00376243
0 0.687092 0.0285115 0.0721631 0.057023 0.00301424
0 0.668274 0.0111711 0.0445001 0.0223422 0.00170092
0 0.708708 0.00861123 0.0630888 0.0169341 0.00161484
0 0.262468 0.425872 0.0586953 0.184469 0.00147831
0 0.0373962 0.703592 0.0648504 0.23418 0.00131156
0 0.672723 0.0555446 0.043148 0.109409 0.00126907
0 0.681588 0.00874314 0.0671332 0.0174863 0.00117209
0 0.673227 0.0162706 0.0448652 0.0324215 0.00103487
