0 0.451032 0.189129 0.101723 0.318105 0.888868
0 0.680466 0.0118796 0.0654902 0.0237593 0.0373423
0 0.686958 0.0163404 0.0670015 0.0326808 0.0199068
0 0.0474312 0.696081 0.0791625 0.236249 0.0196179
0 0.672931 0.00856187 0.0551095 0.0171237 0.0116069
0 0.673179 0.0175587 0.0601394 0.0351012 0.00588364
0 0.699307 0.0120236 0.0731362 0.0240472 0.00559197
0 0.690099 0.00894979 0.062716 0.0177741 0.00495359
0 0.664609 0.0113411 0.0629539 0.0226822 0.00333287
0 0.678627 0.0244672 0.0669511 0.0489344 0.00313431
0 0.262582 0.425379 0.058967 0.185429 0.00265956
0 0.681439 0.00874673 0.0645741 0.0174935 0.00164584
0 0.671813 0.0341172 0.0651042 0.0682344 0.00149019
0 0.672856 0.0113771 0.0277565 0.0226374 0.00135507
0 0.708684 0.00846957 0.0625248 0.0165813 0.00131851
0 0.1519 0.162905 0.104789 0.291734 0.00127969
0 0.683948 0.0117127 0.0275547 0.0228511 0.00110862
