0 0.78544 0.839155 0.097584 0.321691 0.721009
0 0.792403 0.778409 0.0990908 0.236791 0.0506803
0 0.679111 0.0129771 0.0673887 0.0259542 0.0176724
0 0.796044 0.741787 0.0773482 0.180221 0.014535
0 0.809949 0.936852 0.0426565 0.123202 0.00919305
0 0.690026 0.0120316 0.062287 0.023743 0.00845083
0 0.67807 0.00825451 0.0599517 0.0161099 0.0080293
0 0.667838 0.0110525 0.0613139 0.0221051 0.00751892
0 0.689245 0.0189734 0.0672627 0.0379467 0.00469657
0 0.263894 0.430173 0.0605159 0.181665 0.0041786
0 0.673223 0.0184485 0.0601935 0.0368969 0.00343876
0 0.0350812 0.666836 0.0599157 0.267111 0.00336602
0 0.678486 0.0273177 0.0666255 0.0546355 0.0024781
0 0.672066 0.0389034 0.0636688 0.0777928 0.00174927
0 0.80579 0.875263 0.0610648 0.249474 0.00155248
0 0.775774 0.834705 0.077376 0.226858 0.00146687
0 0.708096 0.0114231 0.063905 0.0220387 0.00145924
0 0.681492 0.00859512 0.0659853 0.0171902 0.00106553
