0 0.473614 0.665818 0.101483 0.311105 0.913514
0 0.680917 0.0113461 0.0685994 0.0226922 0.0181065
0 0.67826 0.0168224 0.064274 0.0336448 0.0143405
0 0.673014 0.00779802 0.0580726 0.0155435 0.00682812
0 0.66838 0.0118021 0.068732 0.0236043 0.00421705
0 0.699691 0.0113722 0.072863 0.0227444 0.00407937
0 0.69019 0.0085441 0.0624138 0.0167909 0.00311997
0 0.0476996 0.6764 0.0866871 0.293569 0.00270276
0 0.678359 0.0276539 0.0683824 0.0553078 0.00223029
0 0.671419 0.0394608 0.0662468 0.078633 0.00184863
0 0.708693 0.00849231 0.0620741 0.0163861 0.00162002
0 0.668149 0.0108568 0.0443342 0.0217136 0.00147557
0 0.700466 0.0184525 0.0693045 0.036905 0.00116479
0 0.681734 0.00842861 0.0677694 0.0168572 0.0011331
0 0.688444 0.0192467 0.0769563 0.0384934 0.00106414
0 0.264206 0.439731 0.057552 0.161775 0.0010121
