0 0.877164 0.531244 0.105458 0.311319 0.878731
0 0.880702 0.818932 0.103001 0.29148 0.87058
0 0.841316 0.489992 0.0910948 0.307469 0.807139
0 0.0435888 0.700183 0.0682716 0.228455 0.0646
0 0.681831 0.0111221 0.0672095 0.0222443 0.0268939
0 0.67896 0.0180262 0.0631042 0.0360524 0.0211204
0 0.86033 0.465203 0.0986822 0.273276 0.0163308
0 0.690255 0.015218 0.0672418 0.0299415 0.0133296
0 0.673052 0.00778021 0.0558723 0.0155224 0.00941108
0 0.263264 0.427861 0.058256 0.177108 0.00935061
0 0.699702 0.0115292 0.0737655 0.0230561 0.00755796
0 0.669025 0.01144 0.064713 0.02288 0.00493017
0 0.679293 0.0295327 0.067417 0.0590654 0.00390153
0 0.676274 0.0476954 0.0622846 0.0953907 0.00366901
0 0.708821 0.00872183 0.0636697 0.0165066 0.00222733
0 0.682069 0.00834276 0.0656588 0.0166855 0.00200109
0 0.689549 0.0195105 0.0778865 0.0390209 0.00174578
0 0.684418 0.00835812 0.0455187 0.0162057 0.00134153
0 0.667599 0.0159004 0.0600946 0.0317562 0.00122623
0 0.69618 0.00890452 0.0443392 0.0176686 0.00102996
