0 0.518448 0.532296 0.0997148 0.298198 0.892594
0 0.680447 0.011061 0.0670953 0.022122 0.0328006
0 0.677807 0.0164978 0.0621305 0.0329955 0.0241172
0 0.673085 0.00797949 0.0577025 0.015959 0.0124723
0 0.669301 0.0114307 0.0661858 0.0228614 0.00692631
0 0.689224 0.0185196 0.0678212 0.0370391 0.00557032
0 0.0433515 0.679839 0.0721393 0.275327 0.00475763
0 0.699162 0.0115202 0.0732122 0.0230404 0.00460814
0 0.689977 0.00874658 0.062864 0.0174932 0.00424521
0 0.263308 0.427476 0.0610612 0.185489 0.00366903
0 0.678026 0.0278076 0.0662457 0.0556152 0.00344811
0 0.672357 0.041294 0.0624325 0.0824592 0.00339995
0 0.681444 0.00838541 0.066842 0.0167708 0.0021335
0 0.672488 0.0556926 0.0429687 0.10953 0.00155796
0 0.708679 0.00851044 0.0629169 0.0167483 0.00142867
0 0.0550321 0.652919 0.101873 0.321583 0.00116327
0 0.662901 0.0168163 0.0688825 0.0336326 0.00111489
0 0.690408 0.0161483 0.0450073 0.0315989 0.00103741
0 0.672829 0.0107151 0.0276669 0.0211497 0.00100315
