0 0.757739 0.881159 0.107998 0.237682 0.921051
0 0.368391 0.186268 0.103759 0.3088 0.878382
0 0.0455691 0.665989 0.0782539 0.289125 0.0933917
0 0.684115 0.0118439 0.0655973 0.0236877 0.0368807
0 0.67822 0.00855358 0.0597847 0.0168873 0.0149765
0 0.667961 0.01133 0.0596037 0.0226599 0.0127017
0 0.689677 0.0183008 0.0675598 0.0366017 0.00701229
0 0.701459 0.0121962 0.0650902 0.0238035 0.00556531
0 0.673458 0.0174842 0.0618672 0.0349684 0.00476419
0 0.679697 0.0238101 0.0684167 0.0476203 0.00211031
0 0.708831 0.00873397 0.0629858 0.0167441 0.00174546
0 0.264027 0.429254 0.0564635 0.177553 0.00164064
0 0.667663 0.00748677 0.0435193 0.0149735 0.00152603
0 0.690684 0.0164048 0.0452274 0.0322526 0.00132482
0 0.672855 0.0112026 0.0277052 0.022329 0.00129563
0 0.671863 0.00825059 0.0612908 0.0165012 0.00126491
0 0.684271 0.0116603 0.0274685 0.0227142 0.00110535
