0 0.276523 0.898192 0.113649 0.202542 0.868938
0 0.185932 0.849707 0.0905616 0.287568 0.807609
0 0.0433035 0.675109 0.0701055 0.279022 0.0952417
0 0.680363 0.011543 0.0675965 0.023086 0.0116321
0 0.676113 0.0260121 0.0624422 0.0520241 0.0101999
0 0.668279 0.0554518 0.0676368 0.110244 0.00580705
0 0.688911 0.0163343 0.066091 0.032208 0.0055524
0 0.678038 0.00796085 0.0615399 0.0154117 0.00525506
0 0.673147 0.016203 0.0587409 0.032406 0.00494459
0 0.668108 0.0119599 0.0669641 0.0239198 0.00292667
0 0.679129 0.0407608 0.0616158 0.0815217 0.00243535
0 0.700085 0.0115076 0.0737049 0.0230151 0.00214954
0 0.262453 0.428358 0.059746 0.183843 0.00181787
0 0.708808 0.00853882 0.0632349 0.0163024 0.00106303
