0 0.847995 0.788086 0.108776 0.328848 0.903282
0 0.516907 0.154823 0.11003 0.304049 0.879221
0 0.0437394 0.68139 0.0697914 0.272231 0.22947
0 0.679272 0.0126101 0.0719109 0.0252201 0.0143406
0 0.264259 0.440143 0.0554322 0.157223 0.0119976
0 0.667841 0.0113887 0.0616665 0.0227774 0.00626781
0 0.678098 0.00857401 0.0620896 0.0170774 0.00621332
0 0.689734 0.0151896 0.0683426 0.0298388 0.00618684
0 0.699581 0.0111987 0.0757977 0.0223973 0.00317176
0 0.672596 0.0181238 0.0625613 0.0362475 0.00232926
0 0.684271 0.0113441 0.0453265 0.0226881 0.0017099
0 0.678467 0.0260805 0.0707998 0.052161 0.00159016
0 0.708697 0.00856354 0.0643167 0.0171271 0.00138943
0 0.688665 0.0190918 0.0806374 0.0381835 0.00106808
