0 0.462104 0.520795 0.0959134 0.32454 0.866094
0 0.680798 0.010785 0.0641768 0.0215699 0.0601047
0 0.0431152 0.70097 0.0670257 0.229044 0.0500181
0 0.68753 0.0160833 0.0662203 0.0321666 0.0206545
0 0.673173 0.00826425 0.0542683 0.0165285 0.0197643
0 0.69962 0.0109898 0.0705153 0.0219795 0.0110335
0 0.670112 0.0111698 0.0605193 0.0223397 0.0101279
0 0.673043 0.0153191 0.0571604 0.0306282 0.00666548
0 0.0526753 0.665693 0.08964 0.28544 0.00463932
0 0.708765 0.0086099 0.0599019 0.0171345 0.00418923
0 0.671995 0.0412492 0.0615375 0.0823004 0.00413849
0 0.678398 0.0263399 0.0645222 0.0526798 0.00391763
0 0.264644 0.439054 0.0599441 0.165208 0.00298451
0 0.690144 0.00884587 0.045213 0.0176917 0.00195753
0 0.67297 0.0106935 0.0278502 0.0213871 0.00190145
0 0.672195 0.0554204 0.0432722 0.109048 0.00184418
0 0.677926 0.0080561 0.0281322 0.0161122 0.00152251
0 0.684083 0.0111169 0.0276372 0.021768 0.00151054
0 0.708427 0.015561 0.0644045 0.02967 0.00140178
0 0.689228 0.0334568 0.0668871 0.0669136 0.00114418
0 0.691938 0.00820352 0.0703217 0.016407 0.00102494
