0 0.544024 0.764854 0.142582 0.317645 0.908671
0 0.680377 0.011405 0.0670789 0.0228101 0.0457433
0 0.687294 0.0165891 0.0690373 0.0331782 0.0188326
0 0.673056 0.00863958 0.0565877 0.0172792 0.0147167
0 0.0434887 0.702295 0.0688588 0.231674 0.00959842
0 0.672744 0.017502 0.0611143 0.0350039 0.0066021
0 0.699303 0.0118114 0.0748109 0.0236228 0.00652784
0 0.262498 0.427078 0.0619627 0.184046 0.00582205
0 0.690033 0.00902241 0.0648191 0.0180448 0.00526552
0 0.677874 0.0258336 0.0676826 0.0516672 0.00431336
0 0.673888 0.0497247 0.0666388 0.0994493 0.00320562
0 0.681364 0.00860163 0.0662049 0.0172033 0.00263756
0 0.151071 0.16054 0.1049 0.278766 0.00199731
0 0.708737 0.0086833 0.0630989 0.0170345 0.00173357
0 0.672908 0.0111554 0.0277726 0.0222173 0.00146972
0 0.667002 0.0313098 0.0710299 0.0626197 0.00139874
0 0.683977 0.0114547 0.0275377 0.0223499 0.0011639
0 0.677917 0.00834158 0.0280476 0.0166832 0.0010529
0 0.684297 0.0157731 0.0457969 0.031246 0.00101739
0 0.672653 0.0558825 0.0429462 0.10914 0.00100886
