0 0.472352 0.144853 0.0923934 0.284989 0.882389
0 0.696088 0.933792 0.0893268 0.132415 0.862882
0 0.68094 0.0115223 0.0661907 0.0230446 0.0434527
0 0.688112 0.0159349 0.0680227 0.0318699 0.0222438
0 0.673041 0.00842671 0.0564576 0.0168534 0.0139813
0 0.699561 0.0117112 0.0708908 0.0234224 0.00880304
0 0.690186 0.00897642 0.0617057 0.0179528 0.00640636
0 0.67338 0.0175902 0.061185 0.0351804 0.00600265
0 0.262644 0.427431 0.0582888 0.178839 0.00467008
0 0.0440345 0.70265 0.0708121 0.230273 0.00425951
0 0.664847 0.0109989 0.0637166 0.0219977 0.00381925
0 0.679224 0.0244495 0.0676313 0.048899 0.00317657
0 0.708696 0.0086221 0.0606512 0.0170441 0.00259353
0 0.681574 0.00857623 0.0649488 0.0171525 0.00250915
0 0.678083 0.0112643 0.0277634 0.0221029 0.00151295
0 0.677327 0.0466884 0.0660971 0.0933767 0.00151052
0 0.708269 0.0161933 0.0664837 0.0307353 0.00128705
0 0.672456 0.00793825 0.027951 0.0158765 0.00109138
