0 0.575124 0.528806 0.1014 0.32329 0.904196
0 0.928029 0.437404 0.0807833 0.299463 0.836637
0 0.0452764 0.67412 0.0697964 0.272053 0.255237
0 0.680628 0.0107234 0.0656376 0.0214469 0.037785
0 0.677945 0.0193479 0.0609471 0.0386957 0.0286393
0 0.673002 0.00788776 0.0558228 0.0157755 0.0146144
0 0.689394 0.0151394 0.0668898 0.0299344 0.0140986
0 0.263288 0.43171 0.0578127 0.173112 0.00878953
0 0.669625 0.0113331 0.0627719 0.0226662 0.00703426
0 0.699816 0.0109569 0.0726114 0.0219138 0.00675594
0 0.676628 0.0481917 0.0606634 0.0963833 0.00643937
0 0.0633697 0.664054 0.109664 0.282669 0.00441749
0 0.669323 0.0257581 0.0628975 0.0515162 0.00413842
0 0.686346 0.0296665 0.0707943 0.0593329 0.00342977
0 0.681559 0.00819995 0.0654209 0.0163999 0.00240967
0 0.168743 0.0214534 0.0534566 0.0425277 0.00202373
0 0.66775 0.0160718 0.0589005 0.0321436 0.00177807
0 0.701263 0.0181427 0.0692215 0.0362855 0.00146259
0 0.677888 0.0105858 0.027708 0.0208383 0.00126675
0 0.690262 0.00869661 0.0451514 0.0173932 0.0012451
0 0.672317 0.00743269 0.027969 0.0148654 0.00118847
0 0.70227 0.00881159 0.0438448 0.0176232 0.00101926
