0 0.809897 0.28467 0.119323 0.319742 0.886997
0 0.9204 0.134841 0.0778894 0.264596 0.839894
0 0.965219 0.122185 0.0679012 0.240032 0.708266
0 0.94395 0.130289 0.102662 0.257211 0.187323
0 0.0443334 0.684385 0.0690487 0.255224 0.127041
0 0.969599 0.08226 0.0586786 0.155152 0.00472237
0 0.669487 0.0538028 0.0649134 0.106671 0.00419978
0 0.263204 0.428412 0.0586833 0.179443 0.0037757
0 0.050459 0.637445 0.0869455 0.313264 0.00280381
0 0.678344 0.014647 0.0670822 0.0292939 0.00215429
0 0.683849 0.0290898 0.0659189 0.0581797 0.00144825
0 0.67281 0.0107401 0.0605407 0.0214802 0.00131197
0 0.688743 0.0185073 0.06716 0.0370145 0.00113171
0 0.672941 0.0461985 0.0449457 0.0920069 0.00103807
