0 0.866173 0.565785 0.114865 0.334963 0.912354
0 0.472148 0.82114 0.0776615 0.337915 0.894101
0 0.400364 0.813895 0.112822 0.362978 0.874417
0 0.0846293 0.896705 0.0904794 0.205691 0.842686
0 0.88824 0.905049 0.121852 0.146921 0.761811
0 0.0445477 0.664702 0.0716306 0.264399 0.100597
0 0.680664 0.0110863 0.0662522 0.0221727 0.0132442
0 0.677569 0.0202444 0.0613538 0.0404889 0.0106768
0 0.67285 0.00738922 0.0557012 0.0145141 0.00688492
0 0.689095 0.0158421 0.0651089 0.031187 0.00672797
0 0.262528 0.426033 0.0570004 0.180543 0.00302459
0 0.669697 0.0531553 0.0656239 0.106124 0.00290387
0 0.668813 0.0110479 0.0637388 0.0220957 0.00286198
0 0.690279 0.00836655 0.0604638 0.0156411 0.00266727
0 0.679373 0.0394651 0.0619067 0.0789301 0.00256691
0 0.699804 0.0114607 0.0713252 0.0226932 0.00251249
0 0.668027 0.0102196 0.0432054 0.0204393 0.00195685
0 0.0366123 0.702768 0.0616848 0.221741 0.00166469
0 0.66697 0.0295295 0.0674046 0.0590034 0.00150048
0 0.708908 0.00830565 0.0622851 0.0150741 0.00123452
0 0.681649 0.0081766 0.0656451 0.0163532 0.00107959
