0 0.365426 0.0985125 0.0841634 0.193371 0.875422
0 0.0476674 0.665616 0.0879597 0.30443 0.267252
0 0.680688 0.0110467 0.0668731 0.0220934 0.0233284
0 0.676898 0.0181797 0.0623273 0.0363594 0.0165696
0 0.673068 0.00780589 0.0560061 0.0156118 0.0116192
0 0.690225 0.0154112 0.0667787 0.0303817 0.00995009
0 0.70001 0.0116756 0.0738333 0.0233512 0.0055537
0 0.690231 0.00862132 0.0627313 0.0170236 0.00554625
0 0.668828 0.0114143 0.0647075 0.0228286 0.00535907
0 0.668355 0.0561059 0.0677513 0.111498 0.0035811
0 0.677015 0.029984 0.0669035 0.0599681 0.00288561
0 0.708747 0.00860255 0.0623635 0.0167062 0.00200061
0 0.681545 0.00832813 0.0657225 0.0166563 0.00186384
0 0.688871 0.0191917 0.0775662 0.0383835 0.00123464
0 0.672922 0.0106175 0.0277109 0.0210578 0.00114138
