0 0.423492 0.310205 0.125126 0.361442 0.872337
0 0.684102 0.011452 0.067977 0.022904 0.0223421
0 0.676995 0.0164623 0.0653431 0.0329246 0.0162069
0 0.67298 0.00813994 0.0576323 0.0162799 0.00995567
0 0.668467 0.011618 0.0680794 0.023236 0.00587666
0 0.0466935 0.664683 0.0826717 0.294013 0.00367192
0 0.689963 0.0182951 0.0701791 0.0365901 0.00366581
0 0.67128 0.0528828 0.0692274 0.105766 0.00249868
0 0.70168 0.0118303 0.06777 0.0230726 0.00243877
0 0.677175 0.0277075 0.0699165 0.055415 0.00241194
0 0.681463 0.0084259 0.0681018 0.0168518 0.00164247
0 0.672221 0.0557015 0.0435166 0.10947 0.00127849
0 0.26322 0.429299 0.0607993 0.183201 0.00112341
0 0.708706 0.00861373 0.06578 0.0168534 0.00103771
