0 0.913238 0.591515 0.105534 0.314469 0.887886
0 0.0464591 0.662178 0.0787683 0.286176 0.109016
0 0.680434 0.0112621 0.0677713 0.0225242 0.0185462
0 0.677166 0.0235392 0.0602278 0.0470784 0.0156714
0 0.689136 0.0161535 0.0679492 0.0318262 0.00843972
0 0.673029 0.0078911 0.0578464 0.0157822 0.00778268
0 0.673291 0.0156441 0.0573832 0.0312883 0.007698
0 0.676565 0.0526321 0.0563234 0.105264 0.00583082
0 0.668764 0.0116015 0.0663103 0.023203 0.00400613
0 0.699637 0.0116776 0.0771254 0.0233552 0.00317585
0 0.69008 0.00874871 0.0650982 0.0172855 0.00234379
0 0.681483 0.00842186 0.0680322 0.0168437 0.00118091
0 0.708767 0.00862991 0.0650374 0.0168063 0.00113168
0 0.2646 0.439208 0.0570622 0.161568 0.00112859
0 0.687996 0.0194213 0.0775046 0.0388425 0.00109222
0 0.688292 0.0368838 0.0687613 0.0737676 0.00104863
