0 0.343077 0.109541 0.11833 0.218216 0.888862
0 0.680342 0.0111363 0.0658388 0.0222725 0.0227008
0 0.676734 0.0201429 0.0588626 0.0402859 0.0171716
0 0.67302 0.00780734 0.0562978 0.0156147 0.0104121
0 0.264113 0.433025 0.0552282 0.16488 0.0103822
0 0.689359 0.0156901 0.066005 0.0311401 0.00915096
0 0.672382 0.0556856 0.042945 0.110186 0.00711889
0 0.668987 0.0114228 0.0637954 0.0228456 0.0050369
0 0.0473856 0.665117 0.0839201 0.302451 0.0048397
0 0.690142 0.00859993 0.0631339 0.0169453 0.00384637
0 0.699556 0.0116039 0.0735476 0.0232079 0.00365887
0 0.677092 0.0319018 0.0630691 0.0638036 0.00363795
0 0.681442 0.00836565 0.0652847 0.0167313 0.00164991
0 0.708709 0.00840252 0.0630122 0.0164742 0.0011745
0 0.687873 0.0191843 0.0755754 0.0383686 0.00110405
0 0.667832 0.0161157 0.0607932 0.0320811 0.00105178
0 0.672841 0.0107232 0.0276909 0.0212844 0.00102816
