0 0.401582 0.722658 0.0957993 0.386132 0.857187
0 0.571426 0.758708 0.109073 0.37873 0.854653
0 0.401861 0.633382 0.0884763 0.318187 0.0453119
0 0.680511 0.0107857 0.0672804 0.0215714 0.0232546
0 0.673059 0.00787735 0.0567137 0.0157547 0.011427
0 0.687709 0.0161364 0.0681319 0.0322728 0.00855594
0 0.668877 0.0112558 0.0668583 0.0225116 0.00539534
0 0.690108 0.00857114 0.0632219 0.0171423 0.00467165
0 0.699323 0.0114279 0.0740145 0.0228558 0.00404156
0 0.672763 0.0175813 0.061851 0.0351625 0.0028074
0 0.681502 0.00827485 0.0661121 0.0165497 0.0020086
0 0.0450757 0.702732 0.0729439 0.235619 0.00178089
0 0.678223 0.0257495 0.0678676 0.0514989 0.0017646
0 0.708625 0.00833178 0.064155 0.0166382 0.00120034
0 0.67159 0.039136 0.066673 0.078272 0.00113234
0 0.672857 0.0105341 0.0276155 0.0208436 0.00104055
