0 0.796375 0.734144 0.0995043 0.340032 0.879944
0 0.931628 0.767191 0.125984 0.365705 0.851075
0 0.0442917 0.683083 0.0720161 0.256553 0.08804
0 0.684208 0.0112103 0.065342 0.0224206 0.0198074
0 0.67821 0.0155475 0.0624348 0.031095 0.0140719
0 0.678104 0.0080014 0.0596489 0.0157828 0.0103349
0 0.66783 0.0105716 0.0601212 0.0211432 0.00824445
0 0.701477 0.0115359 0.0633156 0.0223175 0.00400976
0 0.69058 0.0160707 0.060347 0.0312997 0.00382604
0 0.667039 0.0547794 0.0721021 0.109051 0.00203065
0 0.664393 0.0286637 0.0741525 0.0573164 0.00163253
0 0.708762 0.00843706 0.0625823 0.016044 0.00157656
0 0.26286 0.425546 0.0571758 0.180039 0.00137052
0 0.68006 0.0366191 0.0627818 0.0732381 0.00111998
0 0.67231 0.0555723 0.043315 0.109411 0.00103489
0 0.667832 0.00700442 0.0435024 0.0140088 0.00100535
