0 0.659179 0.721216 0.0935939 0.310674 0.909614
0 0.892143 0.442458 0.0748325 0.334791 0.892941
0 0.680865 0.0110836 0.0667504 0.0221673 0.0233561
0 0.0442261 0.701529 0.070091 0.225332 0.0189738
0 0.686577 0.0167442 0.067751 0.0334884 0.0104236
0 0.67306 0.00798119 0.0565297 0.0159624 0.00784477
0 0.66944 0.0113051 0.0638583 0.0226101 0.00453398
0 0.699314 0.0112627 0.0728849 0.0225254 0.00451597
0 0.690178 0.00870641 0.0627245 0.0174081 0.00412567
0 0.673525 0.0184651 0.0595104 0.0369302 0.00336007
0 0.26283 0.426244 0.0610553 0.185014 0.00288939
0 0.678944 0.0261906 0.0662799 0.0523812 0.00215174
0 0.708653 0.00849977 0.0625709 0.0164677 0.00167681
0 0.672971 0.0369134 0.0607904 0.07344 0.0016017
0 0.681674 0.00833025 0.0664199 0.0166605 0.00132339
0 0.700525 0.0182609 0.0692314 0.0365219 0.0011481
