0 0.649991 0.572013 0.0962672 0.319197 0.900215
0 0.0480611 0.663922 0.083523 0.292427 0.0420997
0 0.679923 0.0105434 0.0627794 0.0210867 0.0335264
0 0.676685 0.0176881 0.0574781 0.0353763 0.0222768
0 0.689328 0.0147068 0.0643964 0.029344 0.0106229
0 0.673139 0.00790146 0.0440281 0.0158029 0.00748219
0 0.669506 0.0109306 0.0589749 0.0218612 0.00736503
0 0.262583 0.42776 0.0580646 0.179205 0.00522902
0 0.699499 0.0110837 0.0713453 0.0221675 0.00461288
0 0.672451 0.0435829 0.0581447 0.0863884 0.00449181
0 0.690006 0.00848347 0.0607182 0.0169404 0.00447035
0 0.676982 0.0297275 0.0618182 0.059455 0.00345306
0 0.68129 0.00811478 0.0622295 0.0162296 0.00229904
0 0.0376852 0.704192 0.0651937 0.233595 0.00200448
0 0.708767 0.00829505 0.0606213 0.0159322 0.00188792
0 0.672892 0.0104161 0.0277791 0.0208322 0.00170955
0 0.662724 0.0158623 0.0640378 0.0317246 0.00112039
0 0.686811 0.0187583 0.0725396 0.0375166 0.00110407
0 0.683903 0.0108378 0.0275745 0.0212582 0.00108386
0 0.701197 0.0181523 0.0682871 0.0363046 0.00105409
