0 0.806673 0.774914 0.126536 0.296071 0.89767
0 0.684093 0.0113849 0.0652122 0.0227698 0.0228004
0 0.672992 0.00802327 0.0548541 0.0160465 0.00975913
0 0.263079 0.427538 0.0593479 0.18041 0.00911888
0 0.0471096 0.662919 0.0836917 0.295197 0.00712745
0 0.672547 0.0137204 0.058044 0.0271958 0.00621082
0 0.690409 0.0160511 0.0637269 0.0313622 0.00341124
0 0.701536 0.0118605 0.0654075 0.0232304 0.00199267
0 0.666564 0.0211812 0.0686676 0.0423625 0.00129633
0 0.681452 0.00836121 0.0638551 0.0167224 0.00118299
0 0.672872 0.0106498 0.0276443 0.021217 0.00108798
