0 0.913921 0.438328 0.0862551 0.319098 0.898357
0 0.684234 0.0116305 0.0671542 0.023261 0.0314452
0 0.66777 0.0111345 0.0620277 0.022269 0.012486
0 0.690568 0.0181258 0.0704877 0.0362515 0.00520529
0 0.701743 0.0120201 0.0665341 0.0235677 0.00506348
0 0.0464963 0.662842 0.0816043 0.294859 0.00469175
0 0.673063 0.00841817 0.0444648 0.0168363 0.00412689
0 0.672597 0.0174341 0.0626744 0.0348682 0.00356709
0 0.678949 0.0243034 0.071183 0.0486067 0.00208464
0 0.7087 0.00876857 0.0640577 0.0175271 0.00194929
0 0.681671 0.00848906 0.0672221 0.0169781 0.00177656
0 0.684194 0.00869988 0.0456482 0.0173998 0.00135515
0 0.264003 0.43106 0.0571909 0.17439 0.0013481
0 0.672828 0.01097 0.0276701 0.0218241 0.00117121
