0 0.399903 0.215213 0.0938856 0.306848 0.874799
0 0.0436463 0.700131 0.0690812 0.237123 0.069843
0 0.679799 0.010676 0.0653694 0.0213519 0.0151465
0 0.0498961 0.641865 0.0847532 0.342822 0.0126538
0 0.675501 0.0264781 0.0572156 0.0529563 0.0109108
0 0.672946 0.00735852 0.056045 0.014717 0.00962776
0 0.672169 0.0548498 0.0428773 0.108828 0.00748962
0 0.672773 0.0149713 0.0543561 0.0299426 0.00605111
0 0.68916 0.0149039 0.0657202 0.0298079 0.00576127
0 0.668517 0.0112982 0.0627839 0.0225965 0.00346679
0 0.690213 0.00815951 0.0612938 0.0158667 0.00287276
0 0.665673 0.038403 0.0657555 0.0745018 0.00263505
0 0.699852 0.0109073 0.0725731 0.0218146 0.0024258
0 0.657478 0.0560133 0.0818411 0.111108 0.00192007
0 0.708749 0.00807948 0.061764 0.0155222 0.00131846
0 0.681321 0.00806398 0.0651872 0.016128 0.00113519
