0 0.392508 0.835413 0.0943659 0.329175 0.889272
0 0.286355 0.791053 0.100485 0.349739 0.829429
0 0.684434 0.0117365 0.0681901 0.0234731 0.0174197
0 0.680317 0.0163321 0.0669199 0.0326642 0.0144503
0 0.678219 0.00812633 0.0615156 0.0159572 0.00737984
0 0.667811 0.0109294 0.0625648 0.0218587 0.0049075
0 0.695967 0.0169466 0.0680184 0.0327932 0.00484958
0 0.0468867 0.70469 0.0792289 0.235595 0.00275076
0 0.708065 0.0120378 0.0666467 0.0234549 0.00251527
0 0.296373 0.715641 0.0904313 0.215379 0.00233229
0 0.680714 0.0264581 0.0712503 0.0529161 0.00216545
0 0.696146 0.00910011 0.0652136 0.0180872 0.00195646
0 0.690779 0.0197325 0.0804711 0.039465 0.00136974
0 0.667922 0.0209452 0.0715953 0.0418903 0.00129838
0 0.262546 0.425832 0.0569355 0.182843 0.00129079
0 0.678262 0.0493009 0.0677909 0.0986018 0.00120039
