0 0.455421 0.396696 0.0860117 0.32308 0.894791
0 0.523493 0.369005 0.0802772 0.32926 0.89274
0 0.926939 0.420548 0.0750958 0.316073 0.854306
0 0.039215 0.700895 0.0594898 0.217481 0.537741
0 0.933157 0.513775 0.041733 0.175538 0.368704
0 0.681934 0.0113505 0.0656647 0.0227009 0.035193
0 0.678579 0.0266463 0.0605536 0.0532926 0.0277036
0 0.689481 0.0158354 0.0651754 0.0308803 0.02058
0 0.679551 0.0428961 0.0620765 0.0850633 0.0134017
0 0.674052 0.0168359 0.056979 0.0336717 0.0118469
0 0.7005 0.0112705 0.067746 0.0221125 0.0105621
0 0.673041 0.00764801 0.0556835 0.0151615 0.00833224
0 0.690397 0.0088909 0.0588618 0.0173194 0.00680549
0 0.933487 0.470773 0.0552362 0.280959 0.00645979
0 0.708932 0.00878653 0.0585316 0.0168277 0.00563527
0 0.669517 0.0114926 0.0622152 0.0229852 0.00445801
0 0.672402 0.054888 0.0437865 0.109684 0.00440762
0 0.263266 0.430578 0.058186 0.175728 0.00407661
0 0.70834 0.015795 0.0627912 0.0300485 0.00266866
0 0.6682 0.0104334 0.0432446 0.0208669 0.00256823
0 0.67756 0.0517212 0.0833447 0.103442 0.00200712
0 0.688972 0.0199309 0.0741289 0.0398618 0.0019944
0 0.682413 0.00841718 0.0653801 0.0168344 0.0016053
0 0.476056 0.407914 0.0660283 0.320481 0.00138916
0 0.69106 0.0114949 0.0275628 0.0221956 0.00118074
0 0.659663 0.0544127 0.0799291 0.108373 0.00117424
