0 0.759348 0.879442 0.103754 0.241117 0.921831
0 0.225713 0.8893 0.109494 0.2214 0.867909
0 0.31497 0.104306 0.0940571 0.20482 0.850787
0 0.684024 0.0118921 0.0656135 0.0237841 0.0351591
0 0.678287 0.00868853 0.0595211 0.0168575 0.012834
0 0.667922 0.011296 0.0604952 0.0225921 0.0120065
0 0.0446994 0.664708 0.0751587 0.288539 0.00904283
0 0.689756 0.0181505 0.0670146 0.036301 0.00635275
0 0.701483 0.0121231 0.0644517 0.0236346 0.00589002
0 0.263721 0.428195 0.0544349 0.17547 0.00487408
0 0.673471 0.0174138 0.0626931 0.0347207 0.00419715
0 0.708824 0.00870716 0.0627795 0.0166553 0.00195176
0 0.679975 0.0236247 0.0688922 0.0472495 0.00175051
0 0.667565 0.00758789 0.0435539 0.015085 0.00128804
0 0.690776 0.0162224 0.0451301 0.031829 0.00128558
0 0.673008 0.0112554 0.0276614 0.0222848 0.00125095
0 0.671851 0.00825981 0.0615973 0.0165196 0.00121856
0 0.68421 0.0117233 0.0274567 0.0227755 0.0010476
