0 0.644039 0.594341 0.102083 0.337327 0.885142
0 0.0449086 0.681599 0.0739746 0.278234 0.0401268
0 0.684033 0.0110809 0.0647147 0.0221617 0.0237523
0 0.678246 0.0146872 0.0597093 0.0293744 0.0156973
0 0.678117 0.00799412 0.0579066 0.0159324 0.0142753
0 0.667759 0.0104116 0.058754 0.0208232 0.010573
0 0.264118 0.431563 0.0571081 0.170838 0.00403266
0 0.690319 0.0179296 0.0676544 0.0358592 0.00355441
0 0.701641 0.0114823 0.0653069 0.0222472 0.00316734
0 0.667731 0.00704609 0.0433636 0.0140922 0.00173193
0 0.708782 0.00851602 0.0629975 0.0163264 0.0017033
0 0.66767 0.0215317 0.0641123 0.0430634 0.00148416
0 0.671649 0.00780619 0.0593984 0.0156124 0.00138842
0 0.672917 0.0103424 0.0276711 0.0205733 0.00137858
0 0.678625 0.0259761 0.064683 0.0519523 0.00137475
0 0.675551 0.0482971 0.0620939 0.0965943 0.00121772
0 0.677782 0.00750064 0.0279896 0.0150013 0.00102421
