0 0.43642 0.153244 0.0997069 0.288321 0.890403
0 0.0465901 0.665083 0.084031 0.303539 0.0895171
0 0.680439 0.0111672 0.066838 0.0223345 0.023746
0 0.676501 0.0201737 0.0616279 0.0403473 0.0181234
0 0.672914 0.00786807 0.055845 0.0157271 0.0113469
0 0.68991 0.0156342 0.0664957 0.0308044 0.00983561
0 0.668733 0.0115128 0.0640296 0.0230257 0.00567153
0 0.690265 0.00869173 0.0622859 0.0171115 0.00518548
0 0.70003 0.0115782 0.0722614 0.0231563 0.00495038
0 0.673184 0.0531278 0.0645369 0.106256 0.00466556
0 0.676673 0.032036 0.0659315 0.064072 0.00390228
0 0.708738 0.00857577 0.0615208 0.0167817 0.00200207
0 0.681491 0.0083428 0.0653532 0.0166856 0.00177123
0 0.688366 0.0193779 0.0768218 0.0387559 0.00129788
0 0.262456 0.429065 0.0575901 0.179053 0.00122671
0 0.662769 0.0169303 0.0672375 0.0338606 0.00109859
0 0.67274 0.0107526 0.0276937 0.021375 0.00106954
