0 0.953662 0.666143 0.0920692 0.297796 0.901498
0 0.285441 0.80247 0.0911728 0.284027 0.823594
0 0.0466113 0.663722 0.0792472 0.31211 0.048883
0 0.680169 0.0109315 0.0673909 0.0218629 0.0276477
0 0.672946 0.00799179 0.0571219 0.0159836 0.0138206
0 0.687503 0.0158277 0.0683104 0.0316554 0.00961158
0 0.668983 0.0112612 0.0663399 0.0225224 0.00666548
0 0.690052 0.00869916 0.0641437 0.0173983 0.00419048
0 0.699167 0.0115653 0.0745566 0.0231307 0.00384887
0 0.672506 0.0173208 0.0621042 0.0346415 0.00331477
0 0.262956 0.427371 0.0601387 0.181022 0.00218445
0 0.681304 0.00830526 0.0663979 0.0166105 0.00190693
0 0.678264 0.024536 0.0682298 0.049072 0.00162174
0 0.672773 0.0105825 0.0276796 0.0210108 0.00110648
0 0.708588 0.0084496 0.0640561 0.0168992 0.00109628
