0 0.647754 0.559885 0.132158 0.279713 0.789944
0 0.0452604 0.662549 0.079572 0.299467 0.0254281
0 0.672976 0.011038 0.058973 0.022076 0.0188539
0 0.264309 0.435532 0.0561924 0.162828 0.0124939
0 0.686288 0.0120322 0.0725551 0.0240644 0.0116308
0 0.683985 0.00829957 0.0673661 0.0161378 0.00522593
0 0.667421 0.00758262 0.061658 0.0151652 0.00369925
0 0.680255 0.0174262 0.0632649 0.0348525 0.00299549
0 0.699366 0.0114227 0.0754572 0.0228453 0.00209931
0 0.666 0.0208234 0.0701281 0.0416468 0.00180783
0 0.690372 0.011461 0.0449453 0.0228168 0.0012146
0 0.65755 0.51145 0.117256 0.192041 0.00110056
0 0.702405 0.00849754 0.0629777 0.0164475 0.00104162
0 0.672686 0.0107973 0.0276589 0.0213875 0.00100086
