0 0.818095 0.402592 0.0980929 0.296228 0.877298
0 0.0444858 0.682341 0.0716661 0.265027 0.269495
0 0.681534 0.0110287 0.0670014 0.0220574 0.0406363
0 0.688757 0.0157129 0.0690831 0.0314259 0.0198483
0 0.673086 0.00821692 0.0564266 0.0164338 0.0139519
0 0.699196 0.0114882 0.0723415 0.0229764 0.00890377
0 0.669859 0.0112078 0.0650845 0.0224157 0.00680137
0 0.673086 0.015335 0.0583385 0.0306701 0.00520346
0 0.679495 0.0259027 0.0684441 0.0518055 0.00309685
0 0.708601 0.00881732 0.0624783 0.0175908 0.00252306
0 0.67406 0.0490833 0.0685299 0.0981667 0.00216684
0 0.681878 0.00836661 0.0661866 0.0167332 0.00203127
0 0.263167 0.428809 0.0559398 0.178257 0.00173777
0 0.690421 0.0159926 0.0455184 0.03145 0.00168118
0 0.690206 0.00907533 0.0455771 0.0181507 0.00146824
0 0.678057 0.0108313 0.0277448 0.0212317 0.00132321
0 0.708177 0.0159297 0.0660198 0.0305594 0.00124811
0 0.672397 0.00776748 0.0279728 0.015535 0.00109681
