0 0.425359 0.150511 0.129928 0.263463 0.835942
0 0.0565011 0.660571 0.10006 0.311871 0.00954285
0 0.673017 0.0110593 0.0596844 0.0221185 0.00881746
0 0.263816 0.43032 0.0581387 0.1758 0.0064292
0 0.687418 0.0123323 0.0736644 0.0246646 0.00618703
0 0.684053 0.00812705 0.0675797 0.0152596 0.00249384
0 0.0463613 0.701815 0.0805797 0.237878 0.00189388
0 0.68967 0.0187471 0.0679248 0.0374942 0.00165557
0 0.667374 0.00736298 0.0626538 0.0143017 0.00163206
0 0.672341 0.0179336 0.0610281 0.0358672 0.0012552
0 0.699791 0.0116626 0.0755899 0.0233253 0.00113202
