0 0.456845 0.304689 0.10326 0.32961 0.892099
0 0.0478068 0.663898 0.0839942 0.297645 0.0849274
0 0.684255 0.0110229 0.0669252 0.0220458 0.0166569
0 0.677459 0.0185623 0.0613967 0.0371246 0.0109925
0 0.678109 0.00778649 0.0606283 0.0154963 0.00954622
0 0.667777 0.0103047 0.0607476 0.0206095 0.00615176
0 0.263184 0.427055 0.057402 0.177626 0.00340039
0 0.69048 0.0160989 0.0655775 0.0314364 0.00298608
0 0.670308 0.0545144 0.064532 0.108287 0.00271638
0 0.677667 0.0305223 0.0659813 0.0610446 0.00195186
0 0.701616 0.0115594 0.0671249 0.0224604 0.0019438
0 0.708713 0.00824714 0.0645436 0.0160873 0.00112155
