0 0.368213 0.104364 0.0875259 0.204177 0.896855
0 0.673939 0.902084 0.0778008 0.195609 0.871716
0 0.680515 0.0111164 0.0667737 0.0222329 0.0359884
0 0.673096 0.00818233 0.0564744 0.0163647 0.0152496
0 0.687804 0.0158186 0.0682072 0.0316371 0.0135322
0 0.330931 0.298791 0.0526618 0.151632 0.00918808
0 0.695563 0.0120825 0.0656396 0.0236388 0.00569561
0 0.0441284 0.701838 0.0715508 0.229533 0.00527687
0 0.672768 0.01735 0.0623229 0.0347 0.0045091
0 0.664576 0.0105743 0.0651429 0.0211486 0.00368647
0 0.312302 0.30252 0.0889976 0.18145 0.00296287
0 0.681394 0.00839864 0.065763 0.0167973 0.00273648
0 0.264078 0.425167 0.0555805 0.180626 0.00270578
0 0.702393 0.00880432 0.0625048 0.0175389 0.00216957
0 0.678575 0.0243311 0.0683518 0.0486622 0.00205993
0 0.700153 0.018195 0.0706331 0.0363901 0.00171401
0 0.707766 0.0117062 0.0796129 0.0234124 0.00154859
0 0.673009 0.0107239 0.0276909 0.0212299 0.0013998
0 0.677935 0.00796153 0.0280253 0.0159231 0.00115944
0 0.671236 0.0361269 0.069273 0.0722537 0.00109912
0 0.684028 0.0113283 0.0275219 0.0220919 0.00106983
