0 0.667438 0.618569 0.102241 0.351011 0.899314
0 0.680615 0.0110725 0.0659005 0.022145 0.0290347
0 0.678009 0.016488 0.0625215 0.032976 0.0232042
0 0.673033 0.00814732 0.0554712 0.0162946 0.0107496
0 0.669089 0.0115554 0.0644877 0.0231109 0.0065245
0 0.699637 0.0112805 0.0727811 0.022561 0.00535418
0 0.689609 0.0185377 0.0676398 0.0370754 0.0053453
0 0.690108 0.00876314 0.0623328 0.017505 0.00415106
0 0.678302 0.0274184 0.0667114 0.0548368 0.00352889
0 0.672026 0.0396806 0.0634786 0.0793613 0.0031952
0 0.0386386 0.704491 0.0606061 0.234251 0.00272155
0 0.708758 0.00866974 0.0615643 0.0168084 0.00191155
0 0.68154 0.00833929 0.0648799 0.0166786 0.00166236
0 0.26346 0.429384 0.0585109 0.184583 0.00129012
0 0.662947 0.0170994 0.0667563 0.0341989 0.00127547
0 0.672848 0.0107181 0.0276958 0.0213261 0.00113899
