0 0.29819 0.128402 0.106982 0.253786 0.592827
0 0.680248 0.0108392 0.0666725 0.0216785 0.0314397
0 0.673037 0.00814335 0.0564315 0.0162867 0.0140681
0 0.686948 0.016007 0.0666295 0.032014 0.0099234
0 0.264451 0.430538 0.0574143 0.176531 0.00910934
0 0.0451501 0.702205 0.0746242 0.237842 0.00626942
0 0.690016 0.00866379 0.0631636 0.0173276 0.00419678
0 0.699187 0.0114006 0.0730326 0.0228012 0.00389989
0 0.672589 0.0172602 0.0609726 0.0345203 0.00342883
0 0.68137 0.00830971 0.0655845 0.0166194 0.00224683
0 0.677916 0.02554 0.0668548 0.05108 0.00195453
0 0.673589 0.0497921 0.065825 0.0995843 0.00157691
0 0.0554208 0.665298 0.0969066 0.28787 0.00129332
0 0.672812 0.0106789 0.0276856 0.0212501 0.00124233
0 0.7087 0.00836748 0.0630232 0.0164743 0.00116328
0 0.304045 0.192274 0.107787 0.326548 0.00111094
