0 0.53119 0.526743 0.123829 0.319875 0.891058
0 0.680201 0.0110897 0.0651437 0.0221794 0.0328158
0 0.673065 0.00811481 0.0556998 0.0162296 0.0119742
0 0.68602 0.0163692 0.064489 0.0327385 0.0103109
0 0.67292 0.0177344 0.0600815 0.0354688 0.0039063
0 0.699216 0.011433 0.0709971 0.0228659 0.00380273
0 0.690072 0.00866779 0.0616813 0.017273 0.00372389
0 0.263637 0.428391 0.0580052 0.181451 0.00342105
0 0.0417807 0.703524 0.0662537 0.227318 0.00301285
0 0.664764 0.01064 0.0640282 0.0212801 0.00268525
0 0.68132 0.00835577 0.064142 0.0167115 0.00212008
0 0.678192 0.0252647 0.0652033 0.0505295 0.00196082
0 0.671693 0.0369176 0.064953 0.0738352 0.00169021
0 0.677943 0.0109097 0.0277601 0.02136 0.00124544
0 0.708637 0.00844652 0.0613744 0.016537 0.00122439
