0 0.694959 0.720417 0.117329 0.33359 0.888498
0 0.680143 0.0114055 0.0660733 0.0228109 0.0187625
0 0.677059 0.0224992 0.0598554 0.0449983 0.0161785
0 0.6889 0.0166545 0.0658677 0.033002 0.00784127
0 0.673048 0.00783269 0.0577331 0.0156654 0.00726355
0 0.675483 0.0498172 0.0601351 0.0996343 0.00531517
0 0.722958 0.727262 0.105978 0.354541 0.00502112
0 0.668867 0.0118961 0.0657857 0.0237922 0.00413621
0 0.699728 0.0117744 0.0748003 0.0235487 0.00274789
0 0.68522 0.0298611 0.0681083 0.0597222 0.0025074
0 0.690034 0.00868922 0.0641541 0.0173673 0.00201568
0 0.263306 0.428074 0.058694 0.181773 0.00150597
0 0.668282 0.0349336 0.066264 0.0696974 0.00128303
0 0.685645 0.0628985 0.06937 0.124785 0.0012776
0 0.667801 0.0165017 0.0608619 0.0327215 0.00122481
0 0.687716 0.0195089 0.0751566 0.0390178 0.00121601
0 0.681354 0.00845672 0.0660933 0.0169134 0.00107458
