0 0.278758 0.117294 0.10426 0.23123 0.88049
0 0.684019 0.0112665 0.0664248 0.0225331 0.0293431
0 0.677759 0.0150643 0.0627418 0.0301285 0.0202847
0 0.0480615 0.675818 0.0791943 0.287633 0.0158359
0 0.673012 0.00813628 0.0568498 0.0162726 0.0130321
0 0.669158 0.0113855 0.0653007 0.022771 0.00652674
0 0.263327 0.428589 0.0569229 0.17932 0.00475382
0 0.690331 0.015943 0.064585 0.031143 0.00459198
0 0.701589 0.0116591 0.0646719 0.0227679 0.00280446
0 0.666288 0.0234714 0.0695109 0.0469429 0.00234879
0 0.672912 0.0502511 0.06723 0.100502 0.00183217
0 0.68144 0.00833698 0.0660919 0.016674 0.00149502
0 0.708668 0.00857842 0.0625677 0.0168078 0.00147769
0 0.679405 0.019402 0.0721499 0.038804 0.00147659
0 0.680044 0.0363724 0.0640284 0.0727448 0.00131126
0 0.687851 0.026121 0.0721769 0.052242 0.00116812
0 0.672861 0.0106809 0.0277047 0.0211642 0.00114945
