0 0.928507 0.42297 0.0844147 0.315872 0.862413
0 0.929319 0.520887 0.0386679 0.160767 0.824928
0 0.367005 0.268034 0.10344 0.326179 0.701132
0 0.0412279 0.700394 0.0632049 0.220093 0.0771591
0 0.681333 0.0106287 0.0669607 0.0212575 0.0283179
0 0.678496 0.0172661 0.062011 0.0345323 0.0206555
0 0.689679 0.0144183 0.065528 0.0284471 0.0133455
0 0.673063 0.00772176 0.0560325 0.0154435 0.0112371
0 0.69952 0.0107514 0.0698545 0.0214928 0.00680056
0 0.669477 0.0110274 0.0641941 0.0220548 0.00475416
0 0.679634 0.0393807 0.0627078 0.0787614 0.00335757
0 0.708658 0.00843436 0.0598495 0.0164458 0.00323486
0 0.367986 0.201683 0.0982247 0.209679 0.00251641
0 0.671344 0.0517441 0.0622467 0.103421 0.00234552
0 0.669203 0.0240872 0.0640285 0.0481744 0.00223314
0 0.337422 0.260725 0.14522 0.31231 0.00178377
0 0.682128 0.00813189 0.0663077 0.0162638 0.00176098
0 0.687153 0.0276254 0.0706432 0.0552508 0.00175207
0 0.696111 0.00872901 0.0438192 0.017458 0.00164529
0 0.701049 0.0178692 0.0665034 0.0357384 0.0012532
0 0.667691 0.0156747 0.0588649 0.0313487 0.00114971
0 0.688049 0.0187612 0.0754748 0.0375224 0.00107053
0 0.928128 0.520571 0.0756182 0.157789 0.0010358
