0 0.402589 0.842948 0.119629 0.31219 0.894562
0 0.652851 0.50981 0.106084 0.351978 0.894259
0 0.681204 0.0106884 0.0643774 0.0213769 0.0373375
0 0.678786 0.0158621 0.0593818 0.0317243 0.0267511
0 0.689578 0.0145362 0.0636557 0.0284843 0.0152746
0 0.0430338 0.70208 0.0672564 0.227771 0.0147194
0 0.673164 0.00796342 0.0546083 0.0159268 0.013663
0 0.699659 0.0108853 0.0681911 0.0217706 0.00753281
0 0.669919 0.0109936 0.0607332 0.0219872 0.00618732
0 0.264297 0.43316 0.0549388 0.168344 0.00373842
0 0.708699 0.00863347 0.0588086 0.0170206 0.00363755
0 0.679842 0.0377924 0.0604933 0.0755847 0.00331929
0 0.669686 0.0224486 0.0612296 0.0448972 0.00253216
0 0.687092 0.0271409 0.0682999 0.0542819 0.00206687
0 0.690438 0.0087645 0.0450131 0.017529 0.00203345
0 0.68198 0.00820581 0.0639647 0.0164116 0.00195578
0 0.67227 0.0512954 0.0584682 0.102589 0.00169624
0 0.701239 0.0178025 0.0646676 0.0356049 0.00132882
0 0.687742 0.0187269 0.0731179 0.0374539 0.00130211
0 0.672881 0.0104225 0.0277764 0.0207222 0.00124602
0 0.684318 0.0109425 0.0275459 0.0213567 0.00117087
0 0.677908 0.0078088 0.0280309 0.0156176 0.00114651
