0 0.42773 0.120351 0.0971752 0.2336 0.864928
0 0.684232 0.0115322 0.0665282 0.0230645 0.0269524
0 0.673062 0.00804763 0.0572171 0.0160953 0.010821
0 0.673036 0.0140419 0.060764 0.0278008 0.00765209
0 0.689905 0.0181438 0.0684107 0.0362875 0.00432698
0 0.701513 0.0118841 0.0656573 0.0231748 0.00320161
0 0.264698 0.436585 0.0545318 0.163599 0.00254576
0 0.664484 0.0106011 0.0655351 0.0212023 0.00240647
0 0.0464019 0.66418 0.0810874 0.282026 0.00200713
0 0.665602 0.0241076 0.073974 0.0482152 0.00166212
0 0.708716 0.00867144 0.0641556 0.0168694 0.00140198
0 0.680022 0.0191631 0.0730776 0.0383263 0.00133535
0 0.681639 0.00843171 0.0676597 0.0168634 0.00113117
0 0.690741 0.0160056 0.0451013 0.0313334 0.00112929
0 0.680559 0.032893 0.0653406 0.0657859 0.00101321
