0 0.419953 0.77909 0.126943 0.364238 0.874546
0 0.0461076 0.66413 0.0785766 0.28335 0.123037
0 0.680382 0.011019 0.0635542 0.0220381 0.0228365
0 0.676189 0.0340518 0.057255 0.0674925 0.0195163
0 0.67217 0.0553851 0.0436797 0.110046 0.0125151
0 0.688768 0.0162227 0.0649405 0.0320181 0.0106146
0 0.68407 0.0235667 0.0632171 0.0471335 0.0105844
0 0.673123 0.00730423 0.0546206 0.0146085 0.00953
0 0.673371 0.0165075 0.0544872 0.033015 0.00911243
0 0.669115 0.0114452 0.0601924 0.0228903 0.00397002
0 0.700032 0.0113511 0.0705428 0.0227021 0.00356177
0 0.690088 0.00843883 0.0601174 0.0165327 0.00294442
0 0.66139 0.0556717 0.0736071 0.110265 0.00229682
0 0.70876 0.00844306 0.0597672 0.016331 0.00175787
0 0.685316 0.0518905 0.0634792 0.103781 0.0014276
0 0.681433 0.00824702 0.0635382 0.016494 0.00128463
