0 0.835868 0.667035 0.102677 0.287367 0.84891
0 0.684204 0.0113997 0.0652512 0.0227889 0.0172457
0 0.678841 0.0151953 0.061801 0.0303906 0.0112324
0 0.673023 0.00755869 0.0558026 0.0151174 0.00786381
0 0.690489 0.0163066 0.0627562 0.031829 0.00483456
0 0.056178 0.661761 0.100531 0.310217 0.00414584
0 0.669101 0.0110997 0.0646154 0.0221993 0.00308641
0 0.699741 0.0120804 0.0721448 0.0241608 0.00283508
0 0.702289 0.00863921 0.0617765 0.0168399 0.00161495
0 0.263169 0.427661 0.0593475 0.177967 0.00116771
0 0.679141 0.0258843 0.0662903 0.0517687 0.00108261
