0 0.440776 0.129423 0.107483 0.254337 0.883728
0 0.496153 0.108996 0.0840131 0.212636 0.800301
0 0.528666 0.0942921 0.0824092 0.184143 0.7798
0 0.043707 0.663256 0.0723421 0.28277 0.0985374
0 0.672025 0.0510777 0.0445169 0.0996076 0.0164929
0 0.264861 0.436943 0.0543228 0.161737 0.00910235
0 0.470478 0.11567 0.123837 0.226716 0.00276967
0 0.683312 0.0313459 0.0656176 0.0625339 0.00225631
0 0.67817 0.0165942 0.0647857 0.0331885 0.00204011
0 0.659027 0.0550903 0.0752375 0.107995 0.0017186
0 0.691385 0.0139462 0.0766767 0.0278924 0.00170694
0 0.67273 0.0249288 0.0523677 0.0493094 0.00116192
0 0.691023 0.0113104 0.0614436 0.0218934 0.00112385
