0 0.498397 0.868275 0.086645 0.262039 0.886634
0 0.046049 0.66339 0.0775497 0.297773 0.0417136
0 0.680328 0.0116202 0.0660878 0.0232404 0.0253516
0 0.677472 0.0203123 0.061075 0.0406245 0.0227222
0 0.688892 0.0169281 0.066808 0.0329996 0.0116113
0 0.672976 0.00808526 0.0564439 0.0161126 0.00844455
0 0.672697 0.0410365 0.0609473 0.0814231 0.00694135
0 0.669172 0.0118892 0.0635889 0.0237784 0.00602235
0 0.668851 0.0264954 0.0638962 0.0529908 0.00448484
0 0.685059 0.0297942 0.0689329 0.0595884 0.00393919
0 0.699883 0.0117642 0.0732779 0.0235284 0.00380041
0 0.262796 0.429665 0.0591205 0.179888 0.00359979
0 0.690085 0.00880059 0.0629127 0.0173618 0.00270871
0 0.0380659 0.70448 0.0633093 0.238722 0.00228796
0 0.0621512 0.693581 0.101973 0.257346 0.00147057
0 0.708726 0.0085749 0.061878 0.0165074 0.00139609
0 0.673173 0.0159445 0.0448582 0.0318891 0.00136261
0 0.675887 0.0520931 0.085752 0.104186 0.00121904
0 0.672548 0.0555326 0.0441125 0.109095 0.00108321
0 0.681415 0.00857214 0.0662058 0.0171443 0.00105115
