0 0.193303 0.816333 0.0853514 0.353732 0.821709
0 0.290553 0.86328 0.14151 0.270706 0.776362
0 0.048979 0.661958 0.0913598 0.304969 0.0399412
0 0.684029 0.0109759 0.0649181 0.0219518 0.0160596
0 0.678742 0.0145391 0.0599508 0.0290781 0.0100144
0 0.678104 0.00774641 0.0586803 0.015405 0.00990356
0 0.667806 0.0102612 0.0595307 0.0205225 0.00667844
0 0.263492 0.428373 0.0579981 0.180719 0.00299573
0 0.690143 0.0182502 0.0666646 0.0365003 0.00254635
0 0.699603 0.0115269 0.0727624 0.0230538 0.00245814
0 0.667873 0.00680334 0.0433052 0.0136067 0.00105018
0 0.672951 0.0102277 0.0276525 0.0202904 0.0010292
0 0.67174 0.00780067 0.0602533 0.0156013 0.00101065
