0 0.331414 0.111521 0.0988126 0.219601 0.877705
0 0.92877 0.436556 0.080797 0.297071 0.845453
0 0.0444165 0.696096 0.0684283 0.22053 0.342272
0 0.68095 0.0108173 0.0646763 0.0216346 0.0349841
0 0.677666 0.0190147 0.0606995 0.0380293 0.0242815
0 0.689492 0.0149916 0.0639921 0.0294765 0.0155424
0 0.672959 0.00779921 0.0545834 0.0155312 0.0125464
0 0.264166 0.438279 0.0548041 0.161594 0.0107179
0 0.70142 0.011198 0.0595542 0.0218699 0.00829787
0 0.669625 0.0112101 0.0613541 0.0224202 0.00575207
0 0.679305 0.0394246 0.0620609 0.0788492 0.00539962
0 0.670641 0.0541403 0.0633307 0.108281 0.00483945
0 0.668621 0.0268636 0.0630692 0.0537271 0.00329515
0 0.686444 0.0284932 0.0687691 0.0569865 0.00269957
0 0.681764 0.00814844 0.0637823 0.0162969 0.0021075
0 0.684503 0.00834953 0.0450914 0.0163225 0.00206546
0 0.696196 0.00880972 0.0436259 0.0176194 0.00189267
0 0.667732 0.0161093 0.0586215 0.0321883 0.0017205
0 0.701172 0.0181187 0.0644088 0.0362373 0.00147717
0 0.0483585 0.637898 0.0806215 0.312459 0.00121021
0 0.714277 0.010643 0.05573 0.0202318 0.00113738
0 0.6723 0.00733463 0.0279302 0.0146693 0.00113462
0 0.684452 0.0109715 0.0275558 0.0214318 0.00112544
0 0.684967 0.0592833 0.0699819 0.118106 0.00102699
0 0.061284 0.680875 0.0981773 0.256155 0.00100983
