0 0.645224 0.82547 0.0906592 0.32806 0.931575
0 0.684193 0.0115274 0.0682347 0.0230549 0.0136677
0 0.677345 0.0236731 0.0616179 0.0473461 0.00931999
0 0.689766 0.0166422 0.0691925 0.0325488 0.0060983
0 0.678082 0.00794781 0.0620392 0.0152926 0.00563867
0 0.263065 0.427168 0.0592772 0.179559 0.0042603
0 0.673207 0.0158161 0.0582425 0.0316322 0.00424926
0 0.667872 0.0109543 0.0618396 0.0219087 0.00410018
0 0.0478602 0.663001 0.0835543 0.286059 0.00399338
0 0.671008 0.0537166 0.0623995 0.106973 0.00373116
0 0.700231 0.0122775 0.0742687 0.0245549 0.00239346
0 0.666615 0.032547 0.0685078 0.0641213 0.00166394
0 0.702476 0.00884139 0.0643649 0.0170534 0.00135835
