0 0.303446 0.11286 0.103727 0.220855 0.864828
0 0.684085 0.0119669 0.0670292 0.0239339 0.0413808
0 0.0556802 0.673681 0.0976259 0.303554 0.0144442
0 0.667907 0.011422 0.0617683 0.0228439 0.0123543
0 0.689633 0.0183774 0.0703497 0.0367548 0.0081082
0 0.673464 0.0175876 0.0639231 0.0351753 0.00533711
0 0.701517 0.0120845 0.0664439 0.0236993 0.00485584
0 0.264015 0.429128 0.05952 0.178147 0.00389875
0 0.673058 0.00855505 0.0446165 0.0171101 0.00384523
0 0.679739 0.0238743 0.0707668 0.0477486 0.00266111
0 0.708679 0.00871316 0.0641896 0.0174263 0.00183075
0 0.681695 0.00884727 0.0679379 0.0176945 0.001769
0 0.684221 0.00883733 0.0458366 0.0176747 0.00139361
0 0.690416 0.0163886 0.0455741 0.0321727 0.00128154
0 0.678003 0.0115253 0.027746 0.0225164 0.0012525
