0 0.45987 0.759546 0.0825665 0.261944 0.88545
0 0.0557668 0.661231 0.100013 0.313104 0.0981775
0 0.6778 0.010598 0.0611719 0.0211959 0.0121841
0 0.672878 0.00728477 0.0562202 0.0145695 0.00841405
0 0.686866 0.0121941 0.0703817 0.0243881 0.00777062
0 0.676792 0.0169541 0.0612067 0.0339083 0.00775331
0 0.66842 0.0110329 0.0647936 0.0220658 0.00306432
0 0.69047 0.0165054 0.0630686 0.0322126 0.00243788
0 0.262805 0.426908 0.0596556 0.183546 0.00231196
0 0.690143 0.00822824 0.0613382 0.0159138 0.00201381
0 0.667329 0.0553009 0.0698699 0.109727 0.00163113
0 0.699968 0.0117533 0.0722581 0.0235067 0.0015911
0 0.690552 0.0113655 0.0445586 0.0226471 0.00128411
0 0.665377 0.028576 0.0695617 0.0571519 0.00109884
