0 0.101991 0.876516 0.0992621 0.244675 0.856328
0 0.677798 0.0105135 0.060952 0.021027 0.0197982
0 0.67695 0.0155949 0.0592361 0.0311897 0.0129784
0 0.687009 0.0115576 0.0733638 0.0231152 0.0126683
0 0.0466074 0.660987 0.0815057 0.294595 0.00762055
0 0.673164 0.00752049 0.0443149 0.015041 0.00487014
0 0.668919 0.010824 0.0636863 0.021648 0.00472468
0 0.263039 0.429351 0.0594555 0.179662 0.00379901
0 0.690143 0.00822901 0.0647643 0.0163762 0.003675
0 0.699299 0.0111496 0.076224 0.0222991 0.00297026
0 0.690042 0.0180593 0.0683848 0.0361187 0.00255019
0 0.672584 0.0557467 0.0419856 0.109515 0.00239212
0 0.690505 0.0110902 0.0449492 0.0221066 0.00158003
0 0.677291 0.0271684 0.0641431 0.0543367 0.00148023
0 0.672839 0.010295 0.0276892 0.0204319 0.00111648
0 0.672041 0.0418864 0.057401 0.083278 0.00109742
0 0.679033 0.0191089 0.0716934 0.0382178 0.00107429
0 0.708683 0.00815412 0.0646973 0.0159447 0.00106147
