0 0.484001 0.662265 0.101859 0.343051 0.889257
0 0.0437734 0.678375 0.0723627 0.280401 0.202858
0 0.68068 0.0109915 0.0677457 0.021983 0.0374664
0 0.67822 0.0166996 0.0642473 0.0333992 0.0302166
0 0.689415 0.0150043 0.0675465 0.0293471 0.0131509
0 0.673028 0.00830602 0.0574885 0.016612 0.0117458
0 0.669473 0.0115993 0.0661152 0.0231986 0.00743433
0 0.699468 0.0111021 0.0735434 0.0222042 0.00680823
0 0.678568 0.0279005 0.0683133 0.055801 0.00461459
0 0.672516 0.0405224 0.0635028 0.0807748 0.00376673
0 0.708696 0.00867675 0.0619577 0.0172204 0.00261638
0 0.681576 0.00835844 0.0668836 0.0167169 0.0021393
0 0.263424 0.430194 0.0595944 0.179659 0.00179366
0 0.687656 0.019182 0.0778327 0.038364 0.00178473
0 0.673048 0.0156632 0.0448729 0.0312348 0.00147556
0 0.672753 0.0108702 0.0277018 0.0215312 0.00107575
0 0.690253 0.00889995 0.0453084 0.0177999 0.0010642
0 0.688781 0.035386 0.0691807 0.070772 0.00104572
0 0.686581 0.0586619 0.0752466 0.117324 0.00102634
