0 0.799086 0.873072 0.119191 0.252691 0.901538
0 0.0444649 0.695571 0.0710136 0.23549 0.271472
0 0.673012 0.0107176 0.0579514 0.0214352 0.0129351
0 0.688108 0.0122419 0.0734159 0.0244838 0.00936265
0 0.677192 0.0171694 0.061899 0.0343388 0.00865382
0 0.684046 0.00797492 0.0661231 0.0151217 0.00360871
0 0.667419 0.00714991 0.0607231 0.0141683 0.00284979
0 0.690085 0.0187398 0.0675722 0.0374796 0.00261566
0 0.70177 0.0115663 0.0653894 0.0223254 0.00200058
0 0.26334 0.428932 0.0588752 0.18003 0.00181537
0 0.665137 0.0275101 0.070706 0.0550202 0.00142753
0 0.673017 0.0494153 0.0651165 0.0988307 0.00141741
0 0.0613333 0.679619 0.0981224 0.273776 0.00118023
0 0.047507 0.642305 0.0804124 0.315632 0.00107963
0 0.681463 0.00821695 0.066195 0.0164339 0.00100676
