0 0.642251 0.351083 0.0796836 0.300942 0.920119
0 0.927933 0.436772 0.0780685 0.296088 0.847387
0 0.0428197 0.677285 0.0702852 0.284555 0.144421
0 0.680359 0.0101623 0.0649779 0.0203246 0.0243199
0 0.677211 0.0222965 0.0587814 0.0445931 0.0171138
0 0.672994 0.00750403 0.0554108 0.0150081 0.0131462
0 0.689496 0.014604 0.0657524 0.029208 0.00968973
0 0.672777 0.0144893 0.0553377 0.0289785 0.00913634
0 0.673399 0.0436753 0.0567882 0.0864887 0.00564443
0 0.669249 0.0108344 0.062128 0.0216688 0.0048724
0 0.699607 0.0105418 0.0725753 0.0210835 0.00440387
0 0.264413 0.437286 0.054962 0.162532 0.00326665
0 0.685484 0.031633 0.0683393 0.063266 0.00223948
0 0.70872 0.00835276 0.0620699 0.0164146 0.002042
0 0.683279 0.0550183 0.0648579 0.110037 0.00119833
0 0.672322 0.00707014 0.027972 0.0141403 0.00113154
0 0.687502 0.0189949 0.0753817 0.0379899 0.00102148
0 0.690223 0.00827268 0.0451538 0.0165454 0.00101881
