0 0.511 0.614452 0.10207 0.336873 0.870065
0 0.194262 0.921729 0.110672 0.156328 0.85909
0 0.0461458 0.66466 0.0771907 0.292447 0.140658
0 0.679856 0.0114275 0.0670715 0.0228549 0.00949894
0 0.675667 0.0287403 0.0586636 0.0574806 0.00896852
0 0.67241 0.0436478 0.056223 0.0857584 0.00569845
0 0.672838 0.0174562 0.0553686 0.0349123 0.00482631
0 0.689056 0.0166912 0.0682476 0.0332708 0.00472639
0 0.672899 0.00746335 0.0581493 0.0146453 0.00457776
0 0.667919 0.0119036 0.0652127 0.0238071 0.00236045
0 0.261934 0.426995 0.060213 0.185098 0.00214351
0 0.700169 0.0116462 0.0777996 0.0232924 0.00162891
0 0.0377232 0.704488 0.0636462 0.240533 0.00150904
0 0.667895 0.0597278 0.0687615 0.119456 0.00136975
0 0.690229 0.00832048 0.0659784 0.0160204 0.00126164
