0 0.320731 0.834134 0.0886769 0.289316 0.883287
0 0.15613 0.872868 0.113245 0.254263 0.196476
0 0.0466183 0.663028 0.0805853 0.294665 0.074834
0 0.680579 0.0116218 0.0651601 0.0232437 0.030065
0 0.676978 0.0218898 0.0585566 0.0437795 0.0235109
0 0.993612 0.426836 0.0122242 0.129821 0.0173274
0 0.985858 0.289918 0.0282845 0.291469 0.0172237
0 0.689437 0.0162658 0.067417 0.0314934 0.0134417
0 0.672972 0.00806004 0.0552413 0.0160868 0.0121782
0 0.67232 0.0558357 0.0429102 0.110676 0.0081649
0 0.669464 0.0115307 0.0609602 0.0230613 0.00596338
0 0.263603 0.426567 0.0590367 0.179204 0.00579192
0 0.699861 0.0121735 0.0725632 0.0243471 0.00536114
0 0.677325 0.0337707 0.062725 0.0675415 0.00507768
0 0.690159 0.00889528 0.0619664 0.0175226 0.00384503
0 0.994804 0.410238 0.00967884 0.0976618 0.00207277
0 0.708781 0.00866736 0.0609255 0.0168642 0.00196632
0 0.987271 0.244942 0.0245218 0.208364 0.00190045
0 0.993816 0.37967 0.0123672 0.150634 0.00162054
0 0.661601 0.0563047 0.0726464 0.112005 0.00147447
0 0.688346 0.0194126 0.0745001 0.0388253 0.00146461
0 0.673253 0.0156744 0.0448315 0.0312109 0.00138828
0 0.672845 0.010887 0.0277971 0.0215644 0.00121165
0 0.681463 0.00857077 0.0644475 0.0171415 0.00103766
