0 0.644377 0.537616 0.116245 0.367145 0.859062
0 0.491913 0.543323 0.123417 0.368806 0.838832
0 0.680549 0.0111057 0.0660914 0.0222114 0.0263709
0 0.673055 0.00778261 0.0556713 0.0155652 0.0131281
0 0.687637 0.0162305 0.0679502 0.0324609 0.0120848
0 0.669203 0.0113996 0.0651359 0.0227992 0.0055459
0 0.690112 0.00849747 0.0625882 0.0169417 0.00501035
0 0.699674 0.0117067 0.0735188 0.0234134 0.00471444
0 0.672987 0.0176426 0.0616003 0.0352852 0.00371376
0 0.0477602 0.663112 0.0805916 0.302766 0.00196765
0 0.681477 0.00835146 0.0649322 0.0167029 0.00184434
0 0.678703 0.0249641 0.0674056 0.0499281 0.00181148
0 0.708759 0.00835474 0.0632596 0.0165831 0.00147299
0 0.263401 0.427646 0.0590163 0.180249 0.00122982
0 0.672885 0.010619 0.0276698 0.0210671 0.00119273
0 0.671392 0.0362898 0.0674492 0.0725796 0.00101921
0 0.677901 0.00755173 0.0279937 0.0151035 0.00101228
