0 0.816081 0.501299 0.102847 0.338886 0.906718
0 0.930871 0.419317 0.0784328 0.313812 0.846223
0 0.929239 0.517866 0.0368095 0.159774 0.838227
0 0.0384749 0.699651 0.0583749 0.219155 0.3411
0 0.722841 0.967035 0.115748 0.0652757 0.173465
0 0.681523 0.0107464 0.0662277 0.0214928 0.0298929
0 0.678121 0.0241224 0.0608085 0.0482448 0.021413
0 0.689296 0.0151086 0.0656025 0.0299146 0.0155321
0 0.67301 0.00743979 0.0555467 0.0148415 0.0103964
0 0.673588 0.015749 0.0572516 0.0314979 0.00991322
0 0.263638 0.429191 0.0540485 0.17602 0.00853862
0 0.67941 0.0421214 0.0616149 0.0841273 0.00832622
0 0.699786 0.0108797 0.0680368 0.0214074 0.00739998
0 0.69034 0.00858045 0.0594724 0.0166845 0.00643731
0 0.746419 0.961586 0.0817479 0.0700556 0.00448546
0 0.669318 0.0111478 0.0624622 0.0222955 0.0042662
0 0.672362 0.0552425 0.0438034 0.109408 0.00363359
0 0.708759 0.00852398 0.058785 0.0160292 0.00362994
0 0.668165 0.0101868 0.0432613 0.0203736 0.00281264
0 0.682019 0.00812401 0.0657027 0.016248 0.00212724
0 0.701083 0.0180713 0.0658599 0.0361427 0.0014786
0 0.688154 0.0194063 0.0747592 0.0388126 0.00137078
0 0.678306 0.052153 0.0828174 0.104306 0.001112
