0 0.571056 0.410364 0.098308 0.300412 0.911715
0 0.680401 0.0112057 0.0701442 0.0224115 0.0202913
0 0.677701 0.0165073 0.0670267 0.0330146 0.0166929
0 0.673011 0.00829262 0.0602196 0.0165852 0.00756667
0 0.66835 0.011645 0.072017 0.02329 0.00564046
0 0.045475 0.664192 0.0816116 0.297626 0.00437369
0 0.689387 0.0187687 0.0694474 0.0375375 0.004137
0 0.699193 0.0115931 0.0768768 0.0231861 0.00332907
0 0.689947 0.00882888 0.0660803 0.0176578 0.00275904
0 0.677796 0.0274886 0.071091 0.0549771 0.0027097
0 0.671207 0.0412248 0.069607 0.0824495 0.00228647
0 0.681444 0.0084696 0.0698535 0.0169392 0.00128964
0 0.662353 0.0173537 0.0734982 0.0347075 0.0010073
