0 0.957504 0.629423 0.0801485 0.312936 0.869424
0 0.684101 0.0112313 0.0648221 0.0224627 0.0239258
0 0.678121 0.0148341 0.0602015 0.0296682 0.017482
0 0.678132 0.0081181 0.0587222 0.0161133 0.0130407
0 0.0461539 0.663876 0.0827682 0.293384 0.00957938
0 0.6679 0.0107381 0.0593055 0.0214762 0.00846877
0 0.690385 0.0161433 0.0646555 0.0315212 0.00476649
0 0.262812 0.426193 0.0611194 0.183894 0.00448075
0 0.701659 0.0115517 0.0651971 0.0224806 0.00274997
0 0.667064 0.0232582 0.0667583 0.0465164 0.00173838
0 0.708709 0.00836444 0.0623864 0.0161924 0.00150546
0 0.679502 0.0193053 0.0698014 0.0386106 0.00121363
0 0.680107 0.0344976 0.0620106 0.0689951 0.00114853
0 0.673612 0.0491154 0.0636673 0.0982307 0.00112877
0 0.672863 0.0106265 0.0277023 0.0210952 0.00112332
0 0.667764 0.0070835 0.0434874 0.014167 0.00109834
0 0.671801 0.0079819 0.0603048 0.0159638 0.00109037
