0 0.649762 0.817208 0.0825541 0.301393 0.90848
0 0.680344 0.0108067 0.064204 0.0216133 0.0368613
0 0.673092 0.0081484 0.0550291 0.0162968 0.0168548
0 0.0489896 0.662919 0.0893857 0.298331 0.0134095
0 0.687448 0.0160632 0.0660746 0.0321264 0.0117184
0 0.669606 0.0111043 0.0619481 0.0222085 0.00710039
0 0.699249 0.0114629 0.0721379 0.0229257 0.00496736
0 0.672706 0.0171582 0.059081 0.0343163 0.00384758
0 0.678082 0.0260251 0.0644719 0.0520502 0.00211289
0 0.681316 0.00827826 0.0631654 0.0165565 0.00209409
0 0.675291 0.0495721 0.0620173 0.0991442 0.00185486
0 0.708709 0.0083638 0.0607287 0.0166308 0.00181432
0 0.677989 0.0106557 0.0278601 0.0210237 0.00159778
0 0.67252 0.00770376 0.02798 0.0154075 0.00137124
0 0.26319 0.427239 0.0582239 0.180196 0.00125471
