0 0.573062 0.855615 0.102559 0.286277 0.90965
0 0.928326 0.437078 0.0794224 0.296643 0.846101
0 0.0426431 0.68135 0.0665957 0.265629 0.278311
0 0.680633 0.0108061 0.0668175 0.0216122 0.0486298
0 0.687092 0.0163742 0.0689828 0.0327484 0.017287
0 0.263758 0.428543 0.0573282 0.181295 0.0147256
0 0.669806 0.0112946 0.0643109 0.0225892 0.00932918
0 0.699248 0.0110631 0.073148 0.0221262 0.00731298
0 0.673064 0.0154063 0.0588335 0.0308125 0.00655942
0 0.673024 0.00826008 0.0447849 0.0165202 0.00555486
0 0.66855 0.0217153 0.0656542 0.0434307 0.00403329
0 0.679987 0.0374939 0.0640609 0.0749878 0.00375301
0 0.712709 0.965585 0.0851867 0.0688305 0.00374959
0 0.681722 0.00830722 0.065854 0.0166144 0.00317301
0 0.708684 0.00865777 0.0621545 0.0171549 0.00251599
0 0.670441 0.0537665 0.0656281 0.107533 0.00244718
0 0.687281 0.0265231 0.0728176 0.0530462 0.0021972
0 0.684124 0.00864865 0.0457622 0.0172872 0.00201182
0 0.0477225 0.643653 0.0875391 0.331136 0.00182025
0 0.677928 0.0108359 0.0277658 0.0212081 0.00144334
0 0.672335 0.00783653 0.0280235 0.0156731 0.00113575
0 0.696188 0.00903678 0.0445087 0.0180736 0.00106353
0 0.69025 0.0159223 0.045559 0.0312517 0.00102785
