0 0.308524 0.873866 0.113906 0.248911 0.842726
0 0.662787 0.274505 0.0993527 0.274816 0.821454
0 0.0425581 0.682888 0.0668347 0.266778 0.269027
0 0.676061 0.0440849 0.0640696 0.0881699 0.0337831
0 0.678149 0.0113655 0.0644121 0.022731 0.0174301
0 0.687079 0.0127353 0.0754242 0.0254706 0.0149833
0 0.673236 0.0553362 0.0445284 0.109561 0.0110366
0 0.687206 0.027433 0.0730044 0.054866 0.00909194
0 0.678269 0.0563912 0.0854064 0.112782 0.00625708
0 0.680702 0.0186498 0.0653131 0.0372996 0.00497245
0 0.668353 0.0124545 0.0697127 0.024909 0.00449874
0 0.690114 0.0090826 0.0676744 0.0181652 0.00357025
0 0.701724 0.0118167 0.0682416 0.0232751 0.00269721
0 0.672978 0.00839696 0.0447631 0.0167939 0.00236323
0 0.667568 0.0165825 0.0643138 0.0329645 0.001357
0 0.658881 0.0602875 0.0818806 0.120476 0.00132563
0 0.0477416 0.642772 0.0871798 0.325675 0.00125254
0 0.681771 0.00852014 0.0681417 0.0170403 0.00103872
