0 0.8553 0.593721 0.111358 0.343036 0.897199
0 0.689403 0.585388 0.108563 0.336684 0.861773
0 0.0447411 0.694789 0.0739701 0.2287 0.0916049
0 0.680699 0.0116367 0.0674566 0.0232735 0.0250978
0 0.687281 0.0170628 0.0681285 0.0341256 0.0136102
0 0.672944 0.0081365 0.0566255 0.016273 0.0106373
0 0.673245 0.0179208 0.0599954 0.0358416 0.00449595
0 0.699514 0.0119663 0.0741565 0.0239325 0.00445096
0 0.678381 0.0271205 0.0672939 0.054241 0.00344526
0 0.69019 0.00883167 0.0634895 0.0174124 0.00327247
0 0.674067 0.051448 0.0657994 0.102896 0.00303301
0 0.664442 0.0109795 0.0647458 0.0219589 0.00240812
0 0.681578 0.00862394 0.0667175 0.0172479 0.0014351
0 0.70869 0.00854946 0.0637843 0.0165977 0.00118948
0 0.672752 0.0111183 0.0276866 0.0220517 0.00111645
0 0.690755 0.0164653 0.0449652 0.0322806 0.00108144
