0 0.543127 0.875581 0.133764 0.248838 0.910092
0 0.68073 0.0111124 0.0658181 0.0222248 0.0527124
0 0.68803 0.0154768 0.0680521 0.0309535 0.0198062
0 0.673137 0.00847594 0.0555028 0.0169519 0.0177565
0 0.0440165 0.701743 0.0722499 0.234605 0.0084436
0 0.699338 0.0114762 0.0727136 0.0229525 0.00842118
0 0.673092 0.0152795 0.0585392 0.0304246 0.00588617
0 0.681475 0.0084411 0.0648177 0.0168822 0.00311888
0 0.678737 0.0243271 0.0673753 0.0486543 0.00288212
0 0.263308 0.427298 0.0576792 0.178567 0.00270456
0 0.708688 0.00860936 0.0618811 0.0171042 0.00246921
0 0.671544 0.036519 0.0673662 0.0730379 0.00182928
0 0.673013 0.0109382 0.0278056 0.0218762 0.00177776
0 0.684028 0.0113678 0.0275796 0.0222427 0.00135479
0 0.67794 0.00824864 0.028085 0.0164973 0.00133615
0 0.6902 0.00891555 0.0452818 0.0178311 0.00126956
0 0.151716 0.162638 0.101844 0.282139 0.00102195
