0 0.59109 0.306816 0.0770267 0.315219 0.912639
0 0.714903 0.327024 0.0987708 0.335285 0.871624
0 0.43747 0.243329 0.0980275 0.307185 0.8695
0 0.0417016 0.678609 0.0636248 0.269242 0.348651
0 0.680024 0.0141854 0.066146 0.0283708 0.0131137
0 0.678971 0.025016 0.0619261 0.0500319 0.0124229
0 0.688847 0.017746 0.065091 0.0349176 0.00788922
0 0.673187 0.0115093 0.059133 0.0230185 0.00670994
0 0.679775 0.051424 0.0622738 0.102848 0.00425586
0 0.678165 0.00804517 0.06012 0.0153546 0.00376328
0 0.700093 0.0120621 0.0707201 0.0240991 0.00236547
0 0.26412 0.438994 0.0545908 0.158166 0.0020701
0 0.0462903 0.644335 0.0849078 0.3274 0.00171612
0 0.689307 0.0204482 0.0749558 0.0408964 0.00150238
0 0.702456 0.00878332 0.0585979 0.0164065 0.00143193
0 0.688761 0.0380516 0.0671384 0.0761031 0.00108363
