0 0.664495 0.543758 0.131707 0.34924 0.810486
0 0.680771 0.0108104 0.0659638 0.0216208 0.0442406
0 0.673165 0.00810933 0.0562399 0.0162187 0.017263
0 0.687696 0.0153838 0.0663187 0.0307677 0.0154866
0 0.669596 0.0111371 0.063437 0.0222743 0.00930575
0 0.698788 0.0114493 0.0733787 0.0228986 0.00620431
0 0.26379 0.430632 0.0581776 0.177204 0.00545378
0 0.672717 0.0171819 0.0609138 0.0343638 0.00427692
0 0.681518 0.00832404 0.0651359 0.0166481 0.00336361
0 0.678857 0.0242515 0.066699 0.048503 0.00211628
0 0.0467671 0.664513 0.0823042 0.284761 0.00174301
0 0.67295 0.010587 0.0277319 0.0210833 0.00151253
0 0.708567 0.00840715 0.0640476 0.0168016 0.00136687
0 0.671438 0.0366733 0.0682627 0.0733467 0.00135633
0 0.684181 0.0111094 0.0275541 0.0217229 0.00124895
0 0.677939 0.00791472 0.0280372 0.0158294 0.00123954
