0 0.498404 0.818579 0.0840591 0.333145 0.901802
0 0.415109 0.814955 0.10483 0.366256 0.882276
0 0.349362 0.90934 0.109997 0.181321 0.840883
0 0.0432603 0.696472 0.0678177 0.224833 0.142564
0 0.264028 0.431381 0.0523648 0.16592 0.032787
0 0.680409 0.0109347 0.0646891 0.0218694 0.015909
0 0.675722 0.0303889 0.0582923 0.0607778 0.0131381
0 0.67292 0.00735271 0.0546637 0.0146538 0.0095804
0 0.672127 0.0550205 0.0432755 0.109534 0.00920171
0 0.689115 0.0153042 0.064943 0.0302768 0.00774288
0 0.673038 0.0149931 0.0550371 0.0299862 0.00596269
0 0.668927 0.0109955 0.061334 0.021991 0.00334721
0 0.309349 0.275779 0.08567 0.201916 0.00318538
0 0.690298 0.00831211 0.0595624 0.0160129 0.00307431
0 0.701433 0.01115 0.0612091 0.0214396 0.00303067
0 0.659677 0.055382 0.0759073 0.109694 0.00298052
0 0.665677 0.0386257 0.0653949 0.0758745 0.00245855
0 0.708783 0.00820987 0.0601455 0.0155292 0.00180808
0 0.681551 0.00814793 0.0644649 0.0162959 0.00113466
