0 0.598449 0.356023 0.0933573 0.323749 0.893563
0 0.0430568 0.700057 0.0674838 0.232653 0.124078
0 0.678049 0.0115229 0.0611606 0.0230458 0.0345445
0 0.686196 0.016835 0.0665604 0.03367 0.0106612
0 0.672899 0.0177997 0.061303 0.0355995 0.00493253
0 0.67797 0.0086076 0.0450082 0.0172152 0.00438193
0 0.699289 0.0116049 0.0737202 0.0232098 0.00349462
0 0.677835 0.0249579 0.0674437 0.0499157 0.00266786
0 0.263247 0.429682 0.0571584 0.176535 0.00249516
0 0.681204 0.00857236 0.065626 0.0171447 0.00181337
0 0.671531 0.0365579 0.0674233 0.0731158 0.0017044
0 0.677932 0.0113412 0.0277913 0.022279 0.00129818
0 0.708691 0.00835977 0.0630255 0.0164768 0.00114949
0 0.667784 0.00785451 0.0440512 0.015709 0.00101942
