0 0.748321 0.88816 0.0906089 0.223075 0.925907
0 0.0449423 0.665454 0.0764438 0.290964 0.221378
0 0.679648 0.0111138 0.0631989 0.0222276 0.0283153
0 0.675801 0.0255073 0.0563678 0.0510145 0.0218743
0 0.672901 0.0154873 0.054353 0.0309746 0.0123049
0 0.672923 0.00783609 0.0544677 0.0156722 0.0117469
0 0.672745 0.0442256 0.0551423 0.087428 0.010283
0 0.688477 0.0157424 0.0648781 0.031129 0.00996767
0 0.263239 0.428554 0.0562053 0.174566 0.00899191
0 0.669204 0.0117878 0.0593446 0.0235757 0.00655566
0 0.699574 0.0111719 0.0701226 0.0223437 0.00331024
0 0.690096 0.00844829 0.0601893 0.0164196 0.00328899
0 0.681159 0.00832053 0.0630676 0.0166411 0.0015295
0 0.708727 0.0081955 0.0594831 0.0155436 0.00137344
0 0.0370628 0.703012 0.0617628 0.224696 0.00132255
0 0.661028 0.0540016 0.0739864 0.107917 0.00124184
0 0.672708 0.0107286 0.0277795 0.0213133 0.00124065
0 0.0624063 0.691968 0.104397 0.261827 0.00121047
0 0.687257 0.0374358 0.0659866 0.0748717 0.00113251
0 0.686208 0.0191098 0.0716455 0.0382196 0.00103048
