0 0.60185 0.255787 0.0956921 0.300071 0.89366
0 0.522146 0.690487 0.0737083 0.292982 0.891521
0 0.439258 0.694343 0.108654 0.348191 0.889978
0 0.0401107 0.704035 0.059609 0.219816 0.594614
0 0.673424 0.0525063 0.0514214 0.10334 0.0446853
0 0.264483 0.437735 0.0553684 0.16287 0.0029348
0 0.68094 0.036913 0.0583883 0.0732871 0.00241735
0 0.677309 0.0157184 0.0611875 0.0314368 0.00234589
0 0.672674 0.0105549 0.0582823 0.0211097 0.0019712
0 0.687217 0.0127623 0.0685742 0.0255245 0.00185857
0 0.688327 0.0183396 0.0620915 0.0366792 0.00159628
0 0.672694 0.024112 0.0533204 0.0482241 0.00144492
0 0.672611 0.00658249 0.0567622 0.0123958 0.00138452
