0 0.769252 0.879583 0.105639 0.240834 0.909408
0 0.84629 0.64717 0.0817492 0.280643 0.846646
0 0.684318 0.0117352 0.0675014 0.0234703 0.0276795
0 0.678715 0.0160104 0.065424 0.0320207 0.0213284
0 0.667812 0.0112813 0.0618765 0.0225626 0.00869613
0 0.0439768 0.700421 0.0704259 0.230433 0.00809135
0 0.689941 0.0184054 0.069713 0.0368108 0.00566973
0 0.701524 0.0121158 0.0657299 0.0237069 0.00435847
0 0.678921 0.0267134 0.0696965 0.0534267 0.00292393
0 0.672983 0.0082243 0.0444844 0.0164486 0.00272489
0 0.264346 0.427541 0.0533016 0.175995 0.00217727
0 0.674222 0.0503796 0.0691175 0.100759 0.00203995
0 0.708753 0.00884375 0.0640826 0.0172757 0.0016992
0 0.0529887 0.663264 0.090153 0.300038 0.00144668
0 0.68184 0.00867227 0.0676019 0.0173445 0.00136777
0 0.690797 0.0162667 0.0452957 0.0318955 0.0011284
0 0.662925 0.0170237 0.069534 0.0340475 0.0010389
0 0.684448 0.00866025 0.0456419 0.0170317 0.00100373
