0 0.55832 0.433672 0.0896748 0.307987 0.884767
0 0.4627 0.403723 0.101961 0.338994 0.879002
0 0.680962 0.0108792 0.066768 0.0217584 0.0325294
0 0.673114 0.0076005 0.0563778 0.015201 0.0171527
0 0.688508 0.0159949 0.0693726 0.0319898 0.0134145
0 0.690163 0.00866492 0.0620934 0.017087 0.00724085
0 0.699361 0.0116707 0.0730321 0.0233415 0.0064395
0 0.263808 0.427203 0.0582563 0.182097 0.00589326
0 0.669178 0.0111359 0.066194 0.0222718 0.00574047
0 0.0461993 0.66174 0.081339 0.299626 0.00573197
0 0.673073 0.0173991 0.0613474 0.0347981 0.00366568
0 0.681594 0.00825974 0.0655826 0.0165195 0.00236074
0 0.678978 0.0261231 0.0679342 0.0522462 0.00223647
0 0.708722 0.00855294 0.0626303 0.0167154 0.00192675
0 0.676039 0.0509689 0.0663623 0.101938 0.00173366
0 0.672961 0.0103361 0.0277028 0.0204192 0.00132399
0 0.6779 0.00750015 0.0280565 0.0150003 0.00122163
0 0.690755 0.0160961 0.0452828 0.0315707 0.00112551
0 0.684189 0.0110032 0.0275118 0.0213891 0.00107219
