0 0.399242 0.145309 0.114376 0.289377 0.896545
0 0.684182 0.0110364 0.0641851 0.0220728 0.0194299
0 0.678212 0.0143005 0.0618162 0.028601 0.0117199
0 0.678139 0.00794932 0.0585249 0.0158842 0.0112834
0 0.6677 0.0103871 0.0602258 0.0207742 0.00797163
0 0.690543 0.0158598 0.0620923 0.0309798 0.00382469
0 0.0457458 0.665093 0.0783971 0.277047 0.00355302
0 0.262881 0.42675 0.0614464 0.180253 0.00320474
0 0.701577 0.0115007 0.0637588 0.0224813 0.00296152
0 0.708632 0.00827033 0.0623456 0.0163378 0.00144879
0 0.665359 0.0245078 0.07164 0.0490156 0.00136213
0 0.667768 0.00701162 0.0435344 0.0140232 0.00116387
0 0.690416 0.00840318 0.0447664 0.0168064 0.00105278
0 0.672921 0.0102688 0.0275861 0.0203508 0.00100924
