0 0.967706 0.462588 0.0634172 0.259862 0.785664
0 0.680751 0.0121398 0.0675371 0.0242796 0.0688023
0 0.0481643 0.674773 0.0879108 0.296105 0.0301249
0 0.688996 0.0161502 0.0668444 0.0312841 0.0225066
0 0.673009 0.00903124 0.0574146 0.0180625 0.0148235
0 0.673429 0.0173941 0.0635865 0.0346446 0.0104852
0 0.699466 0.0119778 0.0731803 0.0239556 0.00966204
0 0.264221 0.428811 0.0557167 0.173191 0.0092527
0 0.690024 0.00935034 0.0637043 0.0187007 0.00814345
0 0.950857 0.473811 0.0951777 0.287139 0.00651981
0 0.664675 0.0116996 0.0651347 0.0233992 0.00564668
0 0.678888 0.0237125 0.069874 0.0474249 0.00430385
0 0.687047 0.0187847 0.076367 0.0375694 0.00300072
0 0.681748 0.00901628 0.0662062 0.0180326 0.00263006
0 0.708693 0.00865928 0.0621144 0.0173154 0.00261699
0 0.97762 0.445261 0.044149 0.224876 0.00249305
0 0.671189 0.0337979 0.07041 0.0675957 0.0022602
0 0.677976 0.0117818 0.0278502 0.023196 0.00167416
0 0.708243 0.0164911 0.0673504 0.0314901 0.001475
0 0.672368 0.00854611 0.0279408 0.0170922 0.00104764
