0 0.409795 0.883788 0.112885 0.231442 0.887343
0 0.29422 0.885829 0.108148 0.225901 0.875068
0 0.680866 0.0110373 0.0648466 0.0220746 0.0375189
0 0.0424326 0.700605 0.0642793 0.231666 0.0301065
0 0.687622 0.01598 0.0667056 0.0319599 0.0142487
0 0.673164 0.0080184 0.0553019 0.0160368 0.0136141
0 0.699483 0.0114161 0.0716578 0.0228321 0.00662735
0 0.6697 0.0111596 0.0623363 0.0223192 0.00661355
0 0.690066 0.00875897 0.0620082 0.0175179 0.00573714
0 0.67327 0.017576 0.0599881 0.035152 0.00429263
0 0.678993 0.0253775 0.0652869 0.0507551 0.00231575
0 0.681594 0.00832565 0.0640239 0.0166513 0.00224123
0 0.708725 0.00854505 0.0614209 0.016868 0.00210866
0 0.672197 0.0381049 0.0635604 0.0762098 0.00156232
0 0.046945 0.661915 0.0851119 0.306508 0.00151495
0 0.678049 0.0108929 0.0277848 0.0214307 0.00137771
0 0.264335 0.439231 0.0547909 0.161958 0.00137067
0 0.672537 0.00755736 0.0279535 0.0151147 0.0011501
