0 0.610666 0.925491 0.076976 0.149017 0.879364
0 0.882756 0.775941 0.0880323 0.28849 0.782
0 0.869185 0.80665 0.0587419 0.274599 0.304795
0 0.678206 0.0110355 0.0609191 0.0220711 0.0419513
0 0.688283 0.01508 0.067035 0.03016 0.0150227
0 0.263703 0.427883 0.0589856 0.179173 0.00806862
0 0.699242 0.0113488 0.0728179 0.0226975 0.007156
0 0.0459686 0.679564 0.0767989 0.282295 0.00707139
0 0.690117 0.00879664 0.0632293 0.0175933 0.00698564
0 0.67311 0.00826179 0.0444581 0.0165236 0.00652597
0 0.672703 0.0170285 0.0616224 0.0340571 0.00409211
0 0.681577 0.00835514 0.065129 0.0167103 0.00338746
0 0.708695 0.00841274 0.0635206 0.0166272 0.00204126
0 0.678839 0.0239629 0.067913 0.0479259 0.00177193
0 0.678001 0.010878 0.0277793 0.0214349 0.00160419
0 0.672431 0.00785141 0.0279424 0.0157028 0.0013505
0 0.695448 0.0115858 0.0448709 0.0228413 0.00123755
0 0.667265 0.0106248 0.0275535 0.0212496 0.00101122
