0 0.376403 0.250578 0.114669 0.32567 0.858038
0 0.680952 0.0109005 0.0667496 0.0218011 0.0260116
0 0.678371 0.0169643 0.0621582 0.0339287 0.018997
0 0.0445525 0.701727 0.0711711 0.229999 0.0137571
0 0.68986 0.0150397 0.0661363 0.0296141 0.0110097
0 0.673007 0.00799347 0.0564235 0.0159869 0.00919808
0 0.699776 0.0110743 0.0722465 0.0221487 0.00619426
0 0.669231 0.0113716 0.06459 0.0227432 0.00546174
0 0.678679 0.0281763 0.0663642 0.0563525 0.00310553
0 0.672627 0.0406552 0.062384 0.0810693 0.00300904
0 0.0554937 0.664767 0.0955482 0.294522 0.00260773
0 0.708682 0.00866939 0.0616172 0.0171764 0.00249525
0 0.681729 0.00827396 0.0658039 0.0165479 0.00162705
0 0.688528 0.019254 0.0771258 0.0385081 0.00137612
0 0.690497 0.00868489 0.0450034 0.0173698 0.00102189
