0 0.416977 0.284814 0.107439 0.289535 0.868122
0 0.43553 0.070594 0.0646137 0.137439 0.850743
0 0.33954 0.084323 0.0826734 0.162595 0.847484
0 0.496325 0.0505405 0.0762565 0.0998524 0.847254
0 0.677726 0.0243529 0.057089 0.0487058 0.0158067
0 0.680606 0.0141203 0.0633629 0.0282407 0.0111188
0 0.2516 0.0350341 0.0847827 0.0673755 0.00667379
0 0.673489 0.0357471 0.053837 0.0711242 0.00495304
0 0.690094 0.0181335 0.0620399 0.0355005 0.00412923
0 0.668216 0.0140749 0.0615735 0.0281497 0.00218235
0 0.672864 0.00733031 0.0555223 0.0135082 0.00206218
0 0.69987 0.0121622 0.0717745 0.0243243 0.00193797
0 0.690446 0.00795221 0.0591141 0.0142144 0.00191854
0 0.677406 0.0118521 0.0449548 0.0237041 0.00190145
0 0.67304 0.0518369 0.0427878 0.101966 0.00178425
0 0.687716 0.0322941 0.0672254 0.0645882 0.0016522
0 0.690835 0.0116861 0.0445287 0.0233723 0.00138641
0 0.688207 0.0207839 0.0728959 0.0415679 0.00126335
0 0.0455942 0.664895 0.0777387 0.290325 0.00109268
