0 0.695671 0.526051 0.108846 0.328686 0.896654
0 0.968763 0.784933 0.0616364 0.283829 0.528842
0 0.0442152 0.664415 0.0724874 0.28544 0.122688
0 0.0207584 0.961769 0.0405997 0.0757552 0.0407808
0 0.677488 0.0266936 0.0607289 0.0533873 0.0192782
0 0.976366 0.747893 0.0472672 0.207627 0.0190504
0 0.678864 0.0147244 0.0659855 0.0294488 0.0177173
0 0.688618 0.0179227 0.0671874 0.0351266 0.0108904
0 0.673277 0.0409673 0.0574795 0.0807366 0.00981099
0 0.953408 0.804679 0.0745552 0.320547 0.00618009
0 0.264109 0.430538 0.0584328 0.174542 0.00517638
0 0.678091 0.0081419 0.0605669 0.0158768 0.00504883
0 0.667947 0.0113913 0.0609151 0.0227825 0.00409502
0 0.700467 0.0118384 0.0734683 0.0236768 0.00333749
0 0.672385 0.0553238 0.0437265 0.109497 0.00317638
0 0.965514 0.730585 0.0650961 0.198399 0.00312557
0 0.687688 0.0359129 0.067618 0.0718259 0.00220339
0 0.684329 0.0115944 0.0453576 0.0231888 0.00184532
0 0.70882 0.00862944 0.0619112 0.0165764 0.00151263
0 0.678136 0.0515199 0.083926 0.10304 0.0013654
0 0.673117 0.0169774 0.0450672 0.0339549 0.00105435
