0 0.200504 0.901825 0.109177 0.195243 0.877631
0 0.908793 0.663028 0.0970999 0.308033 0.875605
0 0.68075 0.0112467 0.0674656 0.0224935 0.0259233
0 0.677822 0.0185984 0.0619946 0.0371968 0.0209193
0 0.0383979 0.950911 0.0763607 0.0865138 0.0174742
0 0.689712 0.0159382 0.0683342 0.0314237 0.0114103
0 0.672972 0.00795798 0.0566977 0.015916 0.0107865
0 0.66879 0.0116409 0.0655541 0.0232818 0.00582533
0 0.699597 0.0117075 0.0753753 0.023415 0.00497529
0 0.676462 0.0491543 0.0604917 0.0983086 0.00423656
0 0.678234 0.0299456 0.0661716 0.0598912 0.0040814
0 0.690198 0.00875613 0.0645621 0.0174116 0.00399768
0 0.668437 0.0235559 0.0653486 0.0471119 0.00318953
0 0.0463681 0.663685 0.0829915 0.293713 0.00306205
0 0.263393 0.427864 0.0572008 0.175867 0.00181575
0 0.681591 0.00842221 0.0665609 0.0168444 0.0015738
0 0.70872 0.00859385 0.0635931 0.017029 0.00156835
0 0.688554 0.0194329 0.0776612 0.0388657 0.00149122
0 0.672773 0.0108581 0.0276822 0.0214903 0.00103713
