0 0.370725 0.276572 0.112953 0.316637 0.857113
0 0.841789 0.957659 0.0941254 0.0840043 0.83856
0 0.928005 0.437225 0.0772755 0.295837 0.835603
0 0.0432959 0.697708 0.066151 0.220176 0.48679
0 0.68131 0.0102124 0.0667838 0.0204248 0.0185897
0 0.677928 0.023027 0.0616808 0.046054 0.0133501
0 0.672976 0.00708854 0.0561239 0.0141771 0.0101585
0 0.689864 0.0145612 0.0654218 0.0291224 0.00952611
0 0.673109 0.014821 0.0571138 0.029642 0.0062098
0 0.700247 0.0105832 0.0701747 0.0210235 0.00481873
0 0.677317 0.0515961 0.0579569 0.103192 0.0047739
0 0.668767 0.0108181 0.0649894 0.0216361 0.00331549
0 0.667992 0.00988949 0.0431314 0.019779 0.00210987
0 0.667937 0.029292 0.065597 0.0585841 0.00184128
0 0.682127 0.00788484 0.0659698 0.0157697 0.00176207
0 0.686777 0.030328 0.0705636 0.060656 0.00173452
0 0.845861 0.957808 0.0484087 0.0836296 0.00145258
0 0.70217 0.0085556 0.0432497 0.0169537 0.00140532
0 0.690786 0.00821644 0.044865 0.0162382 0.00130792
