0 0.921488 0.842383 0.12577 0.305126 0.806893
0 0.689828 0.0134058 0.0755731 0.0268116 0.0139199
0 0.264497 0.437247 0.0560856 0.160191 0.0129571
0 0.678088 0.0110867 0.0627529 0.0221082 0.0108509
0 0.907291 0.804119 0.0988829 0.239707 0.00609857
0 0.672906 0.00765432 0.0568215 0.0152111 0.00604996
0 0.0555354 0.678816 0.096923 0.289511 0.00406759
0 0.681824 0.018258 0.0655529 0.0365161 0.00373221
0 0.700316 0.0166766 0.0690425 0.0321642 0.0029113
0 0.668586 0.0115315 0.0674666 0.023063 0.00278518
0 0.690329 0.00871476 0.063677 0.0168972 0.00239433
0 0.70807 0.0117037 0.0657059 0.0227407 0.00231415
0 0.690805 0.0118897 0.0450679 0.0235781 0.0020054
0 0.689373 0.0257146 0.0742981 0.0514291 0.00123707
0 0.668043 0.0214309 0.0689578 0.0428618 0.00103076
