0 0.496557 0.708532 0.101632 0.305552 0.90912
0 0.39576 0.705444 0.117129 0.379917 0.872536
0 0.680307 0.0108125 0.0656417 0.021625 0.0199141
0 0.677434 0.0174364 0.0599474 0.0348728 0.0154345
0 0.672945 0.00774785 0.0552681 0.0154957 0.00984965
0 0.689181 0.0147971 0.0652053 0.0291182 0.00828915
0 0.669058 0.0111683 0.0630422 0.0223366 0.004243
0 0.69016 0.00857986 0.0616007 0.0167331 0.00358115
0 0.699469 0.0108944 0.071384 0.0217889 0.00345217
0 0.66954 0.0227622 0.0606214 0.0455244 0.00239883
0 0.678965 0.038725 0.0610725 0.07745 0.0023369
0 0.708703 0.00835781 0.0612822 0.0160397 0.00156439
0 0.681476 0.00813375 0.064931 0.0162675 0.00134808
0 0.685887 0.0277983 0.0690193 0.0555966 0.00119029
