0 0.888554 0.775975 0.100905 0.334411 0.877545
0 0.712388 0.692391 0.115065 0.346775 0.870496
0 0.0428137 0.67998 0.0679641 0.269704 0.060786
0 0.677369 0.0349193 0.0589793 0.0697799 0.0244915
0 0.681415 0.0109834 0.0657248 0.0219668 0.0235033
0 0.689475 0.0160978 0.0666678 0.0319897 0.0142414
0 0.673421 0.0509175 0.0441548 0.0998247 0.0101933
0 0.67335 0.0179082 0.0556724 0.0358164 0.00977773
0 0.672946 0.00726492 0.0552786 0.0144297 0.00782158
0 0.699988 0.0110596 0.0712981 0.0219857 0.00606547
0 0.690341 0.00853194 0.0604142 0.0164959 0.00474397
0 0.2637 0.429403 0.0595059 0.179828 0.00471014
0 0.668853 0.0116766 0.0620163 0.0233533 0.00352922
0 0.708769 0.00853816 0.0607982 0.0163013 0.00274628
0 0.678281 0.0510854 0.0823728 0.102171 0.0021967
0 0.668033 0.0102506 0.0433934 0.0205011 0.00218958
0 0.680043 0.0213168 0.0681833 0.0426336 0.00191355
0 0.681977 0.00823616 0.0655298 0.0164723 0.00161183
0 0.662447 0.0438216 0.0719677 0.087283 0.00111904
