0 0.72085 0.533655 0.0864685 0.312091 0.866385
0 0.784553 0.596569 0.0736324 0.325065 0.858147
0 0.659919 0.487781 0.0920178 0.316966 0.844867
0 0.377779 0.94047 0.108682 0.118554 0.816921
0 0.483532 0.950516 0.0597901 0.0989671 0.696471
0 0.546483 0.943624 0.0966174 0.108562 0.375074
0 0.651918 0.874942 0.0427622 0.129632 0.285756
0 0.522876 0.945827 0.10114 0.105034 0.094302
0 0.531931 0.934054 0.0664756 0.0915554 0.0531392
0 0.562629 0.929976 0.115042 0.133701 0.00388778
0 0.495092 0.933479 0.0836885 0.122434 0.0019844
