0 0.870408 0.743871 0.0853373 0.307783 0.926481
0 0.923114 0.818863 0.0753174 0.32383 0.904736
0 0.231873 0.872432 0.0840467 0.19493 0.825409
0 0.978769 0.846435 0.0410992 0.289877 0.295149
0 0.981993 0.659227 0.0354784 0.325945 0.204897
0 0.983643 0.776121 0.0320889 0.334506 0.0170039
0 0.983329 0.594658 0.0333418 0.189185 0.0115909
0 0.959852 0.839061 0.0628147 0.317188 0.00440375
0 0.00668359 0.779126 0.0128613 0.052367 0.0029318
0 0.0096651 0.650388 0.0193302 0.343334 0.00149005
0 0.0149384 0.649476 0.0298768 0.327381 0.00104544
