0 0.242493 0.326551 0.113542 0.301815 0.863927
0 0.0773098 0.920203 0.087184 0.159593 0.844433
0 0.642038 0.550646 0.110553 0.253165 0.824606
0 0.257988 0.720482 0.121142 0.334688 0.794158
0 0.0256108 0.918564 0.0499131 0.162695 0.773996
0 0.62532 0.936239 0.0684468 0.125495 0.716003
0 0.0452114 0.917278 0.0902149 0.165444 0.0861392
0 0.245348 0.67386 0.097412 0.248195 0.00482617
0 0.243298 0.609918 0.0912525 0.1226 0.0035283
0 0.67664 0.0694937 0.0557089 0.0659841 0.00320154
0 0.776618 0.034431 0.0562932 0.0674359 0.00214662
0 0.0158627 0.921467 0.0306999 0.157067 0.001282
0 0.276556 0.784101 0.130402 0.231902 0.00123098
