0 0.279185 0.90019 0.102999 0.199302 0.890338
0 0.897776 0.338326 0.0845013 0.307448 0.886719
0 0.491782 0.500627 0.0916595 0.287063 0.847783
0 0.537813 0.525375 0.0758908 0.203911 0.757475
0 0.443855 0.931941 0.0550231 0.135721 0.538247
0 0.484273 0.931476 0.134483 0.133292 0.451443
0 0.980463 0.424431 0.0380568 0.372534 0.349176
0 0.985401 0.38503 0.0281334 0.324871 0.0628609
0 0.652308 0.875204 0.0445054 0.131853 0.0341638
0 0.518035 0.509958 0.117453 0.252975 0.0172186
0 0.491387 0.907545 0.13034 0.0897261 0.0072099
0 0.492413 0.921702 0.0882803 0.111389 0.00164108
0 0.981925 0.499692 0.0358734 0.262627 0.00137487
0 0.966794 0.424063 0.0664122 0.37331 0.00130598
0 0.519856 0.510463 0.0827674 0.21441 0.00127624
