0 0.649885 0.711279 0.0979376 0.328763 0.887752
0 0.919266 0.726582 0.0635065 0.272408 0.887249
0 0.964801 0.756258 0.0603279 0.298943 0.885886
0 0.779534 0.605897 0.0669929 0.304462 0.87335
0 0.837728 0.634229 0.0882597 0.271155 0.863275
0 0.256414 0.948574 0.0915027 0.102312 0.847941
0 0.32607 0.944566 0.060663 0.110659 0.730315
0 0.909924 0.602952 0.0733971 0.257714 0.493951
0 0.910471 0.551921 0.0732107 0.156291 0.306745
0 0.402256 0.0424172 0.065442 0.0632751 0.0368672
0 0.387161 0.0424817 0.0674766 0.0678212 0.0161344
0 0.289377 0.946487 0.134317 0.107026 0.00899922
0 0.425569 0.0421466 0.0790079 0.0607331 0.00216105
0 0.275754 0.950495 0.0766941 0.0975118 0.00129488
0 0.400967 0.0399925 0.0877328 0.0794154 0.00127252
0 0.873124 0.625944 0.0962791 0.279935 0.00101634
