0 0.754939 0.891332 0.0702539 0.215468 0.909021
0 0.692459 0.891267 0.0721691 0.211579 0.886952
0 0.918308 0.773931 0.0772436 0.29156 0.886236
0 0.62568 0.80172 0.112203 0.289239 0.881392
0 0.541548 0.883823 0.11632 0.223317 0.863921
0 0.866503 0.748325 0.0595898 0.302345 0.861645
0 0.809784 0.731125 0.0707264 0.277172 0.85834
0 0.584322 0.653113 0.114463 0.253931 0.838091
0 0.974556 0.427217 0.050421 0.269954 0.803584
0 0.982846 0.416477 0.0326923 0.248596 0.032249
0 0.555139 0.16301 0.0360088 0.105514 0.0127271
0 0.591194 0.606355 0.107332 0.172904 0.00207703
0 0.383419 0.0342594 0.0716015 0.048199 0.00155387
