0 0.807958 0.685832 0.108859 0.307732 0.887081
0 0.720014 0.707743 0.0864126 0.278674 0.886983
0 0.649447 0.674398 0.0844819 0.316796 0.885229
0 0.512487 0.713899 0.0750622 0.27376 0.86793
0 0.55921 0.7817 0.0822275 0.297169 0.867231
0 0.51935 0.943177 0.0964997 0.113647 0.844474
0 0.49873 0.951254 0.0866102 0.0968265 0.0242692
0 0.407924 0.042061 0.0667424 0.0620127 0.0102886
0 0.548283 0.733682 0.0732145 0.233718 0.00589215
0 0.393266 0.0424963 0.0616762 0.0661431 0.00448592
0 0.539177 0.939987 0.0749203 0.115953 0.00206765
0 0.502675 0.95011 0.0486239 0.0977803 0.00170867
0 0.987797 0.522124 0.0237419 0.236471 0.00115633
