0 0.62882 0.91051 0.0733561 0.177415 0.899204
0 0.698339 0.806276 0.0817808 0.301669 0.874317
0 0.537471 0.917835 0.112854 0.163675 0.865879
0 0.789288 0.83415 0.0711045 0.288814 0.861088
0 0.46261 0.71829 0.110533 0.24133 0.8363
0 0.496591 0.866341 0.11815 0.265763 0.827563
0 0.753733 0.809232 0.0572514 0.293788 0.787953
0 0.558994 0.959302 0.0812618 0.0786775 0.141446
0 0.496979 0.814839 0.11292 0.167125 0.0212094
0 0.722655 0.798277 0.0910298 0.301108 0.00412511
0 0.384952 0.0341833 0.0660516 0.047909 0.00341658
0 0.536281 0.954943 0.122177 0.0901148 0.00201889
0 0.525089 0.870471 0.104877 0.216053 0.00118357
0 0.560028 0.959072 0.0480875 0.0790991 0.00113777
