0 0.433077 0.806877 0.0811308 0.29923 0.887759
0 0.506228 0.855092 0.0856044 0.287216 0.886079
0 0.356598 0.896284 0.0953451 0.207325 0.877336
0 0.591737 0.833475 0.112691 0.314263 0.859852
0 0.862656 0.116531 0.110957 0.204414 0.832977
0 0.359837 0.788184 0.0848209 0.213723 0.583185
0 0.352165 0.834296 0.0995186 0.310441 0.0169978
0 0.407881 0.0425878 0.0677841 0.0622032 0.0166263
0 0.977239 0.816094 0.0455211 0.195942 0.0149825
0 0.978088 0.793503 0.0438248 0.105239 0.0139484
0 0.393726 0.041282 0.0718076 0.0733188 0.00306475
0 0.373216 0.821251 0.0900867 0.285229 0.00171748
0 0.393058 0.043057 0.0455284 0.0656788 0.00100571
