0 0.485449 0.873995 0.0606693 0.250108 0.865693
0 0.255027 0.784926 0.0589395 0.182998 0.826433
0 0.319484 0.789434 0.0611924 0.148365 0.788942
0 0.619341 0.860912 0.0887679 0.273494 0.715433
0 0.45955 0.80401 0.0706318 0.250856 0.704125
0 0.6049 0.828527 0.0895713 0.310436 0.486804
0 0.588455 0.809786 0.0643133 0.281463 0.0404342
0 0.32054 0.850925 0.0687028 0.264953 0.0270548
0 0.584084 0.753264 0.0562355 0.171467 0.0164932
0 0.250058 0.899956 0.0893959 0.19867 0.0103715
0 0.627998 0.904728 0.0807936 0.189878 0.0102641
0 0.591719 0.715242 0.0698599 0.0735021 0.00532439
0 0.447781 0.826561 0.0512603 0.268419 0.00438247
0 0.397414 0.0433831 0.0634501 0.0694596 0.00404823
0 0.612957 0.812167 0.08141 0.209325 0.00251396
0 0.474086 0.822889 0.0705125 0.286849 0.00243872
0 0.413831 0.0425738 0.0776024 0.0646239 0.0013443
0 0.593805 0.720206 0.070124 0.117331 0.00102738
