0 0.941362 0.770738 0.103504 0.292358 0.914022
0 0.863823 0.21405 0.033057 0.12459 0.712438
0 0.915371 0.00634144 0.0387226 0.0119201 0.00497433
0 0.916075 0.0095282 0.040794 0.0188646 0.00263567
0 0.90409 0.00605175 0.0386772 0.0121035 0.00224688
0 0.908868 0.00993157 0.0452534 0.0198631 0.00145718
0 0.982637 0.0164287 0.0347255 0.0328574 0.00130098
0 0.89781 0.00960693 0.0526167 0.0189056 0.00115404
0 0.990715 0.0226372 0.0176794 0.0445079 0.00113123
0 0.907632 0.0131479 0.0406218 0.0262958 0.00101134
