0 0.208898 0.893639 0.107602 0.212629 0.924221
0 0.484992 0.914205 0.0811555 0.171589 0.90522
0 0.113734 0.628277 0.0941285 0.306833 0.89686
0 0.202413 0.611936 0.10435 0.338375 0.881646
0 0.309484 0.861047 0.0898191 0.2759 0.878511
0 0.554397 0.909856 0.07103 0.180289 0.875447
0 0.482263 0.0983237 0.0867367 0.195312 0.868872
0 0.912848 0.946375 0.100395 0.106077 0.781602
0 0.989093 0.0193598 0.0206305 0.0374002 0.00353096
0 0.979766 0.0185756 0.0386168 0.0349656 0.00175725
0 0.90944 0.0219655 0.0594395 0.0414406 0.00166559
0 0.898266 0.0186145 0.0590389 0.0354074 0.00103311
