0 0.14205 0.891403 0.08878 0.21457 0.896474
0 0.941221 0.718574 0.106863 0.284247 0.895936
0 0.985305 0.693537 0.0287739 0.274151 0.2756
0 0.98502 0.608578 0.0293854 0.267775 0.0442314
0 0.979831 0.0184767 0.0383579 0.034355 0.00509968
0 0.985544 0.530253 0.028834 0.0888851 0.00431763
0 0.988265 0.0189317 0.0222458 0.0369978 0.00390939
0 0.976399 0.667096 0.0401037 0.289113 0.00276554
0 0.460584 0.0371158 0.0827927 0.0737897 0.00196945
0 0.985552 0.0157874 0.0288969 0.0315749 0.00157194
0 0.979511 0.73143 0.0409782 0.284829 0.00138652
0 0.968716 0.709994 0.0625683 0.286783 0.00131406
0 0.984929 0.668651 0.0291637 0.165435 0.00106747
