0 0.4993 0.0601748 0.0881609 0.118848 0.834928
0 0.802947 0.259253 0.0938439 0.271899 0.803988
0 0.719684 0.960159 0.0699203 0.0796818 0.765785
0 0.763573 0.245423 0.0567282 0.248154 0.66341
0 0.79503 0.979894 0.0464255 0.038251 0.180492
0 0.78212 0.247928 0.0917445 0.257885 0.139758
0 0.795443 0.963603 0.0569817 0.0727948 0.0116638
0 0.734429 0.951855 0.10432 0.0958607 0.00641314
0 0.979975 0.0180048 0.0367287 0.0335649 0.00493001
0 0.988701 0.0186825 0.0211182 0.0368779 0.00330183
0 0.700233 0.954328 0.106933 0.0897336 0.0019955
0 0.784775 0.954176 0.0766704 0.0916474 0.00196053
0 0.796562 0.976576 0.0285698 0.0419462 0.00173498
0 0.806461 0.98273 0.0656442 0.0345393 0.00125959
0 0.752648 0.269593 0.0543856 0.287961 0.00115823
0 0.985497 0.0149987 0.0290057 0.0299975 0.00101991
