0 0.585056 0.116963 0.0948641 0.220272 0.915074
0 0.831209 0.353956 0.113642 0.260709 0.890606
0 0.0212559 0.704096 0.04087 0.264643 0.182852
0 0.0179029 0.817762 0.0353779 0.275145 0.0073391
0 0.0255941 0.835751 0.0511883 0.326425 0.00395483
0 0.979897 0.0180342 0.0373102 0.0339971 0.00387918
0 0.98858 0.0186531 0.0215664 0.0368369 0.00375025
0 0.0284987 0.746363 0.0533383 0.331988 0.00309806
0 0.570439 0.444478 0.0332972 0.104637 0.00171504
0 0.0150977 0.682839 0.0287051 0.225134 0.00135948
0 0.903921 0.0186028 0.057725 0.0354261 0.00132981
