0 0.193835 0.90553 0.103839 0.18894 0.907596
0 0.130416 0.665188 0.0951342 0.288015 0.905118
0 0.86248 0.346033 0.120192 0.261666 0.850976
0 0.270774 0.923335 0.0618287 0.153331 0.84467
0 0.97267 0.310539 0.0539917 0.233121 0.798856
0 0.958414 0.680986 0.0805624 0.177454 0.709747
0 0.958471 0.754786 0.0830573 0.333649 0.234727
0 0.826602 0.349693 0.0583338 0.247057 0.0397298
0 0.99066 0.0232678 0.0177591 0.0462503 0.00718592
0 0.986164 0.0191063 0.0269199 0.0378335 0.00366124
0 0.977722 0.279466 0.0433701 0.177559 0.00221125
0 0.904415 0.0179084 0.0503401 0.0338854 0.00141357
