0 0.164231 0.810734 0.0997445 0.325471 0.891204
0 0.0563475 0.420349 0.101594 0.295594 0.849952
0 0.820877 0.871005 0.0908247 0.253581 0.837387
0 0.867123 0.887054 0.0731649 0.220109 0.682369
0 0.979781 0.689803 0.038549 0.293656 0.420458
0 0.989647 0.0190426 0.0195309 0.0373425 0.00632519
0 0.983611 0.0168491 0.032779 0.0320675 0.00328368
0 0.840932 0.87956 0.0766308 0.22832 0.0031357
0 0.982614 0.638347 0.0333435 0.220554 0.00173696
0 0.903758 0.0181161 0.0524559 0.0346096 0.00173605
0 0.97341 0.0176008 0.0502625 0.0324736 0.00113984
0 0.967019 0.6903 0.0659621 0.297902 0.00111486
