0 0.254175 0.782205 0.0990952 0.329487 0.905593
0 0.176473 0.792795 0.0834826 0.315859 0.890004
0 0.741263 0.095435 0.101606 0.189649 0.869171
0 0.709425 0.319388 0.0851153 0.25515 0.856549
0 0.914801 0.951043 0.0986736 0.0965125 0.799636
0 0.384175 0.972459 0.0786042 0.0545953 0.281395
0 0.407961 0.971435 0.121258 0.0568293 0.00696968
0 0.384952 0.973398 0.0475801 0.0532045 0.00431828
0 0.972478 0.0174625 0.0530983 0.0329482 0.00257749
0 0.379402 0.962474 0.0920947 0.0750518 0.00225321
0 0.984032 0.0181974 0.0302942 0.0343575 0.00112864
