0 0.0725907 0.545125 0.0829324 0.263086 0.882542
0 0.958981 0.501334 0.0696524 0.271559 0.807364
0 0.020133 0.618327 0.039555 0.303624 0.788976
0 0.97531 0.514986 0.048852 0.249528 0.286668
0 0.984345 0.522717 0.0297871 0.229455 0.0554085
0 0.0166305 0.572652 0.0329347 0.202476 0.00350393
0 0.990002 0.531408 0.0199963 0.221763 0.00306399
0 0.0321022 0.626455 0.0642044 0.316438 0.0026971
0 0.983099 0.0165236 0.0338023 0.0312765 0.00261151
0 0.989137 0.0189128 0.0204363 0.0372718 0.00230444
0 0.981929 0.486864 0.0361425 0.191277 0.00127173
