0 0.902554 0.672642 0.100944 0.288394 0.911045
0 0.123612 0.962091 0.09572 0.0754501 0.702029
0 0.829854 0.184801 0.0317966 0.127375 0.200477
0 0.972511 0.0181227 0.0539284 0.0338208 0.0117346
0 0.564421 0.445762 0.0244115 0.101596 0.00762619
0 0.953978 0.0185377 0.0750107 0.0355748 0.00564484
0 0.984694 0.0187561 0.0298494 0.0358557 0.00323711
0 0.848432 0.183157 0.068156 0.13453 0.00185989
0 0.122206 0.961141 0.0479613 0.0767761 0.00154362
0 0.578532 0.442708 0.0236368 0.103771 0.00125944
0 0.120722 0.941582 0.0999642 0.103418 0.00108115
