0 0.688081 0.211051 0.105943 0.254607 0.85249
0 0.893466 0.675945 0.131849 0.318192 0.797011
0 0.964717 0.365616 0.0691959 0.288611 0.718743
0 0.974838 0.95871 0.0503248 0.0775347 0.112874
0 0.977471 0.38186 0.0442354 0.266284 0.0419326
0 0.985468 0.382824 0.0269886 0.250094 0.011317
0 0.959836 0.304098 0.0537149 0.169271 0.00265899
0 0.978498 0.0186125 0.0394115 0.0341805 0.00171918
0 0.469581 0.0141458 0.0862702 0.0282915 0.0016253
0 0.453661 0.00719037 0.0534161 0.0143807 0.00149028
0 0.452877 0.0126299 0.0725525 0.0252597 0.00140203
