0 0.0832856 0.448039 0.0980763 0.307055 0.878763
0 0.952511 0.744008 0.0898182 0.282852 0.874306
0 0.697885 0.85851 0.0967766 0.277572 0.8664
0 0.0236082 0.45873 0.0466593 0.29819 0.792999
0 0.326902 0.962408 0.0821705 0.0743511 0.612061
0 0.974562 0.663615 0.050875 0.26256 0.549553
0 0.975031 0.610652 0.0480398 0.164523 0.160173
0 0.308465 0.954775 0.116376 0.0904495 0.0126917
0 0.228552 0.984201 0.0456162 0.0315987 0.0120482
0 0.975055 0.57344 0.0459936 0.0898665 0.0119545
0 0.0351142 0.458554 0.0702284 0.305848 0.00898566
0 0.984839 0.746722 0.0293251 0.11194 0.00763513
0 0.983983 0.676741 0.0320341 0.275579 0.00440998
0 0.992303 0.774329 0.0148035 0.176823 0.00440038
0 0.328128 0.963239 0.0476169 0.0732446 0.00428895
0 0.97996 0.723134 0.0397636 0.254117 0.00413871
0 0.964501 0.682395 0.0709978 0.280488 0.0034679
0 0.356538 0.96366 0.129468 0.0723057 0.00268994
0 0.232947 0.977994 0.0546702 0.0434533 0.0019785
0 0.020763 0.40754 0.041526 0.22312 0.00178593
0 0.342327 0.96953 0.0968557 0.0609403 0.00172962
0 0.988268 0.786417 0.0234632 0.202614 0.00160051
0 0.329978 0.941945 0.0983809 0.105947 0.00147924
0 0.993513 0.745996 0.0111956 0.10923 0.00129892
