0 0.569454 0.935625 0.097317 0.12875 0.8936
0 0.971581 0.347615 0.0562954 0.218954 0.804722
0 0.513324 0.0770368 0.0898296 0.152665 0.741747
0 0.737718 0.113221 0.122147 0.220797 0.714083
0 0.42687 0.967122 0.0853498 0.0655761 0.303907
0 0.390058 0.969725 0.131251 0.0600963 0.13265
0 0.715401 0.0881869 0.0873427 0.175347 0.0687364
0 0.577093 0.974959 0.0719275 0.0500745 0.0271422
0 0.361368 0.970637 0.0786795 0.0574105 0.0259808
0 0.980003 0.0183785 0.0372017 0.0343363 0.00955896
0 0.705874 0.0439225 0.0635273 0.0844675 0.00800091
0 0.988185 0.0186753 0.0221216 0.0368144 0.00793326
0 0.9791 0.322249 0.0389452 0.171927 0.00320526
0 0.404125 0.955989 0.141377 0.0816947 0.00292984
0 0.427753 0.967206 0.0475442 0.0653443 0.00136264
0 0.973011 0.0226737 0.0506264 0.042353 0.00134732
0 0.921288 0.0163882 0.0489117 0.0311135 0.00116679
0 0.90973 0.021364 0.055168 0.0398958 0.00107922
