0 0.0470382 0.545354 0.0930435 0.267895 0.903769
0 0.705767 0.188357 0.105155 0.266659 0.868363
0 0.849254 0.143194 0.108501 0.250018 0.864599
0 0.232722 0.948978 0.0963335 0.102045 0.762901
0 0.958188 0.685542 0.0827606 0.178831 0.659825
0 0.958179 0.755872 0.0836426 0.332106 0.332139
0 0.263521 0.946956 0.145276 0.104466 0.0284282
0 0.314795 0.973258 0.0683299 0.0534848 0.0247737
0 0.990499 0.0235053 0.0181536 0.0462809 0.00557194
0 0.306841 0.957535 0.0851432 0.0836741 0.00299083
0 0.986256 0.0191688 0.0268059 0.0379474 0.00242068
0 0.309349 0.976778 0.0462097 0.0461544 0.00116898
