0 0.067061 0.827363 0.0892484 0.336262 0.876172
0 0.957744 0.480563 0.0811512 0.283551 0.83691
0 0.853502 0.640183 0.085961 0.313767 0.81005
0 0.785062 0.737516 0.107619 0.300273 0.78355
0 0.973894 0.489327 0.0501499 0.275538 0.0027382
0 0.972859 0.0173924 0.0521843 0.032141 0.00204881
0 0.501631 0.017391 0.122294 0.034782 0.00169654
0 0.990097 0.023779 0.0188341 0.0465348 0.00134962
0 0.984561 0.0181792 0.0296335 0.0341426 0.0013199
0 0.903969 0.0185027 0.0585798 0.0352906 0.00118371
0 0.845271 0.595015 0.0729542 0.234055 0.00109008
