0 0.644371 0.931073 0.0957552 0.137853 0.841477
0 0.357184 0.940301 0.0676912 0.119399 0.719443
0 0.533035 0.0365693 0.11021 0.0731385 0.0254437
0 0.541136 0.0174832 0.105426 0.0349664 0.0157036
0 0.531091 0.0248054 0.109077 0.0496108 0.00614862
0 0.534357 0.0129599 0.0888764 0.0255376 0.00514905
0 0.989167 0.0189063 0.020575 0.0370651 0.00505993
0 0.983973 0.0163545 0.0320537 0.0319108 0.00425791
0 0.522914 0.0139049 0.106159 0.0278097 0.00321029
0 0.550372 0.0240839 0.104767 0.0481679 0.00228386
0 0.531934 0.00913652 0.0996803 0.018273 0.00181092
0 0.97269 0.0179273 0.0525856 0.0329788 0.00153089
0 0.528555 0.00916477 0.0866905 0.0183295 0.00106723
