0 0.216912 0.902483 0.101961 0.193949 0.906563
0 0.0813854 0.903784 0.0907848 0.19225 0.838038
0 0.661616 0.165315 0.116411 0.250803 0.816496
0 0.193118 0.676453 0.0773897 0.296643 0.807379
0 0.263907 0.64518 0.096137 0.343018 0.779096
0 0.916948 0.331917 0.12399 0.302169 0.74905
0 0.883948 0.259305 0.0663485 0.209875 0.633538
0 0.235334 0.677979 0.0469052 0.264989 0.127392
0 0.218562 0.667456 0.0747749 0.303008 0.0526667
0 0.904926 0.280532 0.102929 0.216188 0.0129232
0 0.234626 0.656268 0.0662584 0.327806 0.0103484
0 0.0179662 0.918881 0.0319178 0.158196 0.00233797
0 0.99104 0.0239614 0.0170622 0.0474379 0.00169693
