0 0.0652934 0.675392 0.0916917 0.286967 0.853507
0 0.808778 0.0297363 0.0726767 0.0594725 0.809856
0 0.809762 0.0255579 0.0474615 0.0506748 0.00562003
0 0.814589 0.0429907 0.0775586 0.0859815 0.00283428
0 0.972844 0.0173097 0.0505663 0.0318165 0.00213476
0 0.804565 0.0159045 0.0743565 0.0316361 0.00207905
0 0.792665 0.0213646 0.077953 0.0424909 0.00206586
0 0.985107 0.0223689 0.0285042 0.0431499 0.00165828
0 0.80974 0.0280216 0.0278074 0.0438001 0.00153077
0 0.98214 0.0154279 0.0357205 0.0308558 0.0012733
