0 0.120696 0.925914 0.0876779 0.148173 0.887867
0 0.891106 0.22942 0.125753 0.269444 0.859717
0 0.94017 0.428268 0.102834 0.24717 0.851988
0 0.472819 0.049606 0.0915387 0.0961766 0.776116
0 0.647484 0.035986 0.0905073 0.071972 0.0632331
0 0.619878 0.0368843 0.141788 0.0733246 0.0275695
0 0.627881 0.0238404 0.120509 0.0476807 0.00921727
0 0.640371 0.0199078 0.0894294 0.0398156 0.00476561
0 0.458583 0.0494728 0.04794 0.0969152 0.00372466
0 0.663411 0.0318165 0.0730016 0.0636329 0.00321078
0 0.646091 0.0135252 0.0821383 0.0270503 0.00167941
0 0.471313 0.0494026 0.0479637 0.0968204 0.00135012
