0 0.227651 0.677572 0.0984711 0.322215 0.903826
0 0.14441 0.692788 0.0872797 0.29243 0.900919
0 0.358527 0.919294 0.0885123 0.161406 0.898479
0 0.273935 0.942101 0.0928104 0.115798 0.895293
0 0.586555 0.156908 0.103623 0.229667 0.863733
0 0.584502 0.959509 0.0793928 0.0809025 0.848138
0 0.914264 0.949033 0.0992508 0.1007 0.818505
0 0.508775 0.954471 0.0744518 0.0902413 0.788342
0 0.584445 0.959783 0.0481081 0.0793362 0.00928387
0 0.897781 0.0184109 0.0605425 0.0351162 0.0013809
0 0.972371 0.0176887 0.0536531 0.0334703 0.00124663
0 0.488984 0.949182 0.105692 0.0979289 0.0011244
