0 0.345763 0.665055 0.0904574 0.197805 0.924687
0 0.273508 0.749542 0.0649833 0.250655 0.876655
0 0.738875 0.495395 0.0922669 0.218192 0.873906
0 0.218208 0.750995 0.0670624 0.254257 0.867571
0 0.0570484 0.741629 0.110146 0.300381 0.029813
0 0.155199 0.567473 0.0611718 0.290665 0.0287373
0 0.0364012 0.742375 0.0712332 0.324705 0.0124458
0 0.15059 0.640995 0.0436827 0.131601 0.0110427
0 0.238422 0.751999 0.093225 0.254004 0.00662804
0 0.112079 0.880821 0.073243 0.222483 0.00252484
0 0.152434 0.609216 0.0465286 0.204775 0.0017923
0 0.0195912 0.553136 0.0372956 0.349082 0.00138197
