0 0.959943 0.750101 0.0777746 0.244934 0.878003
0 0.259646 0.575397 0.0656331 0.230133 0.861218
0 0.0423758 0.769692 0.082762 0.305294 0.162665
0 0.0263083 0.617918 0.0515523 0.289068 0.134857
0 0.0957584 0.338339 0.10859 0.318574 0.0138262
0 0.0163608 0.616771 0.0310032 0.274757 0.00682157
0 0.0256861 0.759607 0.0507575 0.310543 0.00574011
0 0.037828 0.644347 0.0746275 0.315372 0.00512538
0 0.0209777 0.573167 0.0404686 0.299415 0.00254162
0 0.0960891 0.713421 0.0603321 0.255187 0.0017868
0 0.0290235 0.54085 0.0571181 0.356791 0.00159081
0 0.0719903 0.36514 0.108458 0.280735 0.00117763
0 0.150987 0.322588 0.0755326 0.187772 0.00107886
