0 0.972064 0.788278 0.0546478 0.212287 0.845146
0 0.0292262 0.58285 0.0575246 0.316448 0.12361
0 0.0322051 0.656912 0.0632389 0.340544 0.0484146
0 0.101537 0.754278 0.0733587 0.301953 0.0268675
0 0.162326 0.335973 0.0745114 0.160334 0.0119463
0 0.038512 0.540775 0.0749534 0.369832 0.00550596
0 0.0950465 0.709872 0.064576 0.217066 0.00393292
0 0.093847 0.321269 0.0863405 0.286518 0.0031397
0 0.0221131 0.623941 0.0442262 0.30696 0.00284843
0 0.0549781 0.757467 0.097337 0.316652 0.0027047
0 0.0240751 0.525794 0.0469908 0.346874 0.0025502
0 0.0370139 0.739787 0.0678202 0.293332 0.00209015
0 0.0845704 0.772489 0.0962034 0.3604 0.00171408
0 0.0202564 0.708317 0.0395085 0.320216 0.00103974
