0 0.316515 0.694215 0.0748852 0.231412 0.847703
0 0.973077 0.754951 0.0525133 0.234768 0.489219
0 0.307959 0.944916 0.0907135 0.10817 0.0833862
0 0.0234891 0.624501 0.0460301 0.380247 0.0174287
0 0.0702803 0.323012 0.10879 0.363957 0.00998709
0 0.0294386 0.692306 0.0572091 0.326651 0.00411198
0 0.251791 0.399324 0.0689829 0.281879 0.00326785
0 0.0201855 0.542687 0.0403709 0.347422 0.00326126
0 0.133334 0.340113 0.128829 0.281353 0.00295771
0 0.105351 0.335206 0.126576 0.32308 0.00271575
0 0.0163645 0.61758 0.0309964 0.311026 0.00257403
0 0.0451543 0.321621 0.0903085 0.379039 0.00175669
0 0.814093 0.575294 0.034816 0.104513 0.00134297
0 0.0314274 0.459174 0.0628548 0.396368 0.00121124
0 0.152403 0.336733 0.0959829 0.194691 0.00103636
