0 0.769561 0.560238 0.0735645 0.226693 0.876404
0 0.131247 0.34312 0.126869 0.24559 0.195454
0 0.117248 0.836282 0.0944231 0.285656 0.0275447
0 0.0844993 0.599027 0.100149 0.305256 0.00839223
0 0.152924 0.321663 0.110527 0.231621 0.00686923
0 0.0224161 0.588233 0.0446713 0.343732 0.00540167
0 0.0972166 0.70663 0.076085 0.256719 0.00235099
0 0.0151776 0.555221 0.0303551 0.363194 0.00161754
0 0.0211592 0.662039 0.0411023 0.285195 0.00149275
0 0.131204 0.348747 0.087267 0.212116 0.00134346
0 0.142856 0.287706 0.138006 0.338938 0.00116991
