0 0.803959 0.542755 0.0812539 0.226052 0.0507854
0 0.131678 0.340221 0.133008 0.289379 0.00903185
0 0.0258955 0.662438 0.049601 0.290573 0.00549187
0 0.801073 0.496218 0.0748029 0.135453 0.00387861
0 0.0190786 0.552889 0.0376896 0.356136 0.00371134
0 0.153349 0.384908 0.145859 0.286076 0.00249675
0 0.105804 0.207229 0.127076 0.335627 0.00206976
0 0.0390139 0.677819 0.0756875 0.297457 0.00171542
0 0.0847951 0.551728 0.109068 0.354927 0.00163184
0 0.0819732 0.220797 0.0905737 0.289409 0.00155088
0 0.0690596 0.321471 0.108758 0.336556 0.00104758
