0 0.902719 0.498078 0.0584166 0.200561 0.825427
0 0.955257 0.494918 0.0687849 0.178618 0.805511
0 0.120642 0.339086 0.153565 0.27979 0.209008
0 0.135502 0.342169 0.118177 0.206313 0.0995435
0 0.0289499 0.555958 0.0566956 0.3556 0.0601711
0 0.0325991 0.646661 0.0637676 0.335577 0.0598413
0 0.152713 0.326019 0.0825599 0.174162 0.0371426
0 0.0884412 0.333543 0.0859851 0.315354 0.0256979
0 0.93759 0.505638 0.0933039 0.198242 0.00407433
0 0.0373979 0.491915 0.0705517 0.389151 0.00189662
0 0.0425477 0.754378 0.0840376 0.319663 0.00128988
0 0.108833 0.81903 0.0852651 0.274409 0.00123499
