0 0.356336 0.803555 0.0559316 0.251821 0.889561
0 0.409447 0.780047 0.0605808 0.250792 0.871963
0 0.209898 0.848217 0.082463 0.300153 0.732101
0 0.545449 0.970919 0.05341 0.0543473 0.653247
0 0.532964 0.965797 0.0767123 0.0628339 0.00736204
0 0.546439 0.971312 0.0288208 0.0442999 0.00464886
0 0.895435 0.182823 0.0351246 0.218262 0.00198213
0 0.188709 0.862854 0.102848 0.263551 0.00144692
0 0.0332632 0.676049 0.0635189 0.336045 0.00137934
0 0.544834 0.958919 0.0618143 0.0707379 0.00124881
0 0.379968 0.789721 0.0840368 0.238623 0.00100847
