0 0.235197 0.596799 0.070741 0.219039 0.890646
0 0.872889 0.649137 0.0826155 0.244682 0.890068
0 0.235124 0.874061 0.0594167 0.245699 0.804016
0 0.282435 0.873692 0.0481829 0.235774 0.789342
0 0.181717 0.635439 0.0594092 0.176797 0.665968
0 0.0715663 0.335543 0.0933194 0.373974 0.00507119
0 0.0959093 0.336129 0.127099 0.340234 0.0048372
0 0.132574 0.354021 0.0939631 0.216268 0.00390864
0 0.250716 0.858755 0.0721709 0.242069 0.00230506
0 0.895041 0.181808 0.0336475 0.209341 0.00226669
0 0.293394 0.869566 0.0794263 0.2412 0.00171581
0 0.0293353 0.761566 0.0574719 0.34843 0.00169981
