0 0.864275 0.530195 0.0801559 0.224922 0.880823
0 0.960804 0.729677 0.0767088 0.243196 0.875695
0 0.11907 0.337551 0.154181 0.305814 0.0169978
0 0.0264977 0.692527 0.0524874 0.311926 0.0140401
0 0.0205616 0.583123 0.0411233 0.341254 0.0046935
0 0.10466 0.79293 0.0794076 0.27588 0.00327112
0 0.0352836 0.756374 0.0692955 0.341756 0.00283342
0 0.0833785 0.63016 0.085003 0.269998 0.0021268
0 0.0887841 0.334889 0.104584 0.338084 0.00116164
0 0.140003 0.340562 0.109406 0.255669 0.0011344
0 0.0145861 0.694995 0.028685 0.307507 0.0011164
