0 0.953763 0.589074 0.0912266 0.238896 0.887734
0 0.0329698 0.682114 0.0658449 0.338874 0.0766981
0 0.0324087 0.45834 0.0634609 0.380189 0.0746728
0 0.030899 0.582745 0.0598851 0.368269 0.0674933
0 0.144029 0.354558 0.096874 0.224958 0.0210865
0 0.119791 0.353352 0.148592 0.255214 0.00979493
0 0.0493785 0.707561 0.095277 0.293302 0.00621926
0 0.0416932 0.625518 0.0833864 0.402574 0.00582175
0 0.0842332 0.332597 0.0873606 0.277185 0.00250771
0 0.0214637 0.719821 0.0428716 0.292404 0.00212056
0 0.0539378 0.568325 0.107876 0.375145 0.00187364
0 0.0158078 0.458741 0.0316155 0.373695 0.0012949
0 0.0215154 0.617134 0.0415064 0.36302 0.00113719
