0 0.427898 0.883922 0.083102 0.201634 0.932924
0 0.499661 0.809317 0.0694758 0.254904 0.925713
0 0.297097 0.871694 0.0904799 0.231875 0.913755
0 0.0292504 0.677881 0.0585008 0.328657 0.0426336
0 0.134076 0.341858 0.117392 0.241092 0.0159293
0 0.0298773 0.589143 0.0572812 0.328434 0.00489759
0 0.112175 0.83098 0.0903255 0.275995 0.00304363
0 0.0215035 0.713103 0.0427357 0.273423 0.00263483
0 0.0401604 0.723843 0.0787881 0.342516 0.00194828
0 0.0332504 0.459883 0.0665008 0.381549 0.00178296
0 0.251283 0.397594 0.0688231 0.268645 0.00133856
