0 0.401817 0.78457 0.0749744 0.228024 0.902258
0 0.209457 0.685048 0.0958715 0.242362 0.72381
0 0.0273123 0.740545 0.0541836 0.288631 0.0595436
0 0.0839371 0.697737 0.0637193 0.179286 0.0281652
0 0.0291639 0.616194 0.0568171 0.355946 0.0230732
0 0.1298 0.874789 0.131363 0.250423 0.00694746
0 0.0916504 0.750921 0.0691143 0.274762 0.00544609
0 0.019798 0.770821 0.0387354 0.271171 0.0039019
0 0.035631 0.696145 0.0668238 0.235233 0.00314396
0 0.103066 0.334076 0.104881 0.330275 0.00302382
0 0.0311843 0.479583 0.0600179 0.356438 0.0019598
0 0.0211525 0.693512 0.0423049 0.234943 0.00124984
0 0.16766 0.254819 0.0994922 0.287619 0.00104961
