0 0.719588 0.451173 0.0833915 0.214362 0.714904
0 0.265331 0.553124 0.0537418 0.241698 0.694278
0 0.224729 0.557888 0.0469329 0.234741 0.431128
0 0.244402 0.552713 0.079425 0.25462 0.0643939
0 0.700752 0.444644 0.0500623 0.19376 0.00420833
0 0.0407342 0.725864 0.0804336 0.307408 0.00350372
0 0.0306339 0.621054 0.0612678 0.38465 0.0028482
0 0.0201297 0.570445 0.0399715 0.360317 0.00264908
0 0.160025 0.181583 0.0921618 0.31207 0.00122517
0 0.229294 0.570831 0.0773655 0.214415 0.00120597
0 0.0942587 0.333806 0.120077 0.321485 0.00103461
