0 0.757443 0.493629 0.0756042 0.210814 0.886134
0 0.252814 0.831982 0.0571176 0.236203 0.879312
0 0.191975 0.814816 0.0658435 0.243875 0.81569
0 0.190444 0.536473 0.09264 0.265625 0.196426
0 0.107936 0.329734 0.139076 0.333251 0.0263779
0 0.023899 0.662216 0.0469193 0.318117 0.0162188
0 0.106197 0.845647 0.0852312 0.236541 0.00791241
0 0.0854606 0.151952 0.0883355 0.254737 0.00746658
0 0.10538 0.181335 0.12673 0.302177 0.00154103
0 0.0211088 0.60061 0.0422176 0.369435 0.00138936
0 0.180358 0.573936 0.0766679 0.184333 0.00136943
0 0.0841518 0.277414 0.100746 0.393492 0.00124834
0 0.0693244 0.361162 0.0794869 0.267913 0.00104141
