0 0.325774 0.860044 0.0666447 0.246961 0.916301
0 0.263006 0.860948 0.05984 0.24904 0.790189
0 0.967619 0.816192 0.0633062 0.218863 0.409291
0 0.16257 0.681175 0.0551155 0.250963 0.110017
0 0.028546 0.571601 0.0561534 0.380159 0.0694283
0 0.145457 0.667171 0.0693901 0.257745 0.00822495
0 0.130509 0.667756 0.0537165 0.250616 0.00646493
0 0.978632 0.796769 0.0427354 0.207189 0.00571319
0 0.985105 0.817984 0.0282747 0.20805 0.00264281
0 0.0307631 0.676518 0.0615262 0.348922 0.00260495
0 0.0220344 0.590117 0.0434241 0.280855 0.00194202
