0 0.210587 0.662031 0.081653 0.269438 0.59499
0 0.0310717 0.634771 0.0621434 0.36931 0.0451893
0 0.187286 0.653634 0.0999902 0.25145 0.0114052
0 0.15473 0.636714 0.0569939 0.23087 0.0108641
0 0.0560326 0.768163 0.0994436 0.303501 0.010009
0 0.0143817 0.433838 0.0282196 0.379233 0.00697601
0 0.0263121 0.449334 0.0526242 0.373396 0.0046276
0 0.0509127 0.634282 0.0969882 0.36764 0.0025425
0 0.0212382 0.603265 0.0420607 0.370039 0.00244954
0 0.0108437 0.822764 0.0200639 0.195604 0.00228398
0 0.0194343 0.523287 0.0377773 0.297057 0.00172408
0 0.222327 0.707206 0.0681504 0.28198 0.00118244
0 0.0575927 0.334735 0.095972 0.362735 0.0011501
0 0.0737431 0.206174 0.0931486 0.286725 0.00105967
0 0.133558 0.385326 0.140486 0.287556 0.00104678
