0 0.24944 0.55762 0.0734695 0.240745 0.843997
0 0.184193 0.787632 0.0813001 0.252921 0.552599
0 0.0241599 0.693797 0.0478722 0.294929 0.0414148
0 0.121677 0.338122 0.152042 0.288127 0.0133817
0 0.175431 0.748259 0.0697767 0.179098 0.00781943
0 0.0160285 0.709272 0.0311257 0.288617 0.0048194
0 0.116236 0.807996 0.0718725 0.231306 0.00423006
0 0.0198037 0.56924 0.0390321 0.363874 0.00323796
0 0.201005 0.815973 0.074026 0.279685 0.00273995
0 0.108308 0.525516 0.102157 0.311253 0.00210345
0 0.106486 0.57862 0.0872192 0.268138 0.00179649
