0 0.418953 0.898943 0.0854073 0.197676 0.935277
0 0.142273 0.347284 0.112072 0.197294 0.592944
0 0.232019 0.854857 0.0697104 0.253606 0.503218
0 0.0958474 0.708953 0.0697661 0.225109 0.121763
0 0.0242834 0.590214 0.0472928 0.361713 0.0528105
0 0.199374 0.866618 0.0840435 0.258088 0.03308
0 0.181232 0.872855 0.0593723 0.247952 0.0155982
0 0.124824 0.335297 0.157034 0.27132 0.0111556
0 0.0368903 0.572827 0.0730613 0.365386 0.00832725
0 0.0295534 0.677343 0.0576604 0.326374 0.00421874
0 0.157046 0.320809 0.0881492 0.156125 0.00225959
0 0.246205 0.852649 0.0589944 0.225622 0.0018832
0 0.0199742 0.53765 0.0381396 0.290907 0.001176
