0 0.751135 0.241234 0.0680806 0.158452 0.877131
0 0.771736 0.410319 0.0748109 0.181276 0.859361
0 0.0333709 0.460116 0.0642226 0.363884 0.434152
0 0.0348696 0.681094 0.0694649 0.319131 0.276616
0 0.030141 0.584819 0.0584053 0.364033 0.0602312
0 0.0850669 0.331311 0.0827134 0.277788 0.00941918
0 0.022371 0.70554 0.0442522 0.290119 0.00844364
0 0.147473 0.35437 0.0984775 0.227874 0.00610939
0 0.0236421 0.464834 0.0472842 0.319588 0.0019592
0 0.0415428 0.607674 0.0830856 0.416962 0.00170376
0 0.0257633 0.398424 0.0482541 0.234099 0.00163092
0 0.0136298 0.708253 0.0264273 0.273855 0.00148726
0 0.120172 0.352719 0.134997 0.254533 0.0012948
