0 0.950509 0.543819 0.0834837 0.232973 0.880261
0 0.105483 0.332531 0.130022 0.308067 0.496546
0 0.248421 0.400719 0.0763031 0.315413 0.0140698
0 0.0737704 0.333052 0.117419 0.324852 0.00570244
0 0.106546 0.195247 0.145612 0.344867 0.00420794
0 0.0287173 0.692937 0.0562886 0.270028 0.00338395
0 0.0435432 0.758527 0.0868605 0.359607 0.00289542
0 0.0292476 0.336544 0.0584953 0.335539 0.00285376
0 0.0530584 0.693006 0.0999496 0.290277 0.00126992
0 0.017925 0.310028 0.0358499 0.349748 0.00125114
0 0.0264979 0.429779 0.0529509 0.382983 0.0010217
