0 0.471475 0.948331 0.0906377 0.0989816 0.857991
0 0.030444 0.46368 0.0605614 0.401667 0.0727267
0 0.0251583 0.6914 0.0488858 0.272254 0.0211722
0 0.0259215 0.399252 0.0502626 0.302853 0.0137631
0 0.178541 0.568198 0.0739844 0.261149 0.0125918
0 0.193243 0.696754 0.0871819 0.271963 0.0116612
0 0.1933 0.801769 0.07346 0.276597 0.0111617
0 0.0315852 0.335791 0.0628261 0.33739 0.0108563
0 0.144241 0.343038 0.10993 0.214803 0.0079153
0 0.0265071 0.604802 0.0530143 0.405052 0.00241734
0 0.0487334 0.397435 0.0919615 0.35286 0.00148137
0 0.472264 0.948277 0.0483339 0.0994033 0.00146186
0 0.0120048 0.365829 0.0237662 0.306356 0.00141562
0 0.0229486 0.521241 0.0451997 0.348763 0.0010414
