0 0.929838 0.763757 0.0777384 0.230172 0.871664
0 0.787513 0.41087 0.0777725 0.214272 0.860864
0 0.460524 0.967882 0.0686322 0.0622703 0.771326
0 0.220119 0.826519 0.102647 0.252822 0.179119
0 0.138399 0.351127 0.120781 0.212145 0.124089
0 0.123814 0.337894 0.149275 0.30652 0.0197401
0 0.0841619 0.33421 0.101994 0.335839 0.00882611
0 0.160623 0.338603 0.0832727 0.195678 0.00653563
0 0.243033 0.826575 0.0605133 0.235337 0.00314191
0 0.0396902 0.771334 0.077326 0.309154 0.00279889
0 0.220097 0.891363 0.105095 0.217274 0.00272508
0 0.0976753 0.669919 0.0576814 0.144893 0.00210408
0 0.459869 0.954241 0.080603 0.0787328 0.00133144
