0 0.251579 0.699244 0.0741911 0.260808 0.849953
0 0.186124 0.689308 0.0639278 0.249729 0.818583
0 0.0297219 0.63389 0.0583996 0.315141 0.0397948
0 0.0224443 0.569525 0.0434669 0.343036 0.00691055
0 0.189748 0.816374 0.0698 0.253037 0.00309096
0 0.0215873 0.691806 0.0425952 0.282582 0.00206918
0 0.10348 0.801716 0.0862265 0.336084 0.00151555
0 0.0388178 0.678359 0.0752942 0.291613 0.00144944
0 0.0248789 0.630503 0.0476718 0.222745 0.00139765
0 0.107701 0.883672 0.0912669 0.232657 0.00119603
0 0.0145464 0.601105 0.0277008 0.290199 0.00100236
