0 0.909845 0.507148 0.0821918 0.231841 0.866428
0 0.0220132 0.584894 0.0425066 0.320128 0.203795
0 0.159516 0.339605 0.0741613 0.202872 0.0461454
0 0.0858266 0.331977 0.0894525 0.320862 0.035664
0 0.0317497 0.621086 0.0634994 0.369886 0.0269565
0 0.0259772 0.525726 0.0508281 0.304583 0.0123011
0 0.0163936 0.615917 0.0308031 0.292566 0.00843496
0 0.0231502 0.661127 0.044168 0.305071 0.00259664
0 0.036843 0.553853 0.0701509 0.343474 0.00254364
0 0.19745 0.804238 0.0811996 0.276986 0.00225501
0 0.0228415 0.514051 0.0435783 0.212364 0.00215985
0 0.01626 0.525657 0.031036 0.263445 0.00195144
0 0.105616 0.199365 0.118041 0.380961 0.00146174
0 0.13371 0.698053 0.0717165 0.270249 0.00129873
0 0.137492 0.339447 0.105921 0.222613 0.00108799
