0 0.229299 0.786817 0.0842886 0.260675 0.57262
0 0.155602 0.742369 0.0660981 0.197524 0.514614
0 0.646002 0.324484 0.0666866 0.146476 0.114594
0 0.151355 0.787166 0.071716 0.296115 0.0519421
0 0.0195789 0.581367 0.0389633 0.313698 0.0476799
0 0.213209 0.799166 0.0627431 0.268332 0.0476342
0 0.229246 0.742979 0.0738402 0.176785 0.0116254
0 0.0450781 0.729166 0.0847724 0.22849 0.00742414
0 0.107231 0.334425 0.143773 0.363082 0.00624478
0 0.0305328 0.69494 0.0610656 0.2963 0.0039065
0 0.0771645 0.596949 0.0729689 0.283005 0.00270473
0 0.0397533 0.57038 0.0790453 0.335212 0.00242859
0 0.0151949 0.525103 0.0296066 0.296938 0.00167143
0 0.046846 0.659881 0.0883492 0.343659 0.00113253
