0 0.685181 0.346075 0.0563292 0.164257 0.878255
0 0.265702 0.947659 0.0804428 0.104173 0.85014
0 0.0277692 0.682055 0.0547851 0.304961 0.166035
0 0.108903 0.333957 0.135689 0.327701 0.0119428
0 0.0155878 0.693856 0.0309314 0.285645 0.00694249
0 0.108644 0.183616 0.127474 0.317558 0.00620201
0 0.0937727 0.714226 0.0728606 0.246265 0.00416073
0 0.102899 0.78392 0.0917378 0.332846 0.00221681
0 0.0276833 0.572325 0.0553666 0.369661 0.00121046
0 0.0213306 0.627792 0.0426612 0.347586 0.00113362
0 0.0319392 0.460844 0.0628708 0.379712 0.00109883
