0 0.371082 0.775609 0.0805008 0.237053 0.877791
0 0.960889 0.525108 0.0782224 0.234109 0.812249
0 0.0846843 0.336898 0.0806039 0.33012 0.0379678
0 0.975558 0.514441 0.0469933 0.215669 0.0217963
0 0.10981 0.350617 0.137618 0.319628 0.011919
0 0.246176 0.851383 0.0902669 0.257175 0.00754917
0 0.0318147 0.52191 0.0603593 0.332175 0.00363
0 0.254141 0.891848 0.0753531 0.210377 0.00223272
0 0.094678 0.288179 0.10424 0.394527 0.00217689
0 0.128074 0.367071 0.123887 0.235204 0.00186157
0 0.235524 0.808209 0.0949162 0.25734 0.00117894
