0 0.871446 0.509181 0.0778824 0.225086 0.804775
0 0.843508 0.494556 0.0369705 0.185028 0.606492
0 0.788619 0.322191 0.0785377 0.179487 0.198755
0 0.788941 0.274113 0.0644844 0.0785304 0.0677462
0 0.0285476 0.676529 0.0560858 0.297484 0.0322342
0 0.102338 0.535537 0.138407 0.314448 0.0226327
0 0.0864109 0.466775 0.154793 0.433313 0.00698857
0 0.117425 0.198068 0.132203 0.358519 0.00532923
0 0.855343 0.493192 0.0789391 0.186774 0.00311016
0 0.0200193 0.585763 0.0399404 0.341203 0.00265316
0 0.106121 0.81943 0.0835763 0.272311 0.00226111
0 0.0870672 0.693347 0.0748835 0.278456 0.00192641
0 0.0188256 0.706257 0.0374361 0.292802 0.00192628
0 0.0552874 0.369839 0.090414 0.311357 0.00160145
