0 0.253672 0.480076 0.0578663 0.206625 0.824186
0 0.0279671 0.534526 0.0555101 0.390786 0.0363978
0 0.0395788 0.664328 0.0775279 0.304474 0.0107769
0 0.0388102 0.467705 0.0776205 0.433517 0.00603213
0 0.0195196 0.584822 0.0390393 0.342307 0.00559189
0 0.0549007 0.537295 0.105417 0.373935 0.00364159
0 0.0956856 0.331893 0.101148 0.324615 0.00239551
0 0.015696 0.524527 0.0313919 0.371563 0.00208038
0 0.083728 0.538144 0.0951302 0.328434 0.00153449
0 0.0262086 0.633302 0.0520004 0.326122 0.00133633
0 0.0387953 0.583157 0.0735665 0.360743 0.00120849
0 0.0157263 0.61586 0.0295265 0.271608 0.00102778
