0 0.47455 0.92506 0.0798302 0.147459 0.928979
0 0.346089 0.947432 0.0867629 0.104417 0.842402
0 0.212932 0.814926 0.0415513 0.231854 0.76339
0 0.14226 0.341281 0.112993 0.205679 0.0988161
0 0.0324415 0.650934 0.0623699 0.347789 0.0120108
0 0.196148 0.815 0.0692206 0.240052 0.00908243
0 0.054114 0.324164 0.105852 0.376129 0.00536981
0 0.1067 0.830905 0.0709132 0.246819 0.00358982
0 0.216983 0.814982 0.078188 0.235059 0.00327369
0 0.0499999 0.661468 0.0884738 0.327358 0.00164706
0 0.724088 0.215343 0.0395348 0.105312 0.00140545
0 0.0280947 0.583029 0.0541227 0.358033 0.00138392
0 0.34732 0.947982 0.0482558 0.102083 0.00127394
