0 0.45393 0.889803 0.083731 0.216306 0.923276
0 0.357377 0.90357 0.0790947 0.189296 0.899792
0 0.965292 0.673645 0.0688746 0.238287 0.811061
0 0.0308504 0.539948 0.0604258 0.374227 0.089253
0 0.0232231 0.580553 0.0453525 0.304947 0.0105607
0 0.978305 0.662691 0.0424913 0.213327 0.00997834
0 0.0261058 0.447718 0.051367 0.374533 0.00996497
0 0.0220615 0.502857 0.044123 0.396725 0.00594851
0 0.0408937 0.503966 0.0817874 0.425045 0.00569732
0 0.0845239 0.318236 0.10054 0.345602 0.00318205
0 0.166778 0.257712 0.117864 0.314649 0.0022748
0 0.0141291 0.446377 0.0282582 0.356778 0.00181376
0 0.015877 0.540521 0.031754 0.348767 0.00151637
0 0.0960837 0.247943 0.106487 0.411506 0.00137256
