0 0.383017 0.931783 0.0801492 0.135867 0.927529
0 0.264307 0.928554 0.0735851 0.142693 0.909837
0 0.30139 0.705729 0.0604648 0.245415 0.845554
0 0.350803 0.668547 0.0552492 0.241154 0.840359
0 0.0390364 0.645714 0.077023 0.299995 0.136859
0 0.89527 0.181755 0.0331787 0.214273 0.0629217
0 0.0312293 0.555108 0.0618374 0.346116 0.0433577
0 0.0235617 0.587317 0.0460476 0.27664 0.00934312
0 0.147355 0.35043 0.109632 0.175402 0.00190001
0 0.0154965 0.60194 0.0293073 0.253583 0.00144457
0 0.0230733 0.51098 0.0461466 0.355292 0.00117554
