0 0.886934 0.654177 0.0643682 0.186373 0.886493
0 0.948065 0.490007 0.0914389 0.138747 0.877527
0 0.942923 0.617825 0.0814892 0.216486 0.860651
0 0.0459092 0.7549 0.0918184 0.34844 0.0325421
0 0.105045 0.335464 0.118944 0.343621 0.0220316
0 0.0742709 0.334794 0.0805362 0.370832 0.00956293
0 0.0224208 0.759803 0.0448417 0.34817 0.0065703
0 0.0535864 0.318975 0.102049 0.374958 0.00419998
0 0.947141 0.464221 0.0844044 0.085037 0.00341269
0 0.0325753 0.693157 0.0626351 0.325925 0.00256214
0 0.0712819 0.764369 0.119315 0.331111 0.0021957
0 0.0546798 0.570097 0.102558 0.34624 0.00170793
0 0.0205301 0.830949 0.0403045 0.235744 0.00161231
