0 0.268232 0.900404 0.061889 0.196927 0.885393
0 0.264298 0.65803 0.0625809 0.229413 0.864519
0 0.316468 0.903516 0.0537711 0.189189 0.855595
0 0.977984 0.799375 0.043483 0.235607 0.796579
0 0.2122 0.679806 0.0603014 0.245827 0.684923
0 0.107115 0.193545 0.130228 0.346008 0.0443658
0 0.0313056 0.650448 0.0615464 0.360946 0.0117332
0 0.0440757 0.691457 0.0836135 0.262804 0.00688043
0 0.105873 0.332798 0.133153 0.298855 0.00285856
0 0.966881 0.799892 0.066238 0.239139 0.00201924
0 0.0564772 0.334849 0.103429 0.352941 0.00143198
0 0.0838618 0.219989 0.101905 0.324855 0.00124004
0 0.0165487 0.022419 0.0313463 0.044838 0.00114347
