0 0.492272 0.929212 0.0646363 0.13689 0.917269
0 0.238075 0.846442 0.0720132 0.269682 0.79347
0 0.141508 0.340774 0.109299 0.230492 0.142642
0 0.0314757 0.632803 0.0618306 0.358236 0.0968371
0 0.0858409 0.33191 0.0822844 0.357428 0.0510909
0 0.166934 0.270344 0.0831701 0.294415 0.0131992
0 0.0234143 0.587612 0.0462784 0.322046 0.0059644
0 0.17847 0.863839 0.0688433 0.265611 0.00449629
0 0.122715 0.324015 0.148795 0.295584 0.0041054
0 0.0429054 0.558751 0.0848577 0.368686 0.00389664
0 0.0261851 0.512949 0.0523701 0.345091 0.00202507
0 0.0297221 0.617265 0.0568933 0.227793 0.00128114
