0 0.733649 0.249006 0.057468 0.157114 0.857642
0 0.221291 0.704031 0.0583293 0.191157 0.612543
0 0.169333 0.706992 0.0535802 0.135903 0.441701
0 0.145587 0.342542 0.112681 0.223333 0.0472527
0 0.176805 0.773606 0.0702961 0.273201 0.0287495
0 0.0188391 0.613145 0.0363984 0.274287 0.00553605
0 0.0902591 0.15081 0.0936469 0.289448 0.00495851
0 0.0827299 0.332743 0.0984663 0.338331 0.00473443
0 0.101998 0.707766 0.0631699 0.223662 0.00457312
0 0.0292762 0.523694 0.0565482 0.325958 0.00343026
0 0.211424 0.740869 0.0671522 0.254452 0.00281648
0 0.116474 0.177775 0.139686 0.311882 0.00199897
0 0.165219 0.370043 0.132317 0.289386 0.00168812
0 0.224545 0.675978 0.0770861 0.141416 0.00167323
0 0.16532 0.741802 0.0563761 0.204323 0.0015753
0 0.0568403 0.36936 0.103543 0.346142 0.00107835
0 0.0241661 0.652873 0.0474541 0.32314 0.00102151
