0 0.368404 0.792586 0.0872966 0.25498 0.924889
0 0.261916 0.817039 0.0655545 0.222145 0.892004
0 0.793714 0.445827 0.0834145 0.203526 0.873069
0 0.031083 0.538509 0.0608559 0.324448 0.0758389
0 0.0242381 0.6929 0.0475435 0.305262 0.0516271
0 0.0275106 0.617333 0.0548458 0.400567 0.0248898
0 0.120297 0.338807 0.154826 0.276781 0.00855122
0 0.19622 0.852579 0.0631734 0.216786 0.00541064
0 0.0959866 0.166851 0.105373 0.263971 0.00460387
0 0.16494 0.228437 0.0943635 0.266725 0.0045799
0 0.0162041 0.694979 0.0307852 0.281716 0.0035844
0 0.0536464 0.540161 0.107293 0.348474 0.00302228
0 0.0856674 0.335575 0.0947989 0.303695 0.00216893
0 0.142034 0.350972 0.115341 0.211775 0.00159218
0 0.0346627 0.413824 0.0678198 0.339237 0.00120589
0 0.0417069 0.59833 0.0834137 0.41192 0.00118932
0 0.115053 0.832586 0.0853786 0.256256 0.00110246
0 0.0275341 0.507693 0.0531399 0.214177 0.00110055
