0 0.280267 0.717171 0.0762596 0.263272 0.869955
0 0.212333 0.688553 0.0681688 0.211334 0.805546
0 0.0325538 0.53871 0.063745 0.376293 0.0115017
0 0.0359159 0.415609 0.0688296 0.375835 0.0105139
0 0.0281381 0.661713 0.0549714 0.370648 0.00667147
0 0.0569505 0.739317 0.10311 0.299372 0.00457689
0 0.0460553 0.683333 0.089819 0.36339 0.00273236
0 0.0784634 0.752845 0.0777745 0.304996 0.00194129
0 0.0220728 0.432149 0.0441455 0.370469 0.00182541
0 0.0237505 0.586923 0.0468813 0.341983 0.00136088
0 0.118129 0.317787 0.138568 0.285659 0.00135573
