0 0.300181 0.673346 0.0828075 0.246799 0.893458
0 0.944034 0.654476 0.0925116 0.238024 0.888036
0 0.20785 0.697067 0.0790306 0.229762 0.855162
0 0.0255416 0.693485 0.0501247 0.273307 0.0991148
0 0.0324034 0.455356 0.0629821 0.357843 0.0884299
0 0.0273292 0.5365 0.0538768 0.366064 0.0153216
0 0.120141 0.337325 0.161035 0.304719 0.00391662
0 0.0160956 0.681188 0.0313282 0.267381 0.00298789
0 0.033505 0.62132 0.0659013 0.397118 0.0021022
0 0.020949 0.59618 0.041898 0.381451 0.00190512
0 0.0213272 0.417678 0.0419915 0.35531 0.00180225
0 0.109178 0.833053 0.0820079 0.251747 0.00140358
0 0.140578 0.363613 0.120817 0.238119 0.0012768
0 0.0148448 0.52442 0.0296896 0.36615 0.0010707
0 0.0446131 0.38384 0.0847483 0.35692 0.0010643
