0 0.276725 0.892916 0.0767505 0.210729 0.766319
0 0.967558 0.690672 0.0627693 0.271494 0.740989
0 0.155458 0.680825 0.0461434 0.21057 0.537669
0 0.264698 0.912786 0.0552507 0.171398 0.0628392
0 0.123113 0.33721 0.154562 0.289883 0.0234642
0 0.13227 0.349787 0.11726 0.218274 0.0042198
0 0.030673 0.582442 0.0584896 0.341553 0.00249566
0 0.296722 0.887725 0.0456625 0.210626 0.00207476
0 0.0339442 0.5099 0.063642 0.333962 0.00156711
0 0.979958 0.704349 0.0400841 0.279252 0.00135244
0 0.0425131 0.704831 0.0789705 0.282512 0.00105433
