0 0.764216 0.345636 0.0809221 0.23139 0.884451
0 0.0330375 0.457892 0.0639838 0.381176 0.047087
0 0.0312778 0.583016 0.0606771 0.363206 0.0382832
0 0.0301399 0.692212 0.0592698 0.304951 0.0308661
0 0.145121 0.353215 0.102715 0.227992 0.0156552
0 0.0514883 0.694543 0.101894 0.299256 0.00415032
0 0.0546281 0.58417 0.108765 0.371648 0.00348003
0 0.084925 0.333238 0.0913503 0.283856 0.00234042
0 0.0154681 0.709143 0.0293787 0.275624 0.00202233
0 0.118962 0.336099 0.145244 0.277779 0.00178301
0 0.019275 0.415397 0.0371764 0.34673 0.00156502
