0 0.81259 0.589342 0.0917621 0.258847 0.889036
0 0.0832992 0.350894 0.114041 0.308671 0.0761618
0 0.0185814 0.580263 0.0369299 0.32322 0.0552134
0 0.0144816 0.526525 0.0277978 0.230289 0.0182642
0 0.0452534 0.623075 0.0904208 0.386869 0.00699796
0 0.107152 0.326105 0.139421 0.304045 0.00539399
0 0.113262 0.832085 0.0862113 0.269061 0.00372907
0 0.106582 0.211123 0.142852 0.364986 0.00232694
0 0.0740575 0.213671 0.11516 0.367969 0.00131429
0 0.079295 0.649101 0.0977604 0.354621 0.0011043
0 0.0332915 0.660493 0.0646754 0.335495 0.00108038
