0 0.329541 0.870984 0.0775032 0.236669 0.918381
0 0.374739 0.642203 0.0734673 0.234755 0.88779
0 0.273843 0.679937 0.0957611 0.245954 0.882157
0 0.154187 0.353521 0.0862852 0.186449 0.420896
0 0.0344626 0.658536 0.0686551 0.316649 0.169617
0 0.0810091 0.346132 0.0821339 0.279221 0.158356
0 0.0316169 0.552729 0.0622971 0.376941 0.0211677
0 0.203558 0.853448 0.060271 0.248328 0.0142935
0 0.181465 0.869132 0.0982976 0.258296 0.010607
0 0.161078 0.322505 0.0710449 0.136929 0.00928964
0 0.0413351 0.758701 0.0807563 0.31894 0.00648941
0 0.0219128 0.618767 0.0423439 0.330483 0.00220762
