0 0.610729 0.835576 0.148538 0.328848 0.90926
0 0.352517 0.888409 0.104423 0.222368 0.869457
0 0.402533 0.822828 0.0980792 0.33594 0.812596
0 0.0412803 0.695336 0.061417 0.217788 0.442784
0 0.680167 0.010187 0.0640319 0.0203741 0.0368361
0 0.677114 0.0172203 0.0594454 0.0344407 0.0252246
0 0.689349 0.0140989 0.064992 0.0280888 0.0123304
0 0.672943 0.00779753 0.0441074 0.0155951 0.00843321
0 0.0441456 0.650541 0.0727165 0.291061 0.00776299
0 0.6696 0.010825 0.0614071 0.0216499 0.00695549
0 0.69896 0.0105657 0.0710643 0.0211313 0.00540707
0 0.674898 0.0495082 0.0602758 0.0990164 0.00414553
0 0.264602 0.43784 0.054261 0.160249 0.00401555
0 0.677468 0.0290932 0.0636605 0.0581863 0.00371152
0 0.398784 0.774627 0.0864292 0.227638 0.00289233
0 0.684064 0.00815608 0.045242 0.0161209 0.0022638
0 0.708699 0.00833504 0.061244 0.0158803 0.00202391
0 0.672679 0.0101334 0.0277827 0.020251 0.0015797
0 0.696 0.00854218 0.0439829 0.0170754 0.00121423
0 0.684061 0.0106174 0.0275475 0.0207184 0.00112992
0 0.686816 0.0185046 0.0739048 0.0370092 0.00108579
0 0.662919 0.0159237 0.0623192 0.0318474 0.00104622
