0 0.902247 0.463312 0.0896004 0.216351 0.92462
0 0.0230385 0.285169 0.0452854 0.252795 0.79628
0 0.934442 0.00665936 0.0470745 0.0133187 0.0173722
0 0.922994 0.00810867 0.0526594 0.0162173 0.014841
0 0.945678 0.00887687 0.0608583 0.0168343 0.00425887
0 0.929205 0.00846027 0.0598446 0.0169205 0.00373925
0 0.933759 0.00634459 0.0275022 0.0126892 0.00271003
0 0.923215 0.00630076 0.0272514 0.0126015 0.00225003
0 0.941836 0.00694009 0.0532043 0.0138802 0.00179178
0 0.0324258 0.287681 0.0648517 0.256691 0.00175877
0 0.016111 0.26238 0.03181 0.223934 0.00175224
0 0.928725 0.00814941 0.0268784 0.0162988 0.00158278
