0 0.882306 0.887978 0.0997395 0.223618 0.880015
0 0.166339 0.890972 0.107913 0.216337 0.261054
0 0.680783 0.0106157 0.0667427 0.0212315 0.0406974
0 0.0435865 0.700512 0.0703446 0.227213 0.0207981
0 0.688033 0.014926 0.0675325 0.029852 0.0126139
0 0.264665 0.431129 0.0547564 0.166152 0.0114759
0 0.669293 0.0111225 0.0658405 0.0222449 0.00825166
0 0.699045 0.0109956 0.0712376 0.0219912 0.00649451
0 0.6731 0.00816842 0.0445048 0.0163368 0.00641059
0 0.67255 0.0170538 0.0629529 0.0341075 0.00354019
0 0.684191 0.00835413 0.0457603 0.0167083 0.00205726
0 0.708665 0.00847256 0.0613477 0.0164369 0.00193197
0 0.67861 0.0240799 0.0692387 0.0481599 0.0016086
0 0.672845 0.0105745 0.0277388 0.0211026 0.00150892
0 0.696058 0.00879017 0.043961 0.0175803 0.00150107
0 0.684197 0.0109629 0.0275064 0.0213873 0.00120278
0 0.700813 0.0177279 0.0686237 0.0354558 0.00119761
0 0.671031 0.0365498 0.0716094 0.0730996 0.00101707
