0 0.760539 0.252634 0.110649 0.29627 0.872905
0 0.364213 0.961058 0.101949 0.0769259 0.603561
0 0.390261 0.955294 0.150073 0.0877218 0.0129138
0 0.989172 0.0187932 0.0205221 0.036969 0.00493113
0 0.367693 0.941848 0.112014 0.10213 0.00326016
0 0.983533 0.016275 0.032934 0.0310241 0.00307463
0 0.343682 0.952928 0.102063 0.0923666 0.00259478
0 0.903643 0.0181132 0.0540823 0.0347519 0.00229436
0 0.973423 0.017453 0.0495045 0.0318573 0.00194433
0 0.359235 0.959969 0.0478751 0.0800615 0.00187902
0 0.921181 0.015508 0.0497269 0.0292721 0.00106619
