0 0.807522 0.409137 0.102121 0.205368 0.922021
0 0.662228 0.0682682 0.097658 0.134085 0.905194
0 0.935719 0.00658627 0.0482294 0.0131725 0.00832336
0 0.601546 0.00972574 0.0521423 0.01886 0.00788314
0 0.922385 0.00619912 0.0535604 0.0123982 0.00743126
0 0.915877 0.00889207 0.0598635 0.0177841 0.0024491
0 0.945495 0.00858555 0.0582724 0.0167478 0.00142728
0 0.934984 0.00624348 0.0277378 0.012487 0.00136697
0 0.931498 0.00854831 0.0607817 0.0170966 0.00115991
0 0.931296 0.010501 0.0581554 0.0210019 0.00110749
