0 0.817255 0.879622 0.119169 0.240755 0.918851
0 0.263079 0.429996 0.057613 0.175408 0.0315131
0 0.679757 0.0112423 0.0658541 0.0224847 0.0257958
0 0.0493881 0.663958 0.0898682 0.301306 0.0166708
0 0.672968 0.00816274 0.0561236 0.0163255 0.0124145
0 0.686297 0.0168915 0.0665385 0.033783 0.00917958
0 0.672599 0.0175313 0.0592133 0.0350626 0.00395205
0 0.690023 0.00865571 0.0640932 0.0170774 0.0031555
0 0.699578 0.0117397 0.0747647 0.0234793 0.00313816
0 0.67719 0.02661 0.0653878 0.0532201 0.00223299
0 0.673135 0.0494314 0.0643661 0.0988628 0.00220376
0 0.681163 0.00843335 0.0651694 0.0168667 0.0015381
0 0.672806 0.0108929 0.0277275 0.0216588 0.00121137
