0 0.530021 0.870862 0.0735524 0.258275 0.887997
0 0.67311 0.0107886 0.0588673 0.0215773 0.0107986
0 0.687345 0.0121017 0.0734037 0.0242035 0.00787463
0 0.677551 0.016205 0.0622055 0.03241 0.00713821
0 0.68415 0.00805957 0.0674898 0.0153722 0.00334652
0 0.0482805 0.664417 0.0863735 0.289789 0.00252628
0 0.66745 0.00709578 0.0608814 0.0140294 0.00228924
0 0.262959 0.429201 0.0578308 0.179664 0.00215522
0 0.68966 0.0185588 0.0683615 0.0371177 0.00195304
0 0.666295 0.023963 0.0699354 0.047926 0.00101613
