0 0.426369 0.250769 0.111567 0.339776 0.903674
0 0.680576 0.0113489 0.0661918 0.0226978 0.0445716
0 0.687328 0.015965 0.0673672 0.0319301 0.0173645
0 0.673158 0.00847043 0.056864 0.0169409 0.0149125
0 0.699174 0.0116259 0.0739849 0.0232517 0.00585969
0 0.673022 0.0174255 0.0616654 0.0348509 0.0058414
0 0.690001 0.00888626 0.0643497 0.0177725 0.00483431
0 0.664591 0.0109361 0.0652825 0.0218722 0.00450615
0 0.681384 0.00855909 0.065438 0.0171182 0.00309228
0 0.678906 0.0240321 0.0678944 0.0480642 0.00291661
0 0.0433896 0.702019 0.0694243 0.235202 0.00274468
0 0.708662 0.00840085 0.0629597 0.0167596 0.00152627
0 0.678028 0.0112159 0.02782 0.0220374 0.00151882
0 0.671711 0.0345284 0.0686816 0.0690568 0.00140288
0 0.672507 0.00798969 0.0279602 0.0159794 0.00113766
