0 0.537245 0.712309 0.123284 0.378576 0.8667
0 0.683956 0.0115301 0.066082 0.0230602 0.0359488
0 0.678142 0.0156063 0.0614856 0.0312126 0.0256305
0 0.67309 0.00823437 0.0558515 0.0164687 0.0143869
0 0.0434746 0.664712 0.0711487 0.278337 0.00804078
0 0.669405 0.0114836 0.0634429 0.0229672 0.00753345
0 0.6894 0.0183229 0.0684018 0.0366458 0.00588695
0 0.701495 0.0118852 0.0654788 0.023261 0.00325263
0 0.67847 0.0265618 0.0658818 0.0531235 0.00305728
0 0.667711 0.0219274 0.0657741 0.0438549 0.0028246
0 0.676191 0.0492552 0.061094 0.0985103 0.00272789
0 0.681454 0.00845729 0.0654275 0.0169146 0.00213078
0 0.262462 0.427006 0.059825 0.182004 0.00183382
0 0.708696 0.00858206 0.063192 0.0168707 0.00140005
0 0.672909 0.0108605 0.0277413 0.0216509 0.00138913
0 0.684052 0.0113719 0.0275255 0.0221781 0.00106144
0 0.677861 0.00798801 0.0280286 0.015976 0.0010268
