0 0.119208 0.693042 0.092182 0.262786 0.869093
0 0.0317134 0.348729 0.062494 0.274075 0.84435
0 0.936028 0.00666736 0.0476273 0.0133347 0.00839872
0 0.455732 0.0537543 0.114067 0.107042 0.00574297
0 0.922615 0.00610349 0.0537653 0.012207 0.00482357
0 0.945321 0.00853334 0.0570946 0.0166022 0.00199854
0 0.935233 0.00633238 0.0278416 0.0126648 0.00140196
0 0.915883 0.00864064 0.06073 0.0172813 0.00128382
0 0.933308 0.00849719 0.0595034 0.0169944 0.00114233
0 0.931899 0.0103519 0.0564426 0.0207038 0.00114
