0 0.541423 0.33708 0.092442 0.30952 0.870696
0 0.439296 0.332823 0.103188 0.351467 0.831856
0 0.679668 0.0134659 0.071535 0.0269317 0.0305825
0 0.0443824 0.66099 0.0761828 0.291915 0.0284789
0 0.689591 0.0168253 0.0692906 0.0324445 0.0136724
0 0.678141 0.00851796 0.0611029 0.0165147 0.0106082
0 0.667806 0.0115616 0.0627241 0.0231232 0.00982323
0 0.673362 0.0184957 0.0627434 0.0369914 0.00621989
0 0.699864 0.0122454 0.0752997 0.0244908 0.00613012
0 0.67924 0.0275043 0.0706692 0.0550086 0.00476362
0 0.678011 0.0458764 0.0655905 0.0917527 0.00312621
0 0.684176 0.0118776 0.0459584 0.0237553 0.00293463
0 0.689206 0.0198339 0.0799364 0.0396678 0.00225343
0 0.702486 0.00910942 0.06251 0.0175779 0.00216268
0 0.681681 0.00884981 0.0684236 0.0176996 0.00128602
0 0.70739 0.0172073 0.0757222 0.0344146 0.00108693
0 0.690483 0.0334081 0.0746755 0.0668162 0.00104873
