0 0.250801 0.687479 0.0956263 0.302315 0.887154
0 0.387105 0.955279 0.075791 0.0894415 0.819819
0 0.936415 0.00683348 0.0468586 0.013667 0.0119781
0 0.945275 0.00883174 0.0562508 0.0173149 0.00419939
0 0.922854 0.00607244 0.0543623 0.0121449 0.00410133
0 0.929031 0.0086586 0.0536455 0.0173172 0.00249196
0 0.935511 0.00887444 0.0565809 0.0177489 0.00220824
0 0.935692 0.00649702 0.027984 0.012994 0.00187284
0 0.940167 0.00857493 0.0275988 0.0164999 0.00124623
0 0.951525 0.006469 0.0555 0.011968 0.00113363
