0 0.354549 0.892585 0.0677473 0.20657 0.913037
0 0.270347 0.903582 0.0647115 0.19002 0.912045
0 0.166398 0.666431 0.0460967 0.192139 0.739115
0 0.126678 0.671498 0.0518456 0.227333 0.302697
0 0.144339 0.673708 0.0765453 0.200102 0.0764652
0 0.0227468 0.570655 0.0444554 0.354986 0.0179016
0 0.0387071 0.570667 0.0740876 0.358805 0.00378397
0 0.169003 0.664678 0.0775611 0.19163 0.00200029
0 0.10854 0.879808 0.0839904 0.226176 0.00173728
0 0.0312315 0.691533 0.061732 0.3126 0.00158653
0 0.0200888 0.692458 0.0394689 0.292776 0.0013509
