0 0.614187 0.247076 0.0919293 0.277351 0.875886
0 0.0520312 0.654911 0.095016 0.321994 0.0496596
0 0.684278 0.0116966 0.0683164 0.0233932 0.00841723
0 0.675077 0.0220517 0.0702705 0.0441035 0.00628853
0 0.688489 0.0174959 0.0713026 0.0349918 0.00392029
0 0.667533 0.0114603 0.0670735 0.0229206 0.00386836
0 0.678172 0.00819597 0.0630151 0.016123 0.00359692
0 0.66599 0.055232 0.0753848 0.109682 0.00234226
0 0.701856 0.0119736 0.0676312 0.0234345 0.00153756
0 0.262169 0.426664 0.0573051 0.182995 0.0011407
