0 0.476199 0.457089 0.123142 0.386237 0.875481
0 0.638483 0.416887 0.111903 0.348851 0.826107
0 0.680571 0.0109517 0.0679492 0.0219033 0.0310721
0 0.677784 0.0170806 0.0645941 0.0341612 0.0249573
0 0.672962 0.0081312 0.0574506 0.0162624 0.0147517
0 0.689647 0.0155459 0.0673409 0.0307759 0.0122791
0 0.0457543 0.702192 0.0727428 0.236792 0.00871718
0 0.668981 0.0113841 0.0671479 0.0227682 0.00719534
0 0.699627 0.0114876 0.0742854 0.0229752 0.00564149
0 0.678108 0.0286151 0.0688232 0.0572301 0.00402134
0 0.67557 0.0508347 0.0663705 0.101669 0.00383006
0 0.262657 0.426558 0.0581311 0.183906 0.00207621
0 0.708705 0.00851315 0.0633338 0.0170263 0.00201098
0 0.68151 0.00834803 0.0672804 0.0166961 0.00198517
0 0.688036 0.0192317 0.0776396 0.0384634 0.00164417
0 0.662645 0.01636 0.0693274 0.03272 0.00152731
0 0.0492041 0.650736 0.0850418 0.319492 0.00124109
0 0.677903 0.0108018 0.0277156 0.0211832 0.00113998
0 0.672377 0.00765024 0.027955 0.0153005 0.00107352
0 0.690277 0.00869497 0.0451696 0.0173899 0.00106192
