0 0.967764 0.499786 0.062409 0.256708 0.920919
0 0.541269 0.116453 0.0792632 0.165582 0.919048
0 0.0764606 0.401716 0.0805523 0.271646 0.859452
0 0.921817 0.00656897 0.0534262 0.0131379 0.0110711
0 0.915607 0.00910713 0.0601286 0.0182143 0.00397996
0 0.934092 0.0064547 0.0400158 0.0129094 0.00279939
0 0.924873 0.00880632 0.0644659 0.0176126 0.00169043
0 0.93721 0.00841029 0.0565216 0.0167924 0.00165031
0 0.930406 0.00704809 0.0532129 0.0140962 0.00159234
0 0.922467 0.00628513 0.0274702 0.0125703 0.00127138
0 0.929528 0.0107839 0.0565779 0.0215678 0.00104687
