0 0.485449 0.873996 0.0606725 0.250105 0.865687
0 0.255028 0.784928 0.0589407 0.182994 0.826383
0 0.319484 0.789433 0.0611927 0.148365 0.788923
0 0.619344 0.860917 0.088763 0.273494 0.715411
0 0.45955 0.803962 0.0706212 0.250735 0.703837
0 0.604898 0.828522 0.0895646 0.310396 0.486735
0 0.588453 0.809785 0.0643197 0.281477 0.0404477
0 0.320542 0.850926 0.068704 0.264939 0.027058
0 0.584082 0.753263 0.0562277 0.171451 0.0165097
0 0.250057 0.899955 0.0893948 0.198668 0.0103742
0 0.627998 0.904732 0.0807915 0.189877 0.0102485
0 0.591719 0.715242 0.069859 0.0735041 0.00530959
0 0.447779 0.826571 0.0512267 0.268408 0.00432693
0 0.397414 0.0433831 0.0634501 0.0694596 0.00404823
0 0.612959 0.812169 0.0814089 0.209331 0.00251587
0 0.474092 0.822888 0.0705027 0.286826 0.00242951
0 0.413831 0.0425738 0.0776024 0.0646239 0.0013443
0 0.593804 0.720213 0.0701246 0.117369 0.00102626
