0 0.546468 0.429319 0.0874858 0.345898 0.911218
0 0.617711 0.444061 0.0827584 0.312668 0.906488
0 0.0387543 0.705687 0.0585949 0.225425 0.0674727
0 0.680575 0.0116015 0.0654284 0.023203 0.0541846
0 0.677785 0.0169778 0.0630988 0.0339556 0.0441043
0 0.672931 0.00847166 0.0552829 0.0169433 0.0136186
0 0.699806 0.0116151 0.0703473 0.0232302 0.008301
0 0.672122 0.0399569 0.0636377 0.0797167 0.0079887
0 0.678037 0.0279348 0.0669364 0.0558697 0.00715701
0 0.690069 0.00907891 0.0612104 0.0180852 0.00507863
0 0.664834 0.0109373 0.061582 0.0218747 0.00455095
0 0.708767 0.00872588 0.0595079 0.017045 0.00272064
0 0.687366 0.019429 0.0747674 0.038858 0.0025626
0 0.681712 0.00861433 0.0644326 0.0172287 0.00211502
0 0.690267 0.016477 0.0452961 0.0322809 0.0018657
0 0.688825 0.0345618 0.0699755 0.0691202 0.00175043
0 0.663335 0.019421 0.0660387 0.0388419 0.00154157
0 0.708193 0.0161476 0.0648366 0.0307139 0.00153318
0 0.67794 0.0112915 0.0277761 0.0222114 0.00141735
0 0.676943 0.0511729 0.0859159 0.102346 0.00117243
0 0.672322 0.00799464 0.0279444 0.0159893 0.0011163
