0 0.563526 0.945129 0.0664768 0.109743 0.90346
0 0.489683 0.94256 0.0818533 0.114879 0.901355
0 0.625456 0.924595 0.067648 0.150109 0.883869
0 0.384196 0.962426 0.0728003 0.0743185 0.674045
0 0.632842 0.965205 0.0501642 0.0695902 0.236234
0 0.508917 0.98371 0.0460339 0.0325552 0.0559674
0 0.369093 0.951868 0.0987045 0.094136 0.00980956
0 0.399156 0.967634 0.0739399 0.0647322 0.00733458
0 0.379317 0.967384 0.0472938 0.0651115 0.00362496
0 0.390679 0.941439 0.0765746 0.104132 0.00269115
0 0.379402 0.975162 0.0685692 0.0496767 0.00254566
0 0.385021 0.953319 0.0467969 0.0906088 0.00223963
0 0.494332 0.982658 0.0759905 0.033098 0.00177115
0 0.505588 0.983232 0.0280168 0.0313537 0.00128525
