0 0.0570161 0.592385 0.063143 0.282512 0.867546
0 0.0597219 0.379453 0.0845166 0.218948 0.851251
0 0.0166387 0.608601 0.0330764 0.260349 0.64322
0 0.922689 0.00649783 0.0507278 0.0129957 0.0171488
0 0.934271 0.00645124 0.0399576 0.0129025 0.00796404
0 0.915839 0.00903824 0.0599688 0.0180765 0.00641362
0 0.937209 0.00807058 0.0538326 0.0161412 0.00580588
0 0.92821 0.00852908 0.0613071 0.0170582 0.00311027
0 0.923168 0.00624347 0.0273336 0.0124869 0.00214816
0 0.0327736 0.607823 0.0655472 0.266207 0.00130041
0 0.928672 0.00805875 0.0268948 0.0161175 0.00127482
0 0.942468 0.0117517 0.0603455 0.0235034 0.00108822
0 0.941846 0.00689269 0.0542328 0.0137854 0.00107134
