0 0.605838 0.873332 0.0646184 0.253336 0.897035
0 0.684064 0.0115797 0.0671702 0.0231594 0.0235744
0 0.677483 0.016588 0.0628863 0.0331759 0.017303
0 0.673001 0.0081534 0.0573172 0.0163068 0.00930229
0 0.668744 0.0118821 0.0664647 0.0237643 0.00541305
0 0.689759 0.0187058 0.0704784 0.0374116 0.00490027
0 0.264019 0.426257 0.0557728 0.179426 0.00265877
0 0.677741 0.0275961 0.0673407 0.0551922 0.00261348
0 0.0566777 0.660716 0.102193 0.314459 0.00255016
0 0.674385 0.0506589 0.0637104 0.101318 0.00227124
0 0.701645 0.0118506 0.0680075 0.0231751 0.00214829
0 0.708683 0.00838765 0.0645374 0.0167753 0.00132042
0 0.681472 0.00852257 0.0671187 0.0170451 0.0012252
0 0.662862 0.0172924 0.0690609 0.0345847 0.00106236
