0 0.50308 0.406339 0.105384 0.323955 0.911222
0 0.927957 0.436198 0.0803001 0.301531 0.836045
0 0.0437818 0.677936 0.0710397 0.275697 0.235465
0 0.680954 0.0109714 0.0669526 0.0219428 0.0422882
0 0.678255 0.0177999 0.0639584 0.0355998 0.0344957
0 0.689356 0.0153034 0.0663383 0.0301733 0.0172739
0 0.673043 0.00808057 0.0575146 0.0161611 0.0138632
0 0.69981 0.0110043 0.0705636 0.0220085 0.00845534
0 0.669522 0.0115763 0.0649207 0.0231526 0.00802134
0 0.67851 0.0290887 0.0677531 0.0581775 0.00623984
0 0.672624 0.041122 0.0640805 0.0818799 0.00545385
0 0.708711 0.0086012 0.0605639 0.0169193 0.00367758
0 0.681705 0.00829401 0.066832 0.016588 0.00234342
0 0.672685 0.0558403 0.0442997 0.109616 0.00225145
0 0.262609 0.428567 0.0582452 0.181198 0.0021825
0 0.667673 0.0605114 0.0716637 0.121023 0.00189787
0 0.701051 0.0182172 0.0676177 0.0364344 0.00178561
0 0.690353 0.00876862 0.0451891 0.0175372 0.00165156
0 0.688752 0.036435 0.0693674 0.07287 0.00159062
0 0.685537 0.0577099 0.0726695 0.11542 0.00157023
0 0.663013 0.0170409 0.0669902 0.0340817 0.00131408
0 0.677973 0.0107922 0.0277055 0.0211803 0.00119612
0 0.0625044 0.665388 0.103413 0.28606 0.00119129
0 0.672344 0.00760909 0.0279789 0.0152182 0.00101386
