0 0.467397 0.391014 0.113571 0.352218 0.848113
0 0.680889 0.0117337 0.0661075 0.0234674 0.0572983
0 0.687518 0.0157889 0.0672745 0.0315778 0.0247519
0 0.04632 0.665656 0.0787297 0.286313 0.0196805
0 0.673014 0.0087163 0.0560848 0.0174326 0.0153382
0 0.699193 0.0120836 0.0722851 0.0241672 0.0073687
0 0.673067 0.0173358 0.0628274 0.0345814 0.00673118
0 0.690061 0.00904905 0.0629014 0.0180782 0.00527793
0 0.664759 0.011135 0.0632709 0.0222685 0.00494791
0 0.679138 0.023674 0.0686753 0.047348 0.00290501
0 0.681735 0.00876813 0.064686 0.0175363 0.00289827
0 0.26366 0.428461 0.0607187 0.183298 0.00215242
0 0.677983 0.0114169 0.0278564 0.022431 0.00176058
0 0.708651 0.0085424 0.0625084 0.0168564 0.00152863
0 0.671189 0.0328554 0.0715356 0.0657108 0.00150482
0 0.695805 0.0165007 0.044452 0.0320796 0.00121077
0 0.672393 0.00823693 0.0279394 0.0164739 0.00117791
