0 0.512189 0.394304 0.122778 0.31829 0.779606
0 0.680146 0.0116453 0.0672717 0.0232905 0.0535111
0 0.685696 0.0177227 0.0683015 0.0354454 0.0231073
0 0.672941 0.00862518 0.0578414 0.0172504 0.0138894
0 0.0429606 0.680146 0.0676925 0.269278 0.0110155
0 0.668906 0.0212067 0.0662386 0.0424133 0.00779553
0 0.699366 0.0116643 0.0724826 0.0233285 0.00673964
0 0.672049 0.0378805 0.063526 0.075761 0.00574811
0 0.664608 0.0112318 0.0648436 0.0224636 0.00565263
0 0.690034 0.00897418 0.0635172 0.0179484 0.00479047
0 0.677984 0.0158813 0.0455992 0.0315074 0.00256412
0 0.681274 0.00865689 0.0667851 0.0173138 0.00255178
0 0.708609 0.00859231 0.0613395 0.0170258 0.00193865
0 0.262826 0.429005 0.0596084 0.182038 0.00139844
0 0.688946 0.0328502 0.0681216 0.0657004 0.00136707
0 0.672744 0.0113205 0.027763 0.0224606 0.00130167
0 0.690323 0.0165761 0.0453242 0.0324087 0.00119011
0 0.684032 0.0116629 0.0275406 0.0227654 0.00106682
