0 0.522827 0.54877 0.0955997 0.332837 0.905338
0 0.398572 0.594707 0.103839 0.339175 0.895746
0 0.993694 0.428244 0.012221 0.128159 0.0209343
0 0.68435 0.0115287 0.0670919 0.0230574 0.0170507
0 0.678416 0.0167114 0.0627895 0.0334229 0.0129172
0 0.05567 0.701519 0.096759 0.242934 0.00873709
0 0.678094 0.00830921 0.0606443 0.0164236 0.00732514
0 0.667883 0.010847 0.06071 0.021694 0.00576232
0 0.994841 0.40972 0.0097496 0.0860673 0.00411642
0 0.987539 0.247892 0.024923 0.189701 0.00378582
0 0.690583 0.0184369 0.071227 0.0368739 0.00364056
0 0.699959 0.0121733 0.0742626 0.0243466 0.00330195
0 0.678858 0.0277609 0.0674386 0.0555219 0.00194707
0 0.994401 0.381955 0.0111973 0.136262 0.0019039
0 0.677483 0.0504558 0.0628363 0.100912 0.0017656
0 0.991139 0.441877 0.0172203 0.148413 0.00167706
0 0.261767 0.425684 0.0627049 0.191897 0.00153378
0 0.668149 0.0221244 0.0664715 0.0442488 0.00153174
0 0.708752 0.0087267 0.0648404 0.0174089 0.00131252
0 0.986737 0.299897 0.0265253 0.298573 0.00128055
0 0.9879 0.209274 0.0230947 0.108408 0.0012387
0 0.993025 0.403195 0.0139494 0.109016 0.00112365
