0 0.682077 0.71136 0.0966043 0.321054 0.896389
0 0.0447377 0.67907 0.0745898 0.277921 0.0597621
0 0.679982 0.0110454 0.0641203 0.0220909 0.0261772
0 0.672881 0.00803984 0.0539038 0.0160797 0.0116908
0 0.689092 0.0151599 0.0646675 0.0297367 0.00917576
0 0.264179 0.434244 0.0555101 0.163576 0.00737681
0 0.669343 0.0113123 0.060033 0.0226246 0.00639461
0 0.672936 0.0154626 0.0568509 0.0308206 0.00404628
0 0.690083 0.00859782 0.0600934 0.0167525 0.0039681
0 0.699542 0.0111715 0.0701506 0.0223136 0.00375649
0 0.667856 0.0222056 0.0628505 0.0444112 0.00239901
0 0.674813 0.0489671 0.060879 0.0979343 0.00214296
0 0.708742 0.00835558 0.0593861 0.0157732 0.00150402
0 0.681334 0.00826561 0.0630392 0.0165312 0.00137709
0 0.678676 0.019626 0.0679584 0.039252 0.00132334
0 0.672711 0.010818 0.0277545 0.0215505 0.00130093
0 0.686361 0.0270854 0.0688901 0.0541708 0.00118851
