0 0.219626 0.621475 0.0905434 0.239651 0.769303
0 0.468074 0.978543 0.0471148 0.041399 0.34202
0 0.0315918 0.433302 0.0618428 0.386321 0.0380891
0 0.1336 0.343834 0.115765 0.230994 0.0189159
0 0.026013 0.693524 0.051096 0.289846 0.0149337
0 0.0432026 0.323851 0.0832935 0.361992 0.0116535
0 0.467204 0.979434 0.0288922 0.0397795 0.0114224
0 0.470987 0.970309 0.0580841 0.0516346 0.00940365
0 0.452583 0.977036 0.0790084 0.0453884 0.00498626
0 0.0537625 0.381293 0.103191 0.368563 0.00469375
0 0.105154 0.193631 0.120725 0.310801 0.00325566
0 0.0834384 0.174603 0.0875075 0.304603 0.00281797
0 0.485121 0.97712 0.082425 0.0457597 0.00228896
0 0.0280792 0.585493 0.0551426 0.369454 0.00197715
0 0.0226821 0.308668 0.0453642 0.357807 0.00195307
0 0.457993 0.964909 0.0730756 0.0626106 0.00177883
0 0.0208863 0.398499 0.0392799 0.286481 0.00164287
0 0.0654327 0.322442 0.109529 0.340179 0.0013687
0 0.0237737 0.507568 0.0464222 0.340874 0.00105128
