0 0.881351 0.363276 0.0778038 0.262058 0.902025
0 0.68407 0.0113228 0.0671879 0.0226171 0.0155499
0 0.0563158 0.695113 0.0953587 0.24315 0.0126004
0 0.676648 0.0249151 0.060561 0.0498303 0.0100793
0 0.678106 0.00803939 0.061058 0.0155894 0.00720197
0 0.686973 0.0187484 0.0688436 0.0374967 0.00565218
0 0.667794 0.0107689 0.0600053 0.0215378 0.00547463
0 0.672581 0.0559567 0.0437565 0.110104 0.00502413
0 0.679102 0.0422531 0.0611681 0.0841844 0.00261467
0 0.699928 0.0121118 0.0741424 0.0242237 0.00223006
0 0.673164 0.0155368 0.0578242 0.0308025 0.00186886
0 0.661608 0.055984 0.073554 0.110586 0.00116515
