0 0.896615 0.129162 0.112173 0.258325 0.882447
0 0.874772 0.890547 0.0969097 0.216439 0.866917
0 0.723699 0.0259639 0.0996106 0.0519279 0.365074
0 0.977879 0.917886 0.0430346 0.147198 0.0548241
0 0.721548 0.0175882 0.0876516 0.0351764 0.0386747
0 0.981712 0.893173 0.0348528 0.114706 0.0196032
0 0.721031 0.0428054 0.10396 0.0854255 0.00529957
0 0.6985 0.0186437 0.0735654 0.0369397 0.00377104
0 0.988115 0.892947 0.0220575 0.103207 0.00174036
0 0.691426 0.012565 0.0662138 0.0248914 0.00162496
0 0.694941 0.0241886 0.0893044 0.0483772 0.00135666
0 0.738598 0.0203196 0.0855613 0.039924 0.00112053
0 0.721185 0.012124 0.094568 0.0242479 0.00103823
0 0.965531 0.917364 0.0600237 0.15112 0.00101988
