0 0.473446 0.5042 0.109082 0.303946 0.9102
0 0.928439 0.436912 0.0777012 0.296528 0.84972
0 0.0433895 0.696994 0.0676561 0.228736 0.377537
0 0.680275 0.00972558 0.0644911 0.0194512 0.0226058
0 0.673018 0.00724371 0.0549269 0.0144874 0.0156091
0 0.677189 0.0205863 0.0594825 0.0411727 0.0139664
0 0.689532 0.0139319 0.0642692 0.0278637 0.0080125
0 0.672589 0.013632 0.0555557 0.0272639 0.00781133
0 0.66925 0.0103686 0.0623146 0.0207371 0.00445845
0 0.677311 0.050504 0.057722 0.101008 0.0042104
0 0.699453 0.0102681 0.0711082 0.0205362 0.003556
0 0.263624 0.429207 0.0571212 0.180863 0.00263561
0 0.667854 0.0281471 0.0651246 0.0562943 0.00214184
0 0.708764 0.0082322 0.0614796 0.0157373 0.00181066
0 0.672343 0.00683576 0.0279757 0.0136715 0.00135484
0 0.685729 0.0305247 0.0679701 0.0610493 0.00132925
0 0.0465591 0.640335 0.0782941 0.31251 0.00121333
0 0.690284 0.00799466 0.044912 0.0158794 0.00116748
0 0.677928 0.00985833 0.0276225 0.019224 0.00102288
