0 0.520556 0.0791857 0.0752038 0.154693 0.901784
0 0.936047 0.00673932 0.0477684 0.0134786 0.0109719
0 0.922469 0.00624629 0.0541471 0.0124926 0.00638776
0 0.0721833 0.847833 0.135012 0.275871 0.00551253
0 0.945331 0.00867793 0.0566534 0.0169791 0.00341899
0 0.915874 0.00886749 0.0602982 0.017735 0.00229836
0 0.931813 0.0104924 0.0555853 0.0209849 0.00214542
0 0.940067 0.00887606 0.0577244 0.0177521 0.00175728
0 0.935348 0.006402 0.0278732 0.012804 0.00169858
0 0.940212 0.00844055 0.0274677 0.0161987 0.00104942
