0 0.41579 0.240856 0.0840875 0.314427 0.893645
0 0.48419 0.213109 0.0787309 0.327437 0.884372
0 0.925235 0.422337 0.0727571 0.317835 0.83803
0 0.0399152 0.701321 0.0595415 0.212619 0.669958
0 0.682198 0.0119053 0.0669801 0.0238105 0.0337105
0 0.933054 0.468852 0.0532688 0.279315 0.0307731
0 0.679936 0.0213334 0.0631256 0.0426668 0.0288269
0 0.689395 0.0162956 0.066094 0.0314805 0.0211321
0 0.933492 0.510262 0.0411039 0.180099 0.0164948
0 0.700179 0.0115594 0.0694028 0.0227346 0.0100019
0 0.680502 0.0397053 0.063183 0.0794106 0.00913147
0 0.678297 0.00831043 0.0606308 0.016054 0.008722
0 0.667833 0.0110883 0.0581674 0.0221765 0.00727432
0 0.708913 0.00878951 0.059121 0.016681 0.00461632
0 0.673415 0.0162174 0.0591141 0.0324348 0.00443219
0 0.672653 0.055579 0.0439561 0.109499 0.00210517
0 0.708219 0.0160145 0.0646735 0.0304308 0.00192069
0 0.696264 0.00907777 0.0435253 0.0178711 0.0017791
0 0.682498 0.00868943 0.0660816 0.0173789 0.00153149
0 0.680625 0.0515801 0.0827965 0.10316 0.00128085
0 0.691008 0.0117695 0.0275445 0.0226719 0.00104324
0 0.66754 0.00721119 0.0429086 0.0143903 0.00103363
