0 0.427625 0.822231 0.0971093 0.355539 0.908371
0 0.503738 0.818476 0.078497 0.333201 0.902592
0 0.324257 0.0789126 0.126287 0.152941 0.776531
0 0.309935 0.275383 0.0861388 0.171733 0.201814
0 0.680864 0.0104697 0.062511 0.0209393 0.0418298
0 0.676757 0.0309331 0.0555014 0.0618663 0.0324232
0 0.0476972 0.664429 0.0768796 0.280312 0.0212255
0 0.263533 0.43047 0.0567984 0.171092 0.020229
0 0.689236 0.014796 0.0636848 0.0293829 0.0182905
0 0.673073 0.016514 0.0531296 0.033028 0.0166861
0 0.672967 0.00756085 0.0520905 0.0151217 0.0148554
0 0.673784 0.049314 0.0512026 0.0985937 0.012209
0 0.701255 0.0108672 0.0577758 0.0210427 0.00907714
0 0.690345 0.00847631 0.0571245 0.0167737 0.00779071
0 0.669762 0.0110937 0.0559948 0.0221874 0.00564097
0 0.686498 0.037722 0.0651462 0.075444 0.00326801
0 0.681977 0.00801476 0.0626693 0.0160295 0.00240809
0 0.679443 0.0208374 0.0645705 0.0416747 0.00225491
0 0.672678 0.0103196 0.0278189 0.0206391 0.00156767
0 0.350821 0.0924649 0.128273 0.176724 0.00141069
0 0.701255 0.0179593 0.0634066 0.0359186 0.00137982
0 0.708642 0.00821033 0.0433822 0.0160109 0.00135476
0 0.69094 0.0108498 0.0275508 0.0210616 0.0012911
0 0.677759 0.00738963 0.0279801 0.0147793 0.00116326
0 0.680007 0.0469631 0.0840522 0.0939263 0.00112277
