0 0.76612 0.35197 0.0867946 0.215268 0.910629
0 0.0336869 0.322226 0.0673739 0.256006 0.845286
0 0.934432 0.00650191 0.0454828 0.0130038 0.0176739
0 0.922967 0.00624548 0.0498884 0.012491 0.0156892
0 0.91598 0.0086571 0.059178 0.0173142 0.00575149
0 0.945856 0.00871466 0.0615395 0.0165002 0.00347121
0 0.930916 0.00983946 0.0520657 0.0196789 0.00303729
0 0.933652 0.00619583 0.027405 0.0123917 0.00302285
0 0.929917 0.0080533 0.0586241 0.0161066 0.0028058
0 0.923439 0.0060206 0.0271189 0.0120412 0.00215662
0 0.0699503 0.837906 0.122759 0.278848 0.00178631
0 0.928958 0.00783914 0.0266584 0.0156783 0.00177233
0 0.941822 0.00679375 0.0529623 0.0135875 0.00169003
