0 0.534648 0.804759 0.110706 0.321287 0.831092
0 0.699151 0.864554 0.0793497 0.267332 0.82368
0 0.24029 0.832675 0.0550778 0.120743 0.819329
0 0.191247 0.878762 0.0567562 0.235758 0.810079
0 0.564817 0.872249 0.0703598 0.254227 0.762501
0 0.343576 0.803581 0.0622163 0.0675863 0.73788
0 0.677747 0.821507 0.0742614 0.285043 0.578642
0 0.0168108 0.925877 0.0317605 0.148245 0.191579
0 0.664285 0.792487 0.0651339 0.232902 0.00922874
0 0.549413 0.850222 0.100819 0.298249 0.00779545
0 0.211435 0.879449 0.0914752 0.236357 0.00759123
0 0.392178 0.0429009 0.0567712 0.0686767 0.00269839
0 0.235315 0.879273 0.0749275 0.220009 0.0022708
0 0.535136 0.931285 0.112521 0.135731 0.00168897
0 0.334545 0.819571 0.0744319 0.106051 0.00160501
0 0.116959 0.560592 0.0285644 0.137485 0.0010462
