0 0.25003 0.924421 0.0676854 0.150982 0.914064
0 0.318949 0.915182 0.0825438 0.169636 0.910973
0 0.0831818 0.710392 0.0623667 0.235808 0.900463
0 0.141306 0.70124 0.0695619 0.255659 0.871041
0 0.324371 0.777725 0.100996 0.27099 0.776611
0 0.93473 0.00644395 0.0469793 0.0128879 0.00657935
0 0.923077 0.00608562 0.0508902 0.0121712 0.00627623
0 0.915808 0.00910549 0.0607744 0.018211 0.00160778
0 0.945849 0.00861401 0.0605021 0.0164459 0.00145539
0 0.933923 0.00613323 0.0273808 0.0122665 0.00127459
0 0.930374 0.0085042 0.060269 0.0170084 0.00115668
0 0.923545 0.00583858 0.0269323 0.0116772 0.00102004
