0 0.126431 0.583718 0.0560171 0.292174 0.0896243
0 0.0179857 0.539959 0.0350364 0.350211 0.0300212
0 0.104861 0.55658 0.0920337 0.340153 0.0283541
0 0.193347 0.618015 0.0654681 0.193153 0.0237226
0 0.0734021 0.506031 0.0884725 0.280052 0.0233316
0 0.0399248 0.675318 0.077093 0.309117 0.0150124
0 0.0299448 0.623146 0.0587814 0.371734 0.00895477
0 0.0450754 0.600537 0.0852627 0.38247 0.00377448
0 0.0730985 0.586087 0.0866736 0.35829 0.00278198
0 0.0248682 0.51022 0.0497364 0.328838 0.00253145
0 0.194929 0.565266 0.0782579 0.291669 0.00202622
0 0.0869171 0.510957 0.104203 0.366437 0.00199952
0 0.977031 0.573587 0.0450319 0.220945 0.00183215
0 0.0227585 0.691348 0.0447961 0.301007 0.00160206
0 0.0419291 0.772917 0.0808147 0.334133 0.00156584
0 0.972611 0.622402 0.0547778 0.327295 0.00112122
