0 0.446876 0.333933 0.114473 0.339019 0.873874
0 0.646342 0.308278 0.105428 0.335276 0.866819
0 0.684152 0.0113743 0.0655547 0.0227486 0.00942827
0 0.677441 0.017165 0.0637253 0.0343301 0.00800753
0 0.672844 0.00765628 0.0566317 0.0152285 0.00496267
0 0.667593 0.0108144 0.0614038 0.0216287 0.0046035
0 0.0458647 0.702756 0.0735577 0.233872 0.00338386
0 0.690494 0.0169453 0.0625864 0.0329958 0.00235357
0 0.699866 0.011901 0.0716088 0.0238019 0.00159161
0 0.419617 0.307353 0.0749306 0.308292 0.00152793
0 0.668117 0.0550937 0.0690664 0.109335 0.00148783
0 0.677595 0.0278376 0.0681812 0.0556752 0.00128849
0 0.696161 0.00860513 0.0613889 0.016789 0.0010589
