0 0.189467 0.782543 0.0723524 0.261712 0.90958
0 0.12785 0.795213 0.0627575 0.250459 0.897927
0 0.375683 0.845176 0.106562 0.202613 0.893971
0 0.297659 0.958923 0.0644616 0.0819976 0.863826
0 0.358073 0.952811 0.0779631 0.0943782 0.837266
0 0.922884 0.00631132 0.051572 0.0126226 0.00811582
0 0.935126 0.00662312 0.0483335 0.0132462 0.00741053
0 0.915798 0.00916328 0.0608467 0.0183266 0.00266693
0 0.328419 0.953783 0.0961681 0.0921796 0.00176308
0 0.9301 0.00877671 0.0613367 0.0175534 0.00159656
0 0.93109 0.0106336 0.0571968 0.0212673 0.00144152
0 0.934321 0.00628682 0.0275658 0.0125736 0.00126387
0 0.923265 0.00604809 0.0269859 0.0120962 0.00119624
0 0.94582 0.00898131 0.0613554 0.0173488 0.00118042
