0 0.96768 0.560022 0.0639927 0.252292 0.873169
0 0.283075 0.68173 0.0826727 0.273812 0.869961
0 0.0669266 0.833428 0.11066 0.298109 0.369095
0 0.922425 0.00643229 0.0524241 0.0128646 0.0114077
0 0.935018 0.00664983 0.0484037 0.0132997 0.00970836
0 0.91581 0.00918669 0.0599262 0.0183734 0.00413542
0 0.945614 0.0088247 0.0604675 0.0169847 0.00226898
0 0.930693 0.0106121 0.0563005 0.0212241 0.00210658
0 0.929396 0.00880511 0.0620975 0.0176102 0.00187423
0 0.934266 0.00631529 0.0276197 0.0126306 0.00156246
0 0.922898 0.00616044 0.0272448 0.0123209 0.00144047
