0 0.56806 0.445982 0.09383 0.309429 0.904985
0 0.0444216 0.700941 0.0722943 0.23553 0.028281
0 0.679739 0.0113013 0.0652693 0.0226027 0.0189438
0 0.675786 0.0191507 0.059693 0.0383013 0.0155727
0 0.672871 0.00808286 0.0553197 0.0161657 0.0087884
0 0.688992 0.0158208 0.0655808 0.0313304 0.0070818
0 0.262921 0.429969 0.059179 0.176416 0.00671064
0 0.0491526 0.654311 0.0865655 0.321965 0.00640967
0 0.668738 0.01176 0.0625913 0.0235201 0.00558744
0 0.671988 0.0520467 0.0619139 0.104093 0.0038128
0 0.675968 0.0305193 0.0639251 0.0610386 0.00319807
0 0.690153 0.00849577 0.0620462 0.0167595 0.0029607
0 0.69967 0.0114095 0.0729013 0.022819 0.00267607
0 0.708744 0.00829932 0.0612639 0.0159572 0.00120451
0 0.681228 0.00842272 0.0646535 0.0168454 0.00116025
0 0.66311 0.0174692 0.0655466 0.0349384 0.00111861
0 0.672695 0.011039 0.0277081 0.0219893 0.00106397
