0 0.473677 0.330217 0.0864841 0.323484 0.885255
0 0.400966 0.342711 0.0892414 0.361026 0.87547
0 0.0396842 0.701038 0.0615861 0.223956 0.667675
0 0.680205 0.010885 0.0648588 0.02177 0.0380619
0 0.677532 0.0166728 0.0611156 0.0333456 0.0309172
0 0.672898 0.00816623 0.055062 0.0163325 0.0147029
0 0.688885 0.0150051 0.0654713 0.029557 0.0134092
0 0.669753 0.0115664 0.0616336 0.0231328 0.00841983
0 0.690089 0.00872423 0.060941 0.017153 0.00569946
0 0.69933 0.0109834 0.0694231 0.0219668 0.00530108
0 0.669567 0.0224184 0.0624213 0.0448369 0.00481071
0 0.679455 0.0375106 0.0623545 0.0750211 0.00464482
0 0.671368 0.0518011 0.0623501 0.103602 0.00242161
0 0.708769 0.00846046 0.0602792 0.0161927 0.00233443
0 0.681433 0.00819504 0.0643258 0.0163901 0.00221243
0 0.684429 0.0244753 0.0696772 0.0470126 0.00185624
0 0.686725 0.0188577 0.0744866 0.0377154 0.00143383
0 0.67257 0.0107367 0.0277935 0.0213939 0.00133577
0 0.700974 0.018047 0.0669436 0.0360941 0.00115989
0 0.684088 0.0110586 0.0275164 0.0215443 0.00108208
