0 0.413938 0.153751 0.102881 0.305593 0.893352
0 0.0433278 0.663069 0.0729864 0.296932 0.0314457
0 0.684221 0.0114326 0.0693335 0.0228652 0.0156066
0 0.677503 0.0170912 0.0662431 0.0341825 0.00955039
0 0.67294 0.00794235 0.0587509 0.0158847 0.00692651
0 0.667698 0.0112575 0.0711932 0.0225149 0.00358032
0 0.673957 0.0512288 0.068495 0.102458 0.00171751
0 0.262885 0.427552 0.0609065 0.181127 0.0016663
0 0.70037 0.0159256 0.0736128 0.0312006 0.00160843
0 0.677749 0.028545 0.0708749 0.0570899 0.00151406
0 0.696157 0.00893134 0.0686482 0.0178627 0.00114099
