0 0.668923 0.172339 0.0992289 0.215036 0.899518
0 0.0697617 0.846829 0.131557 0.28536 0.0212177
0 0.922895 0.00643141 0.0503176 0.0128628 0.0122159
0 0.934279 0.0066376 0.0465057 0.0132752 0.0106846
0 0.915847 0.00910781 0.0601126 0.0182156 0.00380804
0 0.945808 0.00893616 0.0617447 0.0168029 0.00256379
0 0.930656 0.0102007 0.0534813 0.0204013 0.00247792
0 0.929065 0.00845946 0.0595705 0.0169189 0.00243311
0 0.933622 0.00632434 0.0273811 0.0126487 0.00191332
0 0.923372 0.00617823 0.0271536 0.0123565 0.00172399
0 0.928891 0.00815766 0.026737 0.0163153 0.0010377
