0 0.540758 0.817005 0.123656 0.360308 0.906477
0 0.680367 0.0107093 0.0645818 0.0214186 0.0431214
0 0.677112 0.0166488 0.0593361 0.0332975 0.0270536
0 0.673135 0.00800818 0.0546969 0.0160164 0.0191518
0 0.689395 0.0149056 0.065282 0.0297256 0.012869
0 0.669565 0.0109655 0.0607064 0.021931 0.00885295
0 0.0463665 0.68127 0.0805123 0.276747 0.00606893
0 0.699125 0.0114645 0.073065 0.022929 0.00531439
0 0.668902 0.05264 0.0638423 0.10528 0.00471219
0 0.665993 0.0297708 0.0662488 0.0595302 0.00388448
0 0.262199 0.427232 0.0609981 0.183482 0.00355508
0 0.681368 0.00823966 0.0639498 0.0164793 0.00326573
0 0.679304 0.0396363 0.0607763 0.0792726 0.00325432
0 0.686777 0.0274503 0.0692249 0.0549005 0.00188693
0 0.672935 0.0104958 0.027776 0.0209916 0.00172461
0 0.708671 0.00841301 0.0630681 0.0165381 0.0014659
0 0.662799 0.0158734 0.064892 0.0317468 0.00144079
0 0.677845 0.00779911 0.0280759 0.0155982 0.00135631
0 0.686753 0.018599 0.0736258 0.037198 0.0013444
0 0.684038 0.0110228 0.0275551 0.0215801 0.00121985
