0 0.956905 0.521772 0.0860968 0.229634 0.877542
0 0.0231919 0.510637 0.0430783 0.26397 0.800865
0 0.0222432 0.313955 0.0431482 0.170319 0.345188
0 0.922865 0.00646269 0.0500938 0.0129254 0.0143206
0 0.934502 0.00663227 0.0467802 0.0132645 0.0131755
0 0.0608358 0.845605 0.110734 0.26429 0.00750863
0 0.915879 0.00910181 0.0600401 0.0182036 0.00442152
0 0.945632 0.00882192 0.0602102 0.0167827 0.00307656
0 0.930789 0.0101125 0.0536192 0.0202251 0.00291665
0 0.929294 0.00851294 0.059515 0.0170259 0.00271665
0 0.0326114 0.512933 0.0652227 0.269014 0.0023875
0 0.933834 0.00631659 0.0274914 0.0126332 0.0022024
0 0.923329 0.00621156 0.0272245 0.0124231 0.00196712
0 0.0221621 0.461438 0.0406599 0.164551 0.00157228
0 0.941821 0.00690582 0.0529911 0.0138116 0.00117187
0 0.928837 0.00816962 0.0267803 0.0163392 0.00115994
0 0.0226663 0.505541 0.0416847 0.155171 0.00113568
