0 0.476856 0.312959 0.111997 0.342039 0.919851
0 0.0445543 0.675759 0.0771051 0.288209 0.0219166
0 0.684117 0.0111494 0.066322 0.0222988 0.0143304
0 0.677954 0.0160151 0.0620628 0.0320302 0.0105765
0 0.678115 0.00785991 0.0605379 0.0156098 0.00832348
0 0.667679 0.0107078 0.0620308 0.0214155 0.0068148
0 0.263386 0.431075 0.0554584 0.171635 0.00460362
0 0.690167 0.0182591 0.0676816 0.0365181 0.00248907
0 0.701725 0.011584 0.0671167 0.022623 0.00196952
0 0.678194 0.0273723 0.0668779 0.0547445 0.00139331
0 0.676297 0.0499077 0.0629142 0.0998154 0.00139303
0 0.681565 0.00818699 0.0669168 0.016374 0.00111963
