0 0.68128 0.4609 0.103883 0.3141 0.929226
0 0.589082 0.469711 0.0878041 0.290886 0.91927
0 0.93044 0.425647 0.0790922 0.320691 0.852571
0 0.936388 0.502854 0.0506126 0.210036 0.0589629
0 0.67928 0.0285384 0.0622464 0.0570768 0.0372765
0 0.681924 0.0121272 0.0659733 0.0242544 0.0334681
0 0.68898 0.0171771 0.066159 0.0331805 0.02237
0 0.678234 0.0468672 0.0612806 0.0937345 0.0168581
0 0.0445154 0.666869 0.0740003 0.279402 0.0164156
0 0.674281 0.0181975 0.0585454 0.0361986 0.0129158
0 0.708305 0.0112942 0.0615855 0.0217936 0.00806255
0 0.678121 0.00803827 0.0601436 0.0154358 0.00745155
0 0.66784 0.0107912 0.056287 0.0215824 0.00691953
0 0.264719 0.433157 0.05414 0.163931 0.00595008
0 0.696177 0.00914287 0.0552311 0.0172854 0.00349616
0 0.688983 0.0204652 0.0741967 0.0409304 0.00257703
0 0.700583 0.0138585 0.0704415 0.027717 0.0019126
0 0.688813 0.0571434 0.0854182 0.114287 0.00183972
0 0.709214 0.00859019 0.0440234 0.0163112 0.00122604
0 0.682377 0.00875827 0.0657275 0.0175165 0.00120564
0 0.947226 0.457365 0.0667379 0.334189 0.00119517
0 0.695665 0.024118 0.0655241 0.0464109 0.00118577
0 0.667524 0.00692931 0.0426819 0.0138539 0.00115446
0 0.691151 0.0118321 0.0275837 0.0228847 0.00102455
