0 0.565315 0.843557 0.106435 0.309846 0.919161
0 0.68417 0.011767 0.0659882 0.023534 0.0302442
0 0.0430836 0.700856 0.0681442 0.232065 0.0265452
0 0.66793 0.0111978 0.0602784 0.0223956 0.00876757
0 0.264575 0.439026 0.0571764 0.158268 0.00815085
0 0.689549 0.018412 0.0688661 0.036824 0.00581587
0 0.701543 0.0120658 0.0654331 0.0237289 0.00424101
0 0.67366 0.0177823 0.0610794 0.0355645 0.00393525
0 0.673027 0.00824767 0.0444296 0.0164953 0.00302178
0 0.0518149 0.664395 0.0864166 0.293451 0.00289661
0 0.679211 0.0260114 0.0679575 0.0520228 0.00276417
0 0.675969 0.0487526 0.0656334 0.0975052 0.00182636
0 0.708669 0.00870603 0.0640143 0.0172583 0.00140801
0 0.681746 0.00869466 0.0665613 0.0173893 0.00134198
0 0.684315 0.00866324 0.0456235 0.0171574 0.00116091
0 0.690542 0.0162372 0.045231 0.0318496 0.00115685
