0 0.939644 0.874403 0.106379 0.250283 0.913073
0 0.681205 0.010619 0.0665047 0.0212379 0.035305
0 0.100036 0.910619 0.0797707 0.171179 0.0167603
0 0.264245 0.432065 0.0559476 0.168658 0.0166624
0 0.673115 0.00798578 0.0555902 0.0159716 0.0159932
0 0.689009 0.0150132 0.0664071 0.0300263 0.0132552
0 0.699259 0.0112942 0.0712009 0.0225885 0.00753865
0 0.669373 0.0109217 0.0646941 0.0218435 0.00649092
0 0.672551 0.0170944 0.0617562 0.0341888 0.00299126
0 0.708647 0.0085724 0.0619611 0.0168053 0.00218252
0 0.6655 0.0235837 0.0726841 0.0471674 0.00199216
0 0.0441017 0.663161 0.0774389 0.296409 0.00181433
0 0.690378 0.00867512 0.045144 0.0173502 0.00152445
0 0.67294 0.0103716 0.0276824 0.0206863 0.00142843
0 0.680384 0.0189518 0.0720532 0.0379035 0.00138655
0 0.69089 0.0156902 0.0448102 0.0308117 0.00134679
0 0.677924 0.00776022 0.0280027 0.0155204 0.00118049
0 0.684367 0.010984 0.0275064 0.0214431 0.00117191
0 0.668958 0.0514721 0.0738871 0.102944 0.00115208
0 0.689233 0.0249544 0.0709131 0.0499088 0.00104997
