0 0.622308 0.931934 0.0659526 0.135666 0.858827
0 0.902442 0.749758 0.0829041 0.322648 0.834859
0 0.684275 0.0110512 0.068159 0.0221023 0.010125
0 0.678798 0.0155719 0.066314 0.0311438 0.00587789
0 0.672973 0.00721996 0.0580844 0.0144399 0.00583989
0 0.667621 0.0104668 0.0615951 0.0209336 0.00445143
0 0.0454397 0.662787 0.0785862 0.294931 0.00421576
0 0.889973 0.785213 0.07421 0.246591 0.0031489
0 0.92209 0.633626 0.0890455 0.11671 0.0021916
0 0.690386 0.00819448 0.065257 0.0156045 0.00215846
0 0.700028 0.0116493 0.0741429 0.0232985 0.00202815
0 0.690813 0.0184907 0.0695965 0.0369814 0.00193114
0 0.263183 0.427592 0.0572505 0.180061 0.00166296
0 0.917976 0.717729 0.0965958 0.287827 0.00154796
0 0.681801 0.00809207 0.0686762 0.0161841 0.00108007
