0 0.777927 0.463401 0.097633 0.325679 0.900479
0 0.542248 0.78254 0.13034 0.320573 0.895538
0 0.681076 0.0108214 0.0653971 0.0216428 0.0305886
0 0.689664 0.014996 0.0641007 0.0294606 0.0134342
0 0.673086 0.00794568 0.055203 0.0158914 0.0120149
0 0.262891 0.428348 0.0579084 0.178198 0.0116106
0 0.0426754 0.702689 0.0674299 0.229452 0.00665654
0 0.699709 0.011042 0.0691707 0.0220839 0.00639235
0 0.669444 0.0109037 0.0631226 0.0218075 0.00558524
0 0.673292 0.0176806 0.0599563 0.0353611 0.00350016
0 0.70867 0.00854017 0.0592967 0.0167397 0.00289715
0 0.678896 0.0264599 0.0659579 0.0529198 0.00244438
0 0.675968 0.0475601 0.0630432 0.0951202 0.00180723
0 0.681743 0.0081741 0.064629 0.0163482 0.00169347
0 0.69038 0.00867314 0.0449812 0.0173463 0.00144582
0 0.701003 0.0182078 0.065615 0.0364155 0.00139711
0 0.687922 0.0189256 0.0738415 0.0378511 0.00124034
0 0.67284 0.0105134 0.0277121 0.0209558 0.0011416
0 0.68433 0.0111304 0.0275357 0.0217152 0.00103595
