0 0.74023 0.350004 0.0938871 0.292483 0.778633
0 0.0524266 0.934873 0.088864 0.130253 0.711474
0 0.0446093 0.664608 0.0735881 0.282242 0.327247
0 0.680707 0.0108283 0.0667286 0.0216565 0.0534125
0 0.678169 0.0157463 0.0638 0.0314927 0.0406896
0 0.669867 0.0113972 0.0642656 0.0227944 0.0105615
0 0.699305 0.0112482 0.0732567 0.0224963 0.00824114
0 0.689686 0.0181523 0.0703349 0.0363045 0.0071054
0 0.673061 0.00835328 0.0447618 0.0167066 0.00692098
0 0.678593 0.0269362 0.0679809 0.0538725 0.00548951
0 0.674709 0.0499886 0.0693653 0.0999771 0.00442022
0 0.681722 0.00834723 0.0658026 0.0166945 0.00360363
0 0.0366413 0.702425 0.0619136 0.230819 0.0034664
0 0.708623 0.00880594 0.0623691 0.0176119 0.00278171
0 0.684114 0.00873637 0.0456749 0.0174727 0.00244939
0 0.6779 0.0108612 0.0278154 0.0213706 0.00169436
0 0.666494 0.0350273 0.0730181 0.0700546 0.00141304
0 0.663176 0.0162541 0.0674815 0.0325083 0.00135607
0 0.672391 0.00793374 0.0280408 0.0158675 0.00134896
0 0.701403 0.0115037 0.0447468 0.0228716 0.00123759
0 0.657389 0.0560174 0.087978 0.111485 0.00121492
0 0.060398 0.692544 0.0970169 0.242588 0.00112194
