0 0.844033 0.512878 0.09571 0.241071 0.929152
0 0.922315 0.00630806 0.0532276 0.0126161 0.0105879
0 0.935606 0.00667781 0.0486885 0.0133556 0.0105687
0 0.916015 0.00874576 0.05912 0.0174915 0.00409812
0 0.945608 0.0088379 0.0587009 0.0172437 0.00297403
0 0.931223 0.0105107 0.057061 0.0210215 0.00242842
0 0.931454 0.00863639 0.0606634 0.0172728 0.00178612
0 0.934874 0.006335 0.027747 0.01267 0.00160845
0 0.0762474 0.837904 0.137037 0.294804 0.00145687
0 0.922671 0.0060369 0.0272087 0.0120738 0.00129596
