0 0.513689 0.0866226 0.080302 0.168013 0.914857
0 0.0722911 0.833287 0.129803 0.303381 0.0149358
0 0.93572 0.00671018 0.0482254 0.0134204 0.0106235
0 0.922604 0.00635482 0.0533953 0.0127096 0.00806826
0 0.915855 0.00905912 0.0606956 0.0181182 0.00322354
0 0.945558 0.00873832 0.0589529 0.0170013 0.00258602
0 0.931336 0.0104905 0.0566179 0.0209809 0.0020238
0 0.931683 0.00867906 0.0610876 0.0173581 0.00182849
0 0.934966 0.00637732 0.0277534 0.0127546 0.00166558
0 0.922972 0.00607762 0.0270336 0.0121552 0.00106963
