0 0.877821 0.428828 0.10043 0.214768 0.926238
0 0.936328 0.00679943 0.0465969 0.0135989 0.0155681
0 0.922663 0.0061741 0.0532787 0.0123482 0.00690966
0 0.945352 0.00869131 0.0555456 0.0170263 0.00546322
0 0.928849 0.00853406 0.0516338 0.0170681 0.00369082
0 0.940834 0.00892105 0.0557436 0.0178421 0.00285341
0 0.935554 0.00647572 0.0279314 0.0129514 0.00238926
0 0.931002 0.0115625 0.057621 0.0231249 0.00186402
0 0.940219 0.00844553 0.0276262 0.016372 0.00164592
0 0.951427 0.0063654 0.0540634 0.0118691 0.00163407
0 0.929131 0.00614958 0.0267187 0.0122992 0.00114099
