0 0.604195 0.16589 0.0822981 0.22746 0.930682
0 0.607212 0.953753 0.0886461 0.0923737 0.833299
0 0.93556 0.00663084 0.0480547 0.0132617 0.00705421
0 0.92272 0.00629201 0.0531279 0.012584 0.00587565
0 0.0732059 0.834149 0.134942 0.307667 0.00368124
0 0.603875 0.954151 0.048421 0.0916981 0.00308714
0 0.915751 0.00924227 0.061351 0.0184845 0.00217033
0 0.945644 0.00874595 0.0597166 0.0169138 0.00186851
0 0.931629 0.00880757 0.0610851 0.0176151 0.00135573
0 0.931282 0.0106849 0.0563702 0.0213698 0.00131777
0 0.934728 0.00630461 0.0276388 0.0126092 0.00124006
