0 0.468098 0.644019 0.11313 0.340241 0.903856
0 0.678071 0.0111908 0.0619746 0.0223816 0.0472609
0 0.687282 0.0153068 0.0677863 0.0306137 0.0154098
0 0.0465906 0.663275 0.0803559 0.295232 0.00848734
0 0.673052 0.00856712 0.044716 0.0171342 0.00670056
0 0.689926 0.00893555 0.0650334 0.0178711 0.00576946
0 0.698594 0.0116672 0.073001 0.0233345 0.00468844
0 0.67235 0.0169779 0.0626155 0.0339557 0.00467559
0 0.262967 0.42746 0.0601422 0.182881 0.00364102
0 0.681266 0.00846051 0.0664619 0.016921 0.00268714
0 0.678307 0.0237893 0.0693463 0.0475786 0.0022147
0 0.672859 0.0109415 0.0277694 0.0218752 0.00164484
0 0.683921 0.0112933 0.0275772 0.0220948 0.00122916
0 0.708604 0.00830911 0.064298 0.0165432 0.00114845
