0 0.544358 0.928802 0.0878419 0.142396 0.879352
0 0.404111 0.732032 0.0751939 0.197381 0.859537
0 0.918811 0.55338 0.109059 0.222514 0.837135
0 0.953109 0.473023 0.0919582 0.240359 0.822618
0 0.373984 0.856284 0.0699646 0.253531 0.760978
0 0.453983 0.911331 0.0631353 0.176045 0.729425
0 0.399609 0.912248 0.0711369 0.175504 0.711096
0 0.270264 0.15436 0.0842544 0.283095 0.665121
0 0.321324 0.764739 0.0751499 0.260852 0.615156
0 0.418296 0.246409 0.0586189 0.255547 0.339803
0 0.305684 0.911951 0.0873036 0.176098 0.320539
0 0.304862 0.816402 0.103019 0.355958 0.232571
0 0.359708 0.229448 0.0888067 0.288977 0.163526
0 0.305789 0.290979 0.0923182 0.299762 0.118031
0 0.288685 0.181077 0.0765878 0.263055 0.112675
0 0.296914 0.226951 0.0826541 0.297658 0.0750892
0 0.953176 0.416975 0.093648 0.127144 0.0359727
0 0.320484 0.250664 0.102513 0.334211 0.0288233
0 0.327427 0.928116 0.0940038 0.143767 0.0150101
0 0.283539 0.891342 0.11811 0.217317 0.0135474
0 0.414836 0.918137 0.0662059 0.163224 0.0118356
0 0.436769 0.907618 0.0805637 0.177256 0.0103413
0 0.247088 0.175808 0.0942035 0.270249 0.00821207
0 0.328417 0.832374 0.0902071 0.335252 0.00758449
0 0.324126 0.193357 0.0813887 0.30928 0.0068158
0 0.472163 0.954126 0.0695924 0.0910987 0.00669328
0 0.395406 0.242881 0.0949488 0.275889 0.00620075
0 0.343819 0.199953 0.0806081 0.325862 0.00561615
0 0.344959 0.824621 0.0825162 0.289716 0.00560333
0 0.376894 0.914058 0.0819381 0.171883 0.00474648
0 0.35653 0.957627 0.0593645 0.0846347 0.00466533
0 0.309524 0.937773 0.0731303 0.124453 0.00436355
0 0.32654 0.316117 0.118385 0.318245 0.00313508
0 0.458577 0.947068 0.0737788 0.105864 0.00294317
0 0.343525 0.944499 0.0842324 0.111003 0.00273605
0 0.294378 0.758933 0.105383 0.268564 0.00232279
0 0.36803 0.948648 0.0757944 0.102704 0.00221612
0 0.344697 0.273215 0.101964 0.322308 0.00208932
0 0.0675425 0.137622 0.0920388 0.259058 0.00182075
0 0.430201 0.225145 0.0694071 0.275342 0.00172269
0 0.204821 0.150403 0.0852475 0.270709 0.00163245
0 0.249053 0.124746 0.0785308 0.249492 0.00161173
0 0.274608 0.835174 0.109174 0.326949 0.00147933
0 0.245462 0.880412 0.106604 0.239177 0.00143128
0 0.221488 0.178469 0.0979362 0.274132 0.00131734
0 0.353777 0.153096 0.0687041 0.256614 0.00103141
0 0.301408 0.0919649 0.0647574 0.18393 0.00101647
0 0.274637 0.202845 0.0733051 0.214706 0.0010142
