0 0.23168 0.873514 0.0857769 0.250451 0.889096
0 0.502984 0.896332 0.0777956 0.20478 0.872899
0 0.428329 0.902958 0.0794606 0.193114 0.850713
0 0.368837 0.712484 0.0705847 0.258808 0.830555
0 0.325666 0.873036 0.0851674 0.250915 0.829474
0 0.290214 0.750134 0.0835544 0.335325 0.780052
0 0.977436 0.629194 0.0441729 0.332488 0.384048
0 0.287356 0.683659 0.0888659 0.232509 0.297479
0 0.417225 0.246899 0.0555923 0.246783 0.186578
0 0.270188 0.155165 0.0867469 0.288222 0.18123
0 0.293966 0.218818 0.0945903 0.329589 0.159081
0 0.358352 0.856374 0.0603446 0.210139 0.0964006
0 0.358885 0.241493 0.0944726 0.298202 0.0680445
0 0.25486 0.19225 0.0941247 0.282382 0.0505382
0 0.983296 0.661954 0.0314516 0.255965 0.040717
0 0.369737 0.821139 0.0598277 0.283571 0.0254296
0 0.972405 0.576873 0.0544315 0.253354 0.02349
0 0.314071 0.244981 0.106374 0.328834 0.0164655
0 0.396199 0.243083 0.0927915 0.270312 0.0105594
0 0.240216 0.15827 0.0917061 0.28321 0.00800364
0 0.258795 0.125654 0.0745363 0.226308 0.00686508
0 0.194999 0.137724 0.0754632 0.253693 0.00522299
0 0.297898 0.285968 0.0929524 0.279374 0.00454328
0 0.303596 0.167274 0.0885732 0.29687 0.00443195
0 0.293595 0.104185 0.0737947 0.202591 0.00375688
0 0.275874 0.781377 0.0720667 0.301878 0.00295689
0 0.32224 0.132567 0.0719839 0.25459 0.00243126
0 0.354513 0.0958073 0.0700326 0.186256 0.00227437
0 0.27348 0.23839 0.101509 0.311919 0.00219956
0 0.965122 0.616073 0.0600172 0.343336 0.00201947
0 0.331167 0.09767 0.0710557 0.189443 0.0019496
0 0.223746 0.194537 0.103918 0.288937 0.0018756
0 0.374129 0.888518 0.0746088 0.22181 0.00168584
0 0.385899 0.814807 0.0660346 0.276398 0.00164947
0 0.154719 0.198688 0.118549 0.300745 0.00158108
0 0.290952 0.180842 0.0760705 0.228181 0.00131929
0 0.341502 0.152118 0.0730602 0.262531 0.00130216
0 0.274106 0.710714 0.0965331 0.302954 0.00119883
0 0.105228 0.127083 0.0978384 0.254167 0.00115465
0 0.443012 0.243095 0.089273 0.240513 0.00108252
0 0.61264 0.904799 0.0883055 0.190403 0.00105312
0 0.309305 0.75777 0.0810189 0.30636 0.00104003
0 0.077703 0.132963 0.102628 0.263203 0.00101084
0 0.377934 0.215808 0.0806054 0.274863 0.00101006
