0 0.0964601 0.659977 0.0689509 0.281394 0.895009
0 0.164952 0.499054 0.0808019 0.285533 0.892186
0 0.0345568 0.664121 0.0613659 0.280714 0.856871
0 0.318297 0.790112 0.0930827 0.243338 0.854066
0 0.265285 0.16365 0.0905378 0.274094 0.41165
0 0.108519 0.183184 0.0763166 0.292483 0.134839
0 0.0957112 0.136779 0.0836558 0.263425 0.0466693
0 0.24222 0.157211 0.0863126 0.272486 0.0304412
0 0.331218 0.215645 0.10096 0.293957 0.0198084
0 0.406825 0.244675 0.0822695 0.257339 0.0150884
0 0.269395 0.12399 0.0711016 0.24564 0.0149715
0 0.173384 0.212185 0.0959633 0.269441 0.00706701
0 0.0721375 0.135156 0.0858393 0.265481 0.00662873
0 0.202344 0.148706 0.0775064 0.270339 0.0053493
0 0.284726 0.17859 0.0833224 0.2787 0.00516471
0 0.124896 0.167234 0.0790924 0.288124 0.00438775
0 0.222987 0.163975 0.0770512 0.274175 0.0038552
0 0.330156 0.298971 0.10032 0.271491 0.00347795
0 0.0337556 0.864222 0.0639337 0.232057 0.00316724
0 0.382497 0.248084 0.10767 0.277225 0.00271749
0 0.114324 0.126221 0.0760241 0.252442 0.00241388
0 0.0866522 0.191262 0.0988447 0.289738 0.00226121
0 0.143159 0.191597 0.0974128 0.297942 0.00199379
0 0.182963 0.15795 0.0931008 0.276512 0.00186738
0 0.234743 0.207318 0.0803284 0.288096 0.00152689
0 0.307957 0.199259 0.101846 0.311637 0.00145902
0 0.287324 0.119735 0.0631565 0.234114 0.00119793
0 0.353803 0.258469 0.108031 0.294749 0.00109679
