0 0.0952129 0.563283 0.0830502 0.2819 0.899199
0 0.179853 0.535612 0.0892407 0.266633 0.887618
0 0.273783 0.17849 0.0720696 0.262544 0.466456
0 0.419051 0.248438 0.052512 0.243675 0.22216
0 0.303134 0.240812 0.0880232 0.278627 0.13411
0 0.270151 0.124637 0.066902 0.239723 0.0289943
0 0.114565 0.165433 0.0649319 0.23994 0.0180891
0 0.283906 0.22192 0.0835037 0.286328 0.00749261
0 0.118434 0.208929 0.0836284 0.281886 0.00739603
0 0.248462 0.165062 0.0872025 0.276192 0.00718972
0 0.28933 0.284421 0.0943238 0.26759 0.00644959
0 0.934856 0.0437065 0.0691784 0.0851846 0.00581844
0 0.0998391 0.149657 0.0776494 0.252603 0.003819
0 0.259333 0.204592 0.0851365 0.27025 0.00360224
0 0.201418 0.152534 0.0838503 0.272176 0.00201098
0 0.281799 0.105527 0.0649829 0.198533 0.00193899
0 0.314163 0.301685 0.100002 0.292766 0.00186907
0 0.385089 0.225319 0.0939652 0.277498 0.00165606
0 0.234391 0.136492 0.0854113 0.265024 0.00149391
0 0.231218 0.219777 0.0852006 0.251801 0.00141035
0 0.346986 0.0930691 0.0517503 0.154946 0.00103739
