0 0.366597 0.910917 0.0820613 0.176773 0.877473
0 0.304884 0.837147 0.0620596 0.275151 0.877105
0 0.254268 0.918702 0.0769015 0.160758 0.861829
0 0.380302 0.785189 0.0929568 0.284853 0.822973
0 0.234991 0.820208 0.0738072 0.274479 0.803237
0 0.303592 0.224203 0.0939933 0.291693 0.218546
0 0.276186 0.186811 0.0730515 0.264253 0.140662
0 0.107189 0.196428 0.0945425 0.30696 0.0547675
0 0.315143 0.271778 0.0919154 0.279626 0.0531013
0 0.417428 0.248191 0.0549576 0.245541 0.0434553
0 0.263442 0.16179 0.0745172 0.270701 0.0325746
0 0.133556 0.208621 0.102041 0.300779 0.0289769
0 0.232693 0.186579 0.0830963 0.267831 0.0092774
0 0.162858 0.218967 0.114299 0.306569 0.0064731
0 0.255994 0.20577 0.093373 0.271705 0.00544238
0 0.203338 0.188653 0.0915979 0.281047 0.00527126
0 0.542784 0.981428 0.0597754 0.0371445 0.00451935
0 0.277861 0.121382 0.0671849 0.234777 0.00379594
0 0.116461 0.149854 0.0829332 0.271523 0.00338331
0 0.33399 0.229456 0.0963788 0.296575 0.00326474
0 0.199479 0.13563 0.0780574 0.253313 0.00256049
0 0.247014 0.888035 0.0812011 0.223931 0.00237027
0 0.0864519 0.161835 0.0979219 0.302791 0.0019058
0 0.302527 0.285781 0.0724354 0.220207 0.0016961
0 0.224328 0.135771 0.0835682 0.25953 0.00166038
