0 0.758413 0.334871 0.103021 0.23449 0.841335
0 0.301885 0.225375 0.0949274 0.290916 0.278805
0 0.312527 0.270928 0.0887078 0.263025 0.0242536
0 0.816155 0.0139254 0.0754708 0.0278508 0.0129326
0 0.835317 0.0137114 0.0917604 0.0274227 0.00656631
0 0.839925 0.019494 0.0789759 0.038988 0.0062563
0 0.408586 0.249077 0.0508223 0.239841 0.00476498
0 0.341426 0.246632 0.113228 0.284604 0.00281943
0 0.284989 0.198725 0.0850323 0.270766 0.00252431
0 0.249778 0.187683 0.0845632 0.26896 0.00171579
0 0.371955 0.250297 0.101675 0.270422 0.00116917
0 0.269873 0.121295 0.0745125 0.230172 0.00112842
0 0.289172 0.272715 0.0927588 0.269499 0.00102976
