0 0.731379 0.269677 0.0932081 0.217098 0.896591
0 0.029447 0.241905 0.0573325 0.256561 0.827179
0 0.10334 0.14187 0.0775543 0.24975 0.600213
0 0.30022 0.217314 0.0936416 0.316582 0.107035
0 0.114777 0.17686 0.078474 0.260328 0.0335615
0 0.280019 0.195014 0.091001 0.307822 0.0286322
0 0.255911 0.196697 0.0943409 0.284748 0.021872
0 0.343708 0.227814 0.12656 0.310819 0.02016
0 0.314223 0.256622 0.0971077 0.289998 0.0143873
0 0.419033 0.250839 0.0511713 0.239839 0.0143812
0 0.354984 0.332685 0.0881356 0.244299 0.00545592
0 0.0886149 0.12376 0.0635638 0.236988 0.00311086
0 0.273823 0.132417 0.0709825 0.249737 0.00309911
0 0.550102 0.920475 0.0709585 0.159049 0.00280117
0 0.191578 0.150123 0.0859699 0.270945 0.00235841
0 0.329 0.30262 0.116317 0.287682 0.00229538
0 0.294021 0.27618 0.077312 0.280887 0.00141947
0 0.234009 0.160268 0.0908262 0.276705 0.00141615
0 0.128633 0.210498 0.0872985 0.286059 0.00141071
0 0.178175 0.19216 0.0861837 0.289878 0.0012117
