0 0.422407 0.744966 0.0818333 0.294837 0.868459
0 0.595152 0.0693234 0.0918294 0.134744 0.796466
0 0.271085 0.154041 0.0788918 0.282725 0.610445
0 0.67134 0.958022 0.0845181 0.0839553 0.249611
0 0.106525 0.180946 0.0982513 0.293207 0.233711
0 0.205996 0.147893 0.0819931 0.28671 0.0863961
0 0.357467 0.294173 0.0884833 0.271006 0.0751368
0 0.68857 0.958772 0.0518992 0.0806729 0.0475353
0 0.617008 0.0694079 0.0753947 0.134886 0.0394616
0 0.287631 0.184169 0.100708 0.31092 0.025709
0 0.415 0.259859 0.049916 0.24035 0.022859
0 0.320655 0.214402 0.0865633 0.324806 0.0117978
0 0.398036 0.280616 0.0787483 0.263625 0.0111158
0 0.30692 0.314563 0.103189 0.291159 0.0103217
0 0.329535 0.285773 0.107321 0.301099 0.0102457
0 0.0820387 0.150919 0.101277 0.283048 0.00949255
0 0.187144 0.147629 0.0756459 0.268156 0.00899434
0 0.247701 0.178433 0.0939249 0.284929 0.00866949
0 0.125517 0.152222 0.0843705 0.287377 0.00713817
0 0.576281 0.0679181 0.0631261 0.133442 0.00602415
0 0.379775 0.305455 0.114415 0.283352 0.00537559
0 0.345228 0.217361 0.0999057 0.330068 0.00534096
0 0.140988 0.196762 0.108421 0.302634 0.00441118
0 0.286149 0.118743 0.0650348 0.234938 0.00389072
0 0.057972 0.138815 0.0828191 0.249538 0.00369028
0 0.105881 0.126679 0.0854454 0.253359 0.00335922
0 0.227792 0.149863 0.0836537 0.291592 0.00252556
0 0.367899 0.226706 0.103119 0.305096 0.00214897
0 0.273935 0.105546 0.0624011 0.203119 0.00179569
0 0.173766 0.189241 0.0936695 0.306893 0.00167531
0 0.30773 0.1697 0.0852521 0.288664 0.0015823
0 0.65378 0.923733 0.0615006 0.152534 0.00141607
0 0.29891 0.243348 0.0940125 0.298299 0.00130578
0 0.683117 0.940927 0.0569416 0.11527 0.00122472
0 0.698449 0.952236 0.0637202 0.0955281 0.00115826
0 0.140833 0.130617 0.0795488 0.253648 0.00105694
0 0.428846 0.267766 0.0850915 0.253518 0.00104401
0 0.647415 0.959801 0.0765452 0.0803978 0.00102959
