0 0.716679 0.332409 0.0825857 0.232039 0.89961
0 0.81257 0.303745 0.0975926 0.255405 0.883719
0 0.303838 0.214264 0.0920603 0.287804 0.246077
0 0.270468 0.127845 0.0710365 0.242257 0.125655
0 0.118169 0.182952 0.0938853 0.297814 0.0954035
0 0.320716 0.297707 0.1051 0.27002 0.0744436
0 0.345967 0.276968 0.121439 0.298472 0.0357026
0 0.283979 0.0990979 0.0563629 0.187371 0.0305474
0 0.139011 0.199324 0.0957562 0.304996 0.0199912
0 0.446762 0.242858 0.0889374 0.246667 0.0192973
0 0.423229 0.149923 0.0697896 0.210276 0.0113421
0 0.290325 0.164893 0.0835283 0.283248 0.00990313
0 0.246999 0.187307 0.0838302 0.268236 0.00977732
0 0.0917633 0.185641 0.105981 0.309181 0.00781958
0 0.239942 0.131958 0.0883964 0.25398 0.00511508
0 0.430022 0.254803 0.0604411 0.251207 0.00299125
0 0.325541 0.228659 0.10054 0.305803 0.0022629
0 0.208529 0.151195 0.0961852 0.268321 0.00216141
0 0.272059 0.193834 0.0858509 0.263954 0.00203893
0 0.160413 0.21554 0.105137 0.301574 0.00200769
0 0.103682 0.144458 0.089521 0.273024 0.00156705
0 0.375964 0.285202 0.0941052 0.273704 0.00142438
0 0.223272 0.19486 0.0921107 0.267718 0.00104879
