0 0.745951 0.289984 0.0962078 0.211743 0.891739
0 0.258152 0.136001 0.0781495 0.249333 0.155291
0 0.243784 0.199074 0.100461 0.286418 0.118812
0 0.13191 0.197664 0.104166 0.31081 0.0740175
0 0.276664 0.193751 0.101569 0.304267 0.0569874
0 0.298526 0.210958 0.0964933 0.314372 0.0454538
0 0.108632 0.183684 0.108439 0.307915 0.0192075
0 0.223462 0.222886 0.11249 0.292499 0.0182486
0 0.417422 0.245598 0.0595622 0.27133 0.00830667
0 0.276686 0.120563 0.0716065 0.239401 0.00668668
0 0.315163 0.242455 0.10237 0.289127 0.00610037
0 0.346894 0.216929 0.099484 0.31114 0.00450522
0 0.314824 0.183052 0.0893758 0.288395 0.00420345
0 0.208209 0.182924 0.107539 0.303646 0.00413043
0 0.165378 0.180572 0.0955416 0.319803 0.00189896
0 0.367251 0.226977 0.102361 0.273578 0.00166986
0 0.199116 0.131007 0.0790213 0.245653 0.00149347
0 0.350139 0.169004 0.0804934 0.282898 0.0013459
0 0.362431 0.33233 0.0828492 0.226311 0.00114022
0 0.235707 0.135106 0.0901406 0.260779 0.00108684
0 0.396129 0.244138 0.0887871 0.270705 0.00104912
