0 0.651093 0.243156 0.0830206 0.221512 0.906654
0 0.935679 0.610591 0.101216 0.232575 0.774731
0 0.536538 0.0482792 0.0594802 0.0912786 0.609423
0 0.304622 0.292646 0.0898006 0.276935 0.50615
0 0.108535 0.195306 0.0848976 0.301055 0.220341
0 0.292392 0.194332 0.0821453 0.267241 0.0841978
0 0.09858 0.150894 0.0873666 0.269619 0.038992
0 0.25038 0.149583 0.0825175 0.267962 0.0180829
0 0.200308 0.153574 0.0819826 0.267634 0.0167975
0 0.227695 0.152571 0.093938 0.268461 0.0162654
0 0.272914 0.180827 0.0843313 0.272141 0.0155495
0 0.114743 0.124064 0.0719016 0.248127 0.00985384
0 0.266535 0.124703 0.0647693 0.236272 0.00961251
0 0.352643 0.285565 0.0991534 0.306463 0.00699391
0 0.304574 0.229073 0.0827589 0.289865 0.00652239
0 0.374938 0.264302 0.103013 0.303669 0.00416655
0 0.123164 0.166222 0.0829016 0.281423 0.00377896
0 0.328804 0.314055 0.113322 0.297119 0.00373319
0 0.541003 0.984432 0.0597691 0.0311179 0.0030403
0 0.184198 0.18325 0.0803416 0.282861 0.00292221
0 0.41708 0.24773 0.0549564 0.255305 0.00260065
0 0.139182 0.214111 0.100431 0.306178 0.00217469
0 0.540496 0.0737967 0.0598166 0.143421 0.00167514
0 0.29252 0.334682 0.0938475 0.308582 0.00124914
0 0.288311 0.131232 0.0738382 0.246916 0.00102753
0 0.0710308 0.147899 0.0956646 0.269669 0.00102156
