0 0.434113 0.60678 0.0814617 0.247564 0.696462
0 0.668251 0.955956 0.0862125 0.0878465 0.489696
0 0.296504 0.214722 0.0992831 0.309179 0.284774
0 0.266774 0.152467 0.070365 0.265336 0.187896
0 0.278259 0.183026 0.076665 0.281998 0.0880132
0 0.41903 0.249624 0.0517255 0.23573 0.0870448
0 0.115061 0.180862 0.0886358 0.278275 0.0444363
0 0.192512 0.135483 0.0593145 0.242134 0.0317031
0 0.248341 0.178733 0.0895932 0.27467 0.0224741
0 0.306149 0.291367 0.100277 0.302919 0.0224412
0 0.278241 0.121622 0.061638 0.235598 0.0141318
0 0.115064 0.1239 0.0755713 0.245875 0.0131359
0 0.23344 0.132249 0.086248 0.247539 0.00670907
0 0.0999206 0.148848 0.0825206 0.264118 0.00626791
0 0.356149 0.281123 0.0944612 0.309663 0.00555091
0 0.327986 0.256647 0.0934455 0.302605 0.00380527
0 0.0064306 0.355744 0.012615 0.1056 0.00364533
0 0.250487 0.135495 0.0739107 0.22351 0.00313495
0 0.0089076 0.353132 0.016045 0.125481 0.00313247
0 0.0825306 0.13004 0.0870284 0.259966 0.0030387
0 0.371887 0.191699 0.0770739 0.289682 0.00236648
0 0.666083 0.956234 0.0481836 0.0875319 0.002041
0 0.405177 0.224083 0.0716307 0.271221 0.00199623
0 0.34565 0.220294 0.0901204 0.304562 0.00181473
0 0.0598158 0.129237 0.0884655 0.254036 0.00167767
0 0.453952 0.614416 0.0871568 0.258502 0.00167435
0 0.217202 0.148285 0.0735541 0.26656 0.00156902
0 0.296312 0.347415 0.0958995 0.257991 0.00116719
0 0.199156 0.172783 0.07737 0.273452 0.00114148
0 0.379635 0.260572 0.0948187 0.279754 0.00110491
0 0.293119 0.197224 0.080223 0.227718 0.00102878
