0 0.852834 0.448328 0.0909344 0.237864 0.917428
0 0.978057 0.432504 0.0423735 0.25203 0.556375
0 0.268808 0.16532 0.0729989 0.261002 0.42346
0 0.246374 0.178921 0.0931302 0.26678 0.166281
0 0.285486 0.180329 0.0733946 0.256032 0.0494799
0 0.307004 0.225819 0.0875024 0.28986 0.0423034
0 0.0942559 0.134163 0.0912312 0.258144 0.0401727
0 0.269683 0.120478 0.0609349 0.234437 0.0123121
0 0.104798 0.196338 0.0991398 0.290203 0.00793289
0 0.323552 0.198192 0.0801046 0.296579 0.00790091
0 0.115148 0.145534 0.0793351 0.263282 0.0064313
0 0.281556 0.0995061 0.0571959 0.189596 0.00507647
0 0.307689 0.300293 0.0927958 0.279978 0.00391645
0 0.247184 0.123914 0.0769399 0.247827 0.00325496
0 0.329538 0.25486 0.0957044 0.30843 0.00322182
0 0.0581984 0.128995 0.0992548 0.257705 0.00300661
0 0.222357 0.165977 0.101242 0.28743 0.00254298
0 0.541282 0.984221 0.0636067 0.031557 0.00224794
0 0.340972 0.180105 0.083617 0.285504 0.00186165
0 0.984798 0.401706 0.0285015 0.203956 0.00143704
0 0.288345 0.238612 0.0831363 0.284494 0.00118989
0 0.128289 0.123095 0.068726 0.24619 0.00114961
0 0.200527 0.130964 0.0737566 0.241645 0.00102303
