0 0.983246 0.657628 0.0320538 0.230041 0.469994
0 0.279378 0.182806 0.0720591 0.247096 0.394838
0 0.104975 0.186527 0.0905696 0.296367 0.307758
0 0.265097 0.162683 0.0790258 0.264046 0.0759022
0 0.417885 0.245443 0.0595374 0.256705 0.0750222
0 0.30632 0.241559 0.0769951 0.271441 0.0593722
0 0.0816298 0.149435 0.0932828 0.261596 0.0129069
0 0.114628 0.14339 0.0748773 0.254697 0.0104615
0 0.235714 0.15693 0.0879102 0.264435 0.00995271
0 0.127376 0.206012 0.0979758 0.300509 0.00822666
0 0.198098 0.153246 0.0790027 0.258388 0.00755995
0 0.27913 0.121634 0.064826 0.234643 0.00606792
0 0.156381 0.199748 0.100509 0.287459 0.00484608
0 0.356075 0.151183 0.0664226 0.231008 0.00311186
0 0.973281 0.659862 0.0468246 0.239824 0.00305573
0 0.371178 0.229475 0.0995784 0.279944 0.00273664
0 0.298951 0.288181 0.0753638 0.258586 0.00244995
0 0.986906 0.621782 0.0242037 0.17189 0.00234115
0 0.3192 0.197605 0.0818566 0.280897 0.00213514
0 0.440919 0.241689 0.0948207 0.279368 0.002131
0 0.396838 0.24355 0.0883107 0.264974 0.00171002
0 0.0623204 0.132294 0.0782854 0.24335 0.00156135
0 0.18402 0.179272 0.0827793 0.269767 0.00135816
0 0.347053 0.193154 0.0773577 0.293765 0.00103384
