0 0.191436 0.870238 0.0920881 0.259525 0.898928
0 0.327943 0.616808 0.0969832 0.289543 0.879444
0 0.666178 0.171031 0.0947776 0.164764 0.833365
0 0.0277291 0.564183 0.0543387 0.271893 0.790762
0 0.235442 0.21052 0.0789259 0.274344 0.125802
0 0.266062 0.133982 0.0627789 0.235247 0.0438712
0 0.101882 0.147245 0.100514 0.27996 0.0418766
0 0.278206 0.211254 0.0977558 0.280829 0.0280891
0 0.418695 0.261479 0.0484211 0.243838 0.0185783
0 0.252124 0.151747 0.0862992 0.266146 0.0114801
0 0.214116 0.190356 0.0889707 0.28525 0.01087
0 0.116298 0.193659 0.104432 0.294331 0.00902884
0 0.0581005 0.130166 0.0861922 0.255089 0.00890129
0 0.303479 0.210671 0.09231 0.28579 0.00849052
0 0.305833 0.289226 0.0843527 0.259992 0.00836321
0 0.0851444 0.179412 0.111441 0.297764 0.00531471
0 0.227458 0.131981 0.0896737 0.253209 0.00421538
0 0.204287 0.135586 0.0826709 0.257625 0.00402651
0 0.14707 0.226328 0.0904999 0.298996 0.00317547
0 0.0828575 0.126917 0.0883627 0.253833 0.00266843
0 0.290704 0.167721 0.084443 0.270732 0.00245197
0 0.0158354 0.55658 0.0300501 0.273961 0.0024047
0 0.17063 0.217669 0.0991876 0.287696 0.00222159
0 0.59058 0.905053 0.138475 0.189894 0.00162421
0 0.133373 0.15717 0.0841463 0.272652 0.00143012
0 0.187364 0.158609 0.0844787 0.282124 0.00137913
0 0.327663 0.291994 0.0913939 0.264244 0.00123816
0 0.270975 0.195226 0.0685583 0.222257 0.00111001
