0 0.234606 0.715146 0.141062 0.299239 0.825788
0 0.105745 0.236961 0.0665487 0.255196 0.791486
0 0.0324685 0.336777 0.064937 0.245721 0.791192
0 0.769077 0.196357 0.114247 0.180086 0.625667
0 0.804805 0.309467 0.0869465 0.265897 0.13682
0 0.219983 0.14758 0.0789976 0.27581 0.0721971
0 0.167727 0.180608 0.0786366 0.290594 0.0258106
0 0.489951 0.0567087 0.0756664 0.110659 0.00898841
0 0.841149 0.520331 0.0639496 0.210682 0.00837825
0 0.344312 0.229656 0.0808365 0.272268 0.00424233
0 0.604755 0.904488 0.124769 0.191023 0.00401041
0 0.238951 0.13636 0.080844 0.272719 0.00378146
0 0.150416 0.192259 0.0788933 0.287852 0.00325529
0 0.199321 0.148856 0.0825363 0.284628 0.00298775
0 0.127698 0.200919 0.0882223 0.29088 0.00295115
0 0.0260714 0.292395 0.0502411 0.169768 0.00203007
0 0.321081 0.243638 0.0689625 0.244149 0.00175593
0 0.790024 0.247088 0.107716 0.223187 0.00111277
0 0.410946 0.359583 0.0796488 0.241931 0.00105224
0 0.274438 0.148924 0.082739 0.281701 0.00104617
