0 0.874666 0.25565 0.0809389 0.1873 0.889862
0 0.825071 0.430105 0.0971069 0.210724 0.820757
0 0.939892 0.409173 0.0848484 0.219216 0.671117
0 0.283734 0.215877 0.100215 0.31706 0.389644
0 0.255697 0.196628 0.0938574 0.291007 0.0829581
0 0.268823 0.135513 0.0743035 0.258544 0.0589427
0 0.233789 0.193295 0.10038 0.315311 0.0302756
0 0.3068 0.217849 0.0879471 0.309849 0.0256933
0 0.0782807 0.134278 0.0885589 0.260993 0.0253173
0 0.35677 0.229908 0.090739 0.273739 0.018944
0 0.132634 0.184072 0.0906256 0.305357 0.0131772
0 0.206286 0.191364 0.120497 0.32148 0.0114292
0 0.308734 0.300894 0.0906273 0.273837 0.0102153
0 0.817532 0.909486 0.0712846 0.180814 0.00832595
0 0.173578 0.191711 0.111781 0.318028 0.00599608
0 0.106499 0.19519 0.118787 0.297172 0.00572314
0 0.416275 0.247832 0.0632497 0.256612 0.00509058
0 0.289149 0.118833 0.0661345 0.22862 0.00484654
0 0.24904 0.135819 0.0789589 0.265144 0.0047642
0 0.918348 0.408901 0.109296 0.235493 0.00314082
0 0.378169 0.242529 0.0964206 0.276778 0.00270359
0 0.104528 0.135783 0.0922455 0.257943 0.00240353
0 0.331601 0.225192 0.0989386 0.295628 0.00214433
0 0.199531 0.132232 0.0868556 0.255674 0.00178574
0 0.279765 0.182078 0.0762075 0.226989 0.00134667
0 0.1542 0.169734 0.0902933 0.306616 0.00127694
0 0.192281 0.0898064 0.070925 0.171121 0.00118861
0 0.321945 0.16424 0.0779819 0.29346 0.00111625
0 0.302298 0.0761786 0.0646224 0.139305 0.00111533
0 0.355874 0.152813 0.0712143 0.240502 0.00109821
