0 0.790707 0.331455 0.0994778 0.210193 0.853921
0 0.272633 0.198194 0.0849806 0.284478 0.106798
0 0.243423 0.195182 0.0872728 0.290941 0.0400512
0 0.143494 0.212221 0.0956286 0.305982 0.0296006
0 0.221666 0.181696 0.10646 0.308235 0.011889
0 0.290686 0.171788 0.0950497 0.290041 0.00631794
0 0.169359 0.221085 0.133395 0.321858 0.00604714
0 0.121531 0.197049 0.108207 0.30863 0.00551003
0 0.207837 0.138587 0.101277 0.272685 0.00358453
0 0.255987 0.122688 0.0791615 0.244136 0.00281286
0 0.307809 0.302592 0.112153 0.285521 0.00182686
0 0.285634 0.207948 0.0743292 0.226958 0.00111819
0 0.292647 0.24179 0.100453 0.300374 0.00100603
