0 0.452559 0.893331 0.105051 0.21152 0.908149
0 0.355078 0.896246 0.0868804 0.207403 0.884322
0 0.238423 0.917648 0.0825483 0.163999 0.866988
0 0.303284 0.287057 0.0833864 0.278126 0.318671
0 0.297778 0.218706 0.0889419 0.317147 0.250794
0 0.257358 0.1343 0.0770834 0.25167 0.116406
0 0.419244 0.24762 0.0565647 0.24756 0.068149
0 0.283879 0.181983 0.081962 0.280335 0.0543749
0 0.10574 0.165845 0.083059 0.272911 0.0398964
0 0.118915 0.206003 0.103636 0.308857 0.0203283
0 0.254695 0.19218 0.0929773 0.29285 0.0147165
0 0.0881013 0.131271 0.0834864 0.258232 0.0124005
0 0.0861712 0.177649 0.103992 0.301915 0.00978674
0 0.238228 0.147065 0.0886337 0.26506 0.00924691
0 0.358855 0.292188 0.0866303 0.284304 0.0089445
0 0.276206 0.11786 0.0617415 0.233263 0.0088534
0 0.200409 0.134893 0.0794122 0.245754 0.00535239
0 0.114288 0.124446 0.0789397 0.248893 0.00423447
0 0.356786 0.151447 0.0661909 0.235158 0.00259936
0 0.0612739 0.148446 0.0969918 0.271292 0.00242161
0 0.142183 0.215668 0.0996872 0.302306 0.00187041
0 0.368739 0.230886 0.0808558 0.269649 0.00145216
0 0.394793 0.243648 0.0934722 0.272864 0.00139891
0 0.234292 0.209275 0.100954 0.316542 0.00128539
0 0.27113 0.178576 0.0762369 0.227067 0.0011494
0 0.408223 0.273993 0.0729704 0.266849 0.00114404
0 0.21914 0.163844 0.0905262 0.280637 0.00102954
