0 0.358988 0.775866 0.09537 0.298717 0.871288
0 0.835893 0.0997273 0.0728296 0.195371 0.811918
0 0.271783 0.190346 0.0895438 0.286414 0.381193
0 0.107425 0.18203 0.0960406 0.291588 0.0513688
0 0.416815 0.244836 0.0577192 0.247166 0.0472092
0 0.93879 0.0443095 0.0675993 0.0864541 0.0355145
0 0.269526 0.124868 0.0672197 0.240796 0.0326816
0 0.290091 0.211039 0.0931473 0.306338 0.0210481
0 0.248237 0.195328 0.0954414 0.280164 0.0197247
0 0.302393 0.288155 0.0877232 0.272131 0.0103841
0 0.356806 0.230408 0.0893831 0.268907 0.00910328
0 0.195071 0.13614 0.0626866 0.238847 0.008945
0 0.0952084 0.138768 0.0945883 0.261606 0.00861158
0 0.285661 0.12204 0.0666559 0.237263 0.00708763
0 0.220611 0.196459 0.0974085 0.28079 0.00671898
0 0.323743 0.218495 0.0929029 0.293402 0.00384432
0 0.130894 0.210887 0.0980644 0.30699 0.00256766
0 0.124512 0.149607 0.0764363 0.260087 0.00237707
0 0.403015 0.230283 0.0875446 0.268733 0.00201339
0 0.248825 0.124305 0.0753448 0.248611 0.00191377
0 0.219146 0.131407 0.0846703 0.253624 0.00166965
0 0.374678 0.204272 0.0787499 0.295907 0.00129395
0 0.197098 0.177559 0.0795787 0.288093 0.00113345
