0 0.706423 0.119009 0.0814283 0.215875 0.897005
0 0.799976 0.397158 0.11516 0.213519 0.857965
0 0.356395 0.329813 0.0892314 0.257341 0.0099064
0 0.355155 0.230842 0.100001 0.290103 0.00866948
0 0.30568 0.315557 0.0870257 0.273595 0.00823484
0 0.305648 0.240279 0.0887124 0.286441 0.00699821
0 0.281669 0.123303 0.0707695 0.233418 0.00634145
0 0.332418 0.255395 0.108513 0.315111 0.00459681
0 0.283276 0.192579 0.0916361 0.307598 0.00188401
0 0.464438 0.0437177 0.0731866 0.0830091 0.00160929
0 0.304474 0.136216 0.0842228 0.241422 0.00145289
0 0.332503 0.329631 0.105148 0.293423 0.00144979
0 0.378196 0.24375 0.0997105 0.268943 0.00139483
