0 0.542062 0.0882481 0.082323 0.167608 0.90182
0 0.691055 0.200241 0.0840264 0.216564 0.894596
0 0.430419 0.746586 0.0885457 0.278689 0.865403
0 0.117051 0.184743 0.107049 0.316739 0.566125
0 0.355428 0.305447 0.079743 0.253973 0.261091
0 0.270602 0.187884 0.0841073 0.298762 0.165959
0 0.266821 0.138247 0.0652346 0.238794 0.133981
0 0.667702 0.957241 0.0923946 0.0855182 0.0803564
0 0.206769 0.148085 0.0792801 0.288722 0.0760388
0 0.296536 0.213349 0.100514 0.315151 0.0477537
0 0.367599 0.268007 0.101738 0.311392 0.0142933
0 0.0849648 0.179123 0.117626 0.311441 0.0134383
0 0.139537 0.205615 0.0996753 0.294094 0.0122594
0 0.339518 0.285565 0.100015 0.299852 0.0103743
0 0.29404 0.336962 0.0958454 0.278138 0.0101917
0 0.249061 0.177766 0.0943161 0.285091 0.00982423
0 0.281444 0.123129 0.064698 0.230789 0.00815276
0 0.320925 0.243106 0.0913455 0.323898 0.00722738
0 0.201469 0.117465 0.0611831 0.221499 0.00522159
0 0.387547 0.285056 0.0939467 0.280616 0.00487478
0 0.187953 0.148255 0.0670547 0.272346 0.00439384
0 0.228795 0.14935 0.098028 0.293293 0.00407818
0 0.117604 0.140828 0.0830138 0.281657 0.00396542
0 0.413893 0.25956 0.0515526 0.247187 0.00376568
0 0.30421 0.282606 0.0915926 0.310989 0.00262287
0 0.060193 0.16668 0.0890451 0.280524 0.00225996
0 0.347133 0.223727 0.099815 0.330276 0.00219288
0 0.248714 0.123626 0.0772794 0.247252 0.00211738
0 0.433007 0.274484 0.0913944 0.26917 0.00128135
0 0.317146 0.170026 0.0809025 0.290778 0.00104006
0 0.074391 0.133508 0.0807225 0.253134 0.00102539
