0 0.843142 0.296337 0.0885683 0.225965 0.899702
0 0.529171 0.0933927 0.0807354 0.163777 0.873526
0 0.0673093 0.214929 0.0856915 0.257789 0.858051
0 0.972761 0.574129 0.0529943 0.241613 0.814725
0 0.297951 0.201247 0.0957943 0.290548 0.304351
0 0.305121 0.288864 0.0939211 0.262986 0.276941
0 0.197656 0.140641 0.0894275 0.265106 0.0234796
0 0.254653 0.190836 0.0899806 0.273419 0.0210547
0 0.275253 0.165929 0.0793251 0.285888 0.0177174
0 0.232219 0.21042 0.0940536 0.262216 0.0169477
0 0.397898 0.244824 0.0980087 0.265208 0.012467
0 0.261601 0.134805 0.0707061 0.24957 0.0084787
0 0.152777 0.225341 0.0937899 0.29246 0.00403586
0 0.210295 0.185845 0.0883003 0.278302 0.00341114
0 0.275318 0.121368 0.0627241 0.231876 0.0026564
0 0.270646 0.222178 0.0982492 0.284127 0.00242255
0 0.32565 0.275545 0.116669 0.301487 0.00237331
0 0.287806 0.25817 0.0941808 0.260545 0.00229933
0 0.373552 0.277232 0.107409 0.292878 0.00159303
0 0.984241 0.570389 0.0287558 0.241336 0.00152614
0 0.325885 0.212557 0.104229 0.300771 0.0013975
0 0.34831 0.254632 0.112511 0.306684 0.00121715
0 0.170699 0.149589 0.0866212 0.259428 0.00106178
