0 0.320179 0.812148 0.0787556 0.280343 0.890744
0 0.0735558 0.310709 0.0868466 0.251857 0.868876
0 0.235822 0.833049 0.091499 0.287278 0.864907
0 0.979978 0.619166 0.0390568 0.242862 0.806688
0 0.588837 0.940803 0.103252 0.118395 0.791989
0 0.293739 0.21337 0.101106 0.303908 0.426048
0 0.303919 0.302307 0.100789 0.283011 0.13688
0 0.274368 0.183585 0.0755699 0.270516 0.0140229
0 0.294361 0.348575 0.0982973 0.260545 0.00754013
0 0.222928 0.220156 0.0987201 0.276612 0.00745149
0 0.259537 0.216661 0.104035 0.291929 0.0055355
0 0.204664 0.137449 0.0915284 0.264381 0.00491546
0 0.267223 0.123176 0.0578769 0.224061 0.00393144
0 0.357284 0.291393 0.0848473 0.277534 0.00354279
0 0.303219 0.261756 0.0819025 0.22158 0.00221661
0 0.821597 0.0139562 0.0822024 0.0279123 0.00200187
0 0.968548 0.619216 0.0629043 0.246746 0.0016746
0 0.561944 0.93773 0.125961 0.122209 0.00149471
0 0.289167 0.153921 0.0870298 0.280211 0.00123117
0 0.327845 0.256943 0.123519 0.303918 0.00108254
0 0.417183 0.249318 0.0603086 0.250526 0.00103117
