0 0.716888 0.201014 0.0911045 0.211098 0.856619
0 0.258101 0.95446 0.0850421 0.0904665 0.747185
0 0.117985 0.198966 0.094634 0.310293 0.578189
0 0.304448 0.22731 0.0955926 0.300545 0.107769
0 0.200024 0.131083 0.0827979 0.252508 0.0188285
0 0.256745 0.137729 0.0777739 0.258336 0.0158803
0 0.141642 0.220207 0.100679 0.298307 0.0129232
0 0.247624 0.18981 0.0856101 0.289233 0.00917377
0 0.0983837 0.16969 0.102739 0.320599 0.00834865
0 0.281168 0.198936 0.103038 0.306706 0.00707066
0 0.411555 0.245879 0.070313 0.257787 0.0070287
0 0.227465 0.149834 0.0935755 0.278196 0.00674761
0 0.32811 0.256776 0.102171 0.289749 0.00606279
0 0.165446 0.212444 0.0997009 0.293234 0.00279486
0 0.254376 0.955191 0.0484673 0.0890334 0.00277388
0 0.275785 0.136364 0.0671562 0.249005 0.0023678
0 0.204176 0.18703 0.100579 0.304516 0.00223905
0 0.351155 0.276326 0.104995 0.305787 0.00221722
0 0.114972 0.137027 0.0810598 0.274054 0.00181742
0 0.25389 0.967912 0.073984 0.0614811 0.00151965
0 0.372383 0.256258 0.109558 0.309285 0.00145984
0 0.258223 0.238175 0.104513 0.313138 0.00130101
0 0.171013 0.15138 0.0700751 0.261214 0.00106103
0 0.0965691 0.126407 0.0785931 0.252815 0.0010324
0 0.141837 0.166957 0.0832454 0.293716 0.00102634
