0 0.900266 0.359192 0.10379 0.247891 0.878274
0 0.681694 0.271328 0.093389 0.22758 0.868039
0 0.962349 0.659442 0.0744648 0.251667 0.830355
0 0.268436 0.182271 0.0874425 0.268274 0.556911
0 0.105493 0.18297 0.105458 0.296065 0.19909
0 0.412292 0.258164 0.0541 0.242716 0.0419171
0 0.24679 0.191704 0.0954595 0.277056 0.0363865
0 0.295265 0.24034 0.0963753 0.289995 0.0338625
0 0.945341 0.641721 0.0720556 0.237861 0.029086
0 0.130273 0.206969 0.100587 0.295141 0.0149997
0 0.306956 0.285538 0.098944 0.298169 0.0108685
0 0.254979 0.142919 0.080008 0.268262 0.00885588
0 0.351902 0.253488 0.100691 0.308072 0.00774409
0 0.0824002 0.151636 0.0874825 0.267878 0.00717037
0 0.376625 0.254629 0.108024 0.29292 0.00657048
0 0.397927 0.246215 0.0791104 0.262559 0.00542136
0 0.810072 0.0155317 0.0685047 0.0310633 0.00515328
0 0.330294 0.300797 0.0926217 0.277164 0.00401828
0 0.31842 0.227288 0.0920786 0.324698 0.00365797
0 0.224384 0.180651 0.0849344 0.276157 0.00326155
0 0.152722 0.199691 0.0890896 0.295227 0.00297676
0 0.422531 0.232591 0.0847749 0.283635 0.0026617
0 0.286472 0.168725 0.082604 0.267596 0.00256823
0 0.237077 0.134369 0.0783979 0.255717 0.00206112
0 0.297329 0.335853 0.0934922 0.297754 0.00198568
0 0.92743 0.645696 0.0665249 0.249634 0.0018897
0 0.0675089 0.185298 0.0976854 0.305737 0.00177147
0 0.104515 0.137051 0.0831056 0.265784 0.00174539
0 0.826095 0.0145764 0.076424 0.0285192 0.00140013
0 0.276623 0.119416 0.0690504 0.237779 0.00137219
0 0.206217 0.152482 0.0825707 0.266993 0.00111347
