0 0.590245 0.0989555 0.0761351 0.188437 0.889692
0 0.277028 0.15426 0.0902496 0.289061 0.0984561
0 0.307359 0.28923 0.0911011 0.269831 0.0905489
0 0.329408 0.30312 0.109317 0.277185 0.0245611
0 0.288625 0.198861 0.0851078 0.248165 0.0226312
0 0.352954 0.319649 0.0868668 0.247212 0.0102202
0 0.0954345 0.18052 0.101504 0.279544 0.00753839
0 0.153105 0.235 0.103074 0.295971 0.00684698
0 0.542321 0.982666 0.0651371 0.0346671 0.00367611
0 0.28999 0.123404 0.0763711 0.241386 0.00306139
0 0.346382 0.263379 0.114641 0.328019 0.00256558
0 0.259408 0.176555 0.0874347 0.266945 0.00240397
0 0.301909 0.163328 0.104793 0.305807 0.00232205
0 0.115254 0.164826 0.0893387 0.279581 0.00216928
0 0.238824 0.156268 0.0957289 0.286113 0.00146783
0 0.193135 0.150089 0.0752994 0.262559 0.00131127
0 0.311371 0.220016 0.102772 0.326017 0.00127655
0 0.134593 0.213809 0.0868448 0.280209 0.00120984
0 0.545916 0.984464 0.0419471 0.0310729 0.00103171
