0 0.665679 0.102811 0.092545 0.198045 0.863813
0 0.956377 0.50464 0.0832087 0.207103 0.859378
0 0.0922707 0.269714 0.0929795 0.262815 0.811375
0 0.310175 0.239387 0.0897702 0.293283 0.421943
0 0.269609 0.148113 0.0734662 0.250295 0.0637937
0 0.337041 0.25157 0.096315 0.302231 0.0232269
0 0.412161 0.243149 0.071221 0.260055 0.0216269
0 0.354101 0.289119 0.0924806 0.291319 0.0171265
0 0.3201 0.299812 0.0947773 0.288387 0.00813594
0 0.259046 0.185171 0.0882139 0.288297 0.00594702
0 0.394726 0.230103 0.0916141 0.290985 0.00579585
0 0.199753 0.153851 0.0864408 0.268357 0.00507425
0 0.961785 0.46631 0.076429 0.129042 0.00469196
0 0.281114 0.208929 0.0954697 0.284972 0.0039555
0 0.369954 0.257641 0.102236 0.301116 0.00387092
0 0.22634 0.186462 0.0897854 0.286941 0.00285696
0 0.938513 0.504178 0.0569927 0.207525 0.00223382
