0 0.892023 0.403198 0.0954659 0.22251 0.903306
0 0.50549 0.073707 0.0760152 0.145186 0.673479
0 0.25514 0.169511 0.0878021 0.262715 0.659407
0 0.295219 0.243387 0.0825367 0.278249 0.254118
0 0.142069 0.212604 0.0981362 0.295997 0.198492
0 0.41594 0.247493 0.0569862 0.248802 0.18286
0 0.396063 0.243621 0.0943955 0.263915 0.0539244
0 0.367523 0.231814 0.0961776 0.269349 0.0121946
0 0.0960519 0.179948 0.106429 0.325806 0.0116848
0 0.23837 0.190687 0.0940734 0.262375 0.00725116
0 0.193512 0.162406 0.0754477 0.278921 0.0071994
0 0.278407 0.192188 0.0831585 0.276413 0.00689868
0 0.114762 0.208747 0.100654 0.308091 0.00594242
0 0.311755 0.227393 0.0719771 0.289857 0.00576459
0 0.164948 0.198786 0.106754 0.309197 0.00488059
0 0.522813 0.0744419 0.0645627 0.146215 0.00311191
0 0.257661 0.123332 0.0680619 0.243745 0.00306784
0 0.220048 0.164138 0.100233 0.277879 0.00299285
0 0.27528 0.256328 0.101107 0.270855 0.0019264
0 0.347939 0.255637 0.0868718 0.283417 0.00143553
0 0.291867 0.337542 0.106733 0.288002 0.0013704
0 0.130529 0.166725 0.0926667 0.306477 0.00100992
