0 0.961325 0.536192 0.0760611 0.216141 0.887264
0 0.277306 0.18681 0.0728443 0.251393 0.37946
0 0.303055 0.261939 0.0838014 0.254189 0.289179
0 0.118372 0.196373 0.0827442 0.286192 0.208429
0 0.417586 0.246202 0.0627247 0.259784 0.0795949
0 0.25878 0.180867 0.0849185 0.251124 0.0607772
0 0.292322 0.207725 0.0860335 0.281305 0.03791
0 0.0112822 0.323432 0.0211384 0.224521 0.0325859
0 0.200447 0.133204 0.0793005 0.252589 0.0322115
0 0.226378 0.15706 0.088635 0.267458 0.023129
0 0.397629 0.245233 0.10021 0.269482 0.0127702
0 0.140105 0.210824 0.0945168 0.291915 0.00830703
0 0.241879 0.179359 0.0754673 0.226015 0.0064284
0 0.313074 0.199943 0.0949435 0.2878 0.00516785
0 0.270701 0.13226 0.0666236 0.255464 0.00503129
0 0.127889 0.131179 0.0814125 0.252033 0.00307628
0 0.0171594 0.324296 0.0343188 0.231217 0.00273491
0 0.209861 0.176354 0.0848699 0.257544 0.0023634
0 0.2499 0.136086 0.088268 0.262791 0.00189716
0 0.109047 0.151606 0.0810705 0.284776 0.00182852
0 0.259617 0.10592 0.0631403 0.205862 0.00146
0 0.292216 0.123942 0.0699914 0.241365 0.00141807
0 0.313878 0.302006 0.0991213 0.290573 0.00130629
0 0.215911 0.111165 0.0834115 0.220748 0.00115083
0 0.18877 0.107162 0.0679675 0.209106 0.00106848
