0 0.84431 0.174277 0.109977 0.237408 0.865172
0 0.297661 0.215522 0.0943551 0.303403 0.330965
0 0.102417 0.161031 0.0988496 0.297416 0.17813
0 0.306115 0.289533 0.0993617 0.283657 0.107912
0 0.256447 0.133097 0.0732335 0.247933 0.0644545
0 0.124038 0.180759 0.0897989 0.286749 0.0413227
0 0.255077 0.179372 0.0910285 0.277031 0.0410288
0 0.283568 0.183916 0.0822233 0.275258 0.0333951
0 0.0816496 0.140305 0.0812698 0.255759 0.0291229
0 0.41793 0.251578 0.0583989 0.24142 0.0134122
0 0.606525 0.908063 0.127961 0.183874 0.0121058
0 0.235942 0.150261 0.0935164 0.275385 0.0118188
0 0.269065 0.112256 0.0635 0.214342 0.00932714
0 0.199955 0.136205 0.0671306 0.254056 0.00891604
0 0.117264 0.125421 0.070814 0.250629 0.00465355
0 0.0612164 0.137359 0.0800749 0.246609 0.00450496
0 0.270911 0.224031 0.107674 0.301868 0.00429716
0 0.348466 0.283377 0.108624 0.303007 0.00367717
0 0.326208 0.257606 0.119358 0.303205 0.00306032
0 0.284885 0.0991554 0.0572448 0.192182 0.00176551
0 0.238841 0.217822 0.0898468 0.300552 0.00172568
0 0.199208 0.175694 0.0869367 0.286953 0.00164912
0 0.312737 0.348399 0.10932 0.294409 0.0015398
0 0.142834 0.209878 0.101866 0.286616 0.00135109
0 0.268612 0.179034 0.0763663 0.225994 0.00130038
0 0.0646517 0.178261 0.102268 0.304487 0.00118461
