0 0.613986 0.0858503 0.0792685 0.166121 0.880627
0 0.278687 0.167775 0.0717896 0.256971 0.483239
0 0.11716 0.195193 0.0937832 0.30522 0.152973
0 0.269453 0.125441 0.0590171 0.238184 0.0776513
0 0.258401 0.163877 0.0907417 0.27108 0.0540058
0 0.0980137 0.168092 0.0927483 0.285697 0.0394282
0 0.238646 0.154302 0.080913 0.261619 0.00921578
0 0.28909 0.115922 0.065216 0.23053 0.00881178
0 0.297037 0.179335 0.0786459 0.267495 0.00607147
0 0.141139 0.20976 0.0977904 0.300019 0.00603013
0 0.113161 0.133639 0.0735403 0.250159 0.00559826
0 0.419023 0.246455 0.0556815 0.254596 0.00534109
0 0.0831004 0.131664 0.0865058 0.250424 0.00465082
0 0.304504 0.290144 0.0937058 0.285357 0.00425378
0 0.0737358 0.180066 0.10636 0.296936 0.0034418
0 0.200938 0.147543 0.0746543 0.252548 0.0033057
0 0.430992 0.149392 0.0631583 0.223407 0.0028567
0 0.313353 0.0960205 0.0606722 0.185173 0.00191847
0 0.0599988 0.129259 0.0778706 0.232997 0.00171929
0 0.222585 0.178369 0.0798622 0.264378 0.00156546
0 0.299323 0.0829614 0.0659554 0.155651 0.00133551
