0 0.0356168 0.30206 0.0700982 0.291762 0.808962
0 0.1627 0.363406 0.0865215 0.251744 0.808711
0 0.27965 0.18578 0.0717806 0.27133 0.415901
0 0.296794 0.213043 0.0910249 0.29337 0.18835
0 0.262391 0.159156 0.0738455 0.285074 0.0885504
0 0.315038 0.239747 0.0902688 0.289676 0.0349512
0 0.234615 0.158382 0.0880353 0.287349 0.0159086
0 0.194493 0.131446 0.0662716 0.24977 0.00916552
0 0.275584 0.119639 0.064016 0.237157 0.00559575
0 0.249712 0.125207 0.0771382 0.250415 0.00444544
0 0.308079 0.298503 0.0902964 0.291176 0.00272007
0 0.341402 0.225483 0.0946137 0.300372 0.0020714
0 0.204566 0.178552 0.0815749 0.281049 0.00206421
0 0.175904 0.187417 0.0848544 0.285579 0.00155303
0 0.216212 0.135561 0.0855967 0.266963 0.00134249
0 0.15006 0.128396 0.0807546 0.245657 0.0011765
0 0.286671 0.0946356 0.0602221 0.187366 0.00109118
