0 0.0290165 0.327176 0.0555977 0.261259 0.800103
0 0.274649 0.16546 0.0713965 0.24545 0.580182
0 0.261708 0.13876 0.0711239 0.253544 0.132285
0 0.205667 0.146965 0.0838205 0.270661 0.101201
0 0.28709 0.188199 0.0731238 0.226207 0.0646481
0 0.128726 0.197944 0.0874528 0.290625 0.0360549
0 0.407772 0.241463 0.0906108 0.268434 0.0215256
0 0.935004 0.0419961 0.0584541 0.0828958 0.0162887
0 0.24806 0.160802 0.0770902 0.248395 0.00655005
0 0.154807 0.210853 0.103555 0.280987 0.00381021
0 0.319013 0.288929 0.0886897 0.265999 0.00370685
0 0.230509 0.135273 0.0872916 0.262092 0.00282848
0 0.348143 0.0987549 0.0547935 0.171372 0.00188633
0 0.188559 0.136442 0.069447 0.265156 0.00160197
0 0.11053 0.167113 0.0782802 0.255626 0.00157544
0 0.346868 0.303373 0.0757709 0.255121 0.00121261
