0 0.907048 0.526871 0.0909548 0.232736 0.887203
0 0.683226 0.0967401 0.0831029 0.173173 0.737836
0 0.345607 0.96176 0.071982 0.0764793 0.644883
0 0.276713 0.167093 0.0795559 0.290341 0.30224
0 0.278751 0.120301 0.0677795 0.23199 0.0598049
0 0.300218 0.194551 0.0948131 0.286653 0.0382866
0 0.230605 0.211496 0.103707 0.292182 0.0195328
0 0.262291 0.122894 0.0691806 0.238591 0.0147824
0 0.25662 0.192547 0.0957523 0.285516 0.00800615
0 0.306226 0.286164 0.0923015 0.263253 0.00621973
0 0.288894 0.0934537 0.0666379 0.184564 0.00321104
0 0.319951 0.96261 0.118377 0.0739045 0.00290442
0 0.146373 0.23145 0.0881111 0.241517 0.00272806
0 0.210227 0.183667 0.0925014 0.275397 0.00175066
0 0.271959 0.0901174 0.0631818 0.167863 0.00174817
0 0.362936 0.956642 0.0912565 0.0866813 0.00117264
