0 0.239322 0.660305 0.0917628 0.285993 0.877458
0 0.19559 0.447749 0.0834512 0.275307 0.869569
0 0.120454 0.572164 0.105448 0.293738 0.721109
0 0.0997192 0.574153 0.0695358 0.283231 0.294409
0 0.116016 0.16561 0.0804515 0.270028 0.209073
0 0.421101 0.245302 0.0595884 0.247725 0.113415
0 0.319993 0.283366 0.0883437 0.266338 0.0482205
0 0.29883 0.216728 0.107381 0.311235 0.0466576
0 0.271292 0.18756 0.0916999 0.292523 0.0385076
0 0.195282 0.184338 0.0899841 0.280205 0.0239563
0 0.26838 0.133471 0.0711642 0.233908 0.0234487
0 0.099497 0.19082 0.105199 0.293261 0.0169097
0 0.196057 0.137188 0.0687778 0.250373 0.0127184
0 0.227943 0.184206 0.0999895 0.273377 0.0117348
0 0.141734 0.578022 0.0756929 0.282734 0.0112176
0 0.439264 0.243109 0.0901991 0.261239 0.0109092
0 0.339002 0.302873 0.0796274 0.266714 0.0074094
0 0.135998 0.18451 0.103318 0.289181 0.00671054
0 0.247171 0.166516 0.0871813 0.268633 0.00502914
0 0.537104 0.979393 0.0789949 0.0412139 0.00458791
0 0.339636 0.254745 0.101921 0.289293 0.00359409
0 0.173647 0.195469 0.0977835 0.275081 0.00336458
0 0.0930027 0.135405 0.0867817 0.264753 0.00334718
0 0.107643 0.117057 0.0710157 0.225065 0.00171834
0 0.430354 0.116047 0.0772503 0.195541 0.00169108
0 0.0313876 0.862312 0.060317 0.22904 0.00167922
0 0.417963 0.226632 0.0883377 0.282545 0.00155065
0 0.131429 0.134104 0.0853188 0.257369 0.0015091
0 0.361725 0.282157 0.0969725 0.285924 0.00143847
0 0.285184 0.101864 0.066256 0.194016 0.00143379
0 0.308856 0.244481 0.0821656 0.226433 0.00125514
