0 0.850937 0.330207 0.0914618 0.198157 0.89041
0 0.796664 0.31284 0.0454312 0.194804 0.844571
0 0.385551 0.941826 0.101046 0.116338 0.793621
0 0.267866 0.15047 0.0834328 0.284899 0.301267
0 0.305525 0.285152 0.0938176 0.277859 0.275092
0 0.296171 0.227375 0.0898526 0.289406 0.0865195
0 0.119265 0.196413 0.107868 0.311457 0.060432
0 0.281245 0.180052 0.0842232 0.262279 0.0340955
0 0.240444 0.154878 0.0966095 0.294493 0.0165234
0 0.382782 0.261006 0.116972 0.286728 0.0119979
0 0.153097 0.196808 0.103959 0.306825 0.0055185
0 0.207648 0.159615 0.106946 0.295888 0.00489611
0 0.447282 0.519966 0.0973478 0.261219 0.0048171
0 0.408916 0.246791 0.074225 0.256629 0.00481679
0 0.256005 0.189423 0.0955585 0.267226 0.0033848
0 0.372261 0.923589 0.127956 0.137339 0.00249207
0 0.325704 0.301583 0.101864 0.283646 0.00226493
0 0.181556 0.167711 0.101945 0.301473 0.00205235
0 0.0883454 0.182595 0.121334 0.323451 0.00201615
0 0.301363 0.167976 0.0987413 0.28277 0.00174123
0 0.800242 0.312493 0.0754991 0.199485 0.00139664
0 0.358963 0.287401 0.0884651 0.27916 0.00115094
