0 0.328521 0.718933 0.0796218 0.284109 0.863429
0 0.266529 0.149078 0.0842264 0.281462 0.654234
0 0.324754 0.268318 0.0970712 0.314397 0.49185
0 0.343757 0.299165 0.0772261 0.259134 0.0541807
0 0.0326269 0.850137 0.0637703 0.215444 0.0280916
0 0.311489 0.230267 0.0798837 0.298321 0.0268959
0 0.364573 0.279574 0.101905 0.288412 0.0236989
0 0.244058 0.151508 0.0907907 0.285669 0.0182775
0 0.406281 0.251686 0.0705925 0.263229 0.0128435
0 0.28667 0.1635 0.0999066 0.270618 0.0114202
0 0.393823 0.365976 0.0793269 0.260309 0.011323
0 0.388835 0.271791 0.0995561 0.281778 0.00730288
0 0.255275 0.204033 0.0937724 0.264439 0.00365968
0 0.218878 0.148157 0.0984621 0.292906 0.00362705
0 0.14461 0.210465 0.0797038 0.265161 0.00262632
0 0.295015 0.273895 0.101885 0.318717 0.00152182
0 0.256888 0.116782 0.0738053 0.233564 0.00114071
0 0.340575 0.230851 0.097113 0.308922 0.00110382
