0 0.592124 0.176661 0.101815 0.245082 0.867289
0 0.0612444 0.522886 0.0604296 0.263655 0.797064
0 0.123295 0.504625 0.0635621 0.292917 0.796309
0 0.0240206 0.354529 0.0470991 0.260406 0.743548
0 0.0866879 0.336865 0.0776607 0.218657 0.606311
0 0.259106 0.146541 0.0775868 0.271733 0.376263
0 0.197267 0.143637 0.0706483 0.26588 0.146349
0 0.297795 0.202122 0.0928704 0.288481 0.0585399
0 0.218671 0.14987 0.0915107 0.273941 0.0513246
0 0.303533 0.285978 0.0908759 0.286915 0.0500549
0 0.269612 0.191315 0.079269 0.265855 0.0290072
0 0.316132 0.225882 0.0753192 0.289073 0.0205362
0 0.0177959 0.390992 0.0335121 0.300345 0.0154542
0 0.246258 0.177195 0.0824614 0.265098 0.0153464
0 0.378576 0.258745 0.107959 0.311652 0.0130357
0 0.185352 0.190691 0.0753977 0.29696 0.012721
0 0.284019 0.16036 0.0902461 0.289391 0.0107964
0 0.272511 0.134601 0.0693324 0.224133 0.0100264
0 0.227611 0.217694 0.0846874 0.28576 0.00624406
0 0.341293 0.217398 0.0698419 0.299577 0.00539912
0 0.0127523 0.428031 0.0229054 0.28785 0.00530798
0 0.35519 0.253564 0.0847274 0.311798 0.00428033
0 0.204866 0.194236 0.0800368 0.277712 0.00368651
0 0.164779 0.214805 0.0798308 0.27461 0.00344192
0 0.243847 0.244603 0.0861563 0.280301 0.00313081
0 0.0355114 0.348739 0.0710228 0.253965 0.00258822
0 0.324105 0.170632 0.0682198 0.287875 0.00235243
0 0.419124 0.247983 0.056159 0.245117 0.00177431
0 0.327378 0.0975692 0.05898 0.188581 0.00167949
0 0.294248 0.102755 0.0717111 0.205511 0.00146303
0 0.347787 0.0980269 0.0592833 0.176307 0.00142879
0 0.0233639 0.34879 0.0446083 0.162548 0.00138845
0 0.332676 0.0353272 0.058108 0.0576221 0.00127084
0 0.0337915 0.337707 0.0510224 0.239168 0.00119459
0 0.349361 0.164593 0.0635546 0.279062 0.00118034
0 0.123339 0.14751 0.0876464 0.257196 0.00115297
0 0.3257 0.061171 0.058141 0.115524 0.00106036
0 0.328327 0.272102 0.0906078 0.295747 0.00102342
0 0.0146253 0.535427 0.0277562 0.281727 0.00100228
