0 0.701489 0.285149 0.0769983 0.223024 0.891004
0 0.375464 0.895002 0.080614 0.20989 0.830579
0 0.39026 0.852745 0.076851 0.273521 0.785591
0 0.30664 0.286792 0.0975561 0.278989 0.307022
0 0.292277 0.196987 0.0955798 0.28168 0.197083
0 0.108486 0.195286 0.0963465 0.298587 0.11821
0 0.271902 0.183319 0.0848614 0.265577 0.0687307
0 0.267422 0.12469 0.0652566 0.235133 0.0233212
0 0.140896 0.199934 0.100616 0.299448 0.0075123
0 0.32579 0.258239 0.122014 0.300587 0.00690034
0 0.248528 0.150009 0.0828208 0.26601 0.00499152
0 0.126062 0.169009 0.0838455 0.279954 0.00496953
0 0.289349 0.260388 0.0946881 0.265779 0.00195105
0 0.201991 0.154118 0.0843559 0.246732 0.00150963
0 0.396295 0.244674 0.10661 0.281854 0.00138339
0 0.400849 0.813017 0.0902263 0.221183 0.00107666
0 0.350736 0.89442 0.0961872 0.211159 0.00103002
