0 0.264888 0.849037 0.110076 0.298915 0.88958
0 0.0392365 0.268139 0.0630212 0.250909 0.801174
0 0.116836 0.185518 0.0689137 0.256974 0.347702
0 0.0106155 0.285935 0.0203507 0.231318 0.146256
0 0.107448 0.142793 0.0681344 0.241251 0.101066
0 0.252589 0.15182 0.0889797 0.263108 0.0736536
0 0.171366 0.214085 0.0905116 0.256316 0.061979
0 0.132551 0.195189 0.0674768 0.268261 0.0245986
0 0.321028 0.304039 0.108958 0.282025 0.0205853
0 0.0160414 0.288533 0.0320828 0.251257 0.0151503
0 0.245885 0.210446 0.0885455 0.285312 0.0121479
0 0.195522 0.132031 0.0690825 0.24833 0.0114989
0 0.276247 0.150647 0.0809902 0.265273 0.00879631
0 0.299484 0.186623 0.0873331 0.29096 0.00424515
0 0.933397 0.0557644 0.0682739 0.110165 0.00401
0 0.275552 0.109912 0.0661339 0.205573 0.00398678
0 0.290494 0.128637 0.0713431 0.243515 0.00396323
0 0.420126 0.248886 0.0630107 0.26026 0.00335069
0 0.320793 0.217636 0.0999352 0.313452 0.00328294
0 0.191247 0.199111 0.0966884 0.285053 0.00278778
0 0.0128017 0.247729 0.0228695 0.204052 0.00240889
0 0.219943 0.135357 0.0848183 0.259239 0.00226417
0 0.340734 0.276022 0.119897 0.289718 0.00205178
0 0.144792 0.222854 0.0757823 0.266919 0.00193524
0 0.355939 0.213958 0.100662 0.283183 0.00192304
0 0.318062 0.161515 0.0856696 0.279207 0.00187805
0 0.272308 0.242426 0.107046 0.328016 0.00138981
0 0.236809 0.149639 0.0739007 0.221277 0.00137493
0 0.0883332 0.135042 0.0726245 0.249757 0.00121715
