0 0.0634248 0.223739 0.0811391 0.224562 0.866727
0 0.0854324 0.466165 0.0674643 0.258662 0.835856
0 0.148256 0.432316 0.0734959 0.290232 0.820436
0 0.313599 0.254912 0.0851291 0.258807 0.191526
0 0.411513 0.244191 0.0605907 0.261754 0.025205
0 0.270877 0.194889 0.0697366 0.260938 0.0225833
0 0.215476 0.15862 0.102047 0.286878 0.0163134
0 0.291857 0.194847 0.0915455 0.287257 0.0117813
0 0.337576 0.244606 0.112683 0.27732 0.0100075
0 0.231456 0.207107 0.0977998 0.257617 0.00399903
0 0.249427 0.16448 0.0909646 0.279725 0.00375218
0 0.370379 0.247371 0.116008 0.279183 0.00319976
0 0.190367 0.153079 0.0885911 0.2864 0.00291717
0 0.419904 0.201566 0.0674734 0.291152 0.00251099
0 0.395842 0.230376 0.0848466 0.290502 0.00164318
0 0.20439 0.208727 0.095529 0.254194 0.00131106
0 0.318493 0.197732 0.0861519 0.298916 0.0010685
