0 0.263074 0.818018 0.0959792 0.306467 0.885552
0 0.118462 0.184631 0.0981136 0.306459 0.722763
0 0.304115 0.22615 0.0865092 0.300648 0.508133
0 0.418432 0.24736 0.056937 0.251307 0.13278
0 0.976502 0.507659 0.045583 0.195399 0.126927
0 0.269734 0.153722 0.070987 0.271185 0.0916458
0 0.254 0.19148 0.0853099 0.301125 0.0772546
0 0.236283 0.221858 0.0924875 0.294274 0.0531069
0 0.283911 0.211458 0.0989634 0.298374 0.0199435
0 0.32497 0.241408 0.100014 0.290442 0.00957683
0 0.314637 0.285892 0.0869213 0.272799 0.00786845
0 0.10166 0.152377 0.0912581 0.28752 0.0053733
0 0.196511 0.152833 0.0753122 0.268133 0.00407225
0 0.205807 0.190024 0.0997614 0.301365 0.00281311
0 0.397585 0.243284 0.0833828 0.266337 0.00245042
0 0.350359 0.2735 0.0984766 0.292631 0.00219192
0 0.372842 0.24982 0.103745 0.285575 0.00205265
0 0.970887 0.474382 0.0557745 0.251655 0.00201164
0 0.234842 0.136818 0.0908734 0.259595 0.00195619
0 0.983537 0.520299 0.0308374 0.178737 0.00194643
0 0.183077 0.181311 0.0763725 0.28221 0.00179963
0 0.433523 0.228945 0.0754007 0.27828 0.00146492
0 0.141588 0.220801 0.100285 0.293562 0.00146266
0 0.286046 0.134479 0.0693486 0.255895 0.00114798
0 0.272142 0.104214 0.0638658 0.200848 0.0010302
