0 0.851078 0.391421 0.0955244 0.231889 0.904474
0 0.402042 0.796351 0.0873991 0.287576 0.889374
0 0.333998 0.791726 0.0743415 0.310234 0.850373
0 0.296325 0.21641 0.0959001 0.302303 0.627922
0 0.4189 0.258638 0.051202 0.216303 0.123565
0 0.280645 0.186449 0.0748143 0.269065 0.105418
0 0.267836 0.126062 0.0628412 0.238001 0.081269
0 0.304523 0.29995 0.0982732 0.298971 0.0420933
0 0.117859 0.182516 0.100911 0.305978 0.0234418
0 0.26241 0.180521 0.0784264 0.274233 0.0143165
0 0.355762 0.288398 0.0853765 0.298486 0.00490008
0 0.105289 0.137992 0.0847141 0.262346 0.00327163
0 0.341648 0.212557 0.0897247 0.307971 0.00258098
0 0.251332 0.135049 0.0770448 0.257819 0.00237128
0 0.285433 0.333728 0.0983075 0.278684 0.0021072
0 0.141005 0.196623 0.0959037 0.293371 0.00199811
0 0.427834 0.23605 0.0823818 0.260456 0.00196348
0 0.32629 0.240126 0.0865774 0.283545 0.00170712
0 0.328139 0.291759 0.104133 0.309806 0.0014367
0 0.317128 0.18388 0.088904 0.293134 0.00141368
0 0.369109 0.214004 0.0704364 0.276803 0.00122903
0 0.235279 0.153463 0.085889 0.27683 0.00110742
0 0.200413 0.146795 0.0839654 0.265092 0.00103197
