0 0.122072 0.468953 0.0901418 0.271245 0.876687
0 0.024662 0.496453 0.0467968 0.272834 0.85746
0 0.27167 0.177792 0.0746189 0.250163 0.198158
0 0.117641 0.18133 0.0754091 0.266027 0.0793149
0 0.24744 0.18067 0.0892045 0.260294 0.0372336
0 0.288148 0.193761 0.072075 0.229963 0.0283683
0 0.259131 0.144304 0.075469 0.265059 0.0223634
0 0.233743 0.21471 0.0894734 0.261964 0.0203693
0 0.147322 0.212409 0.0802922 0.267487 0.0108816
0 0.418063 0.250197 0.0570253 0.24375 0.00876956
0 0.305112 0.289943 0.0850224 0.263571 0.00874116
0 0.111408 0.131579 0.0720932 0.233066 0.00567349
0 0.170826 0.201757 0.0812708 0.273474 0.00480347
0 0.20479 0.153351 0.0826195 0.268679 0.00429864
0 0.227934 0.138795 0.0941353 0.266326 0.00326277
0 0.304979 0.227416 0.0807121 0.273426 0.00296876
0 0.210223 0.215479 0.0996034 0.265702 0.00232655
0 0.278117 0.11928 0.0628581 0.227151 0.00199993
0 0.131372 0.158215 0.0767979 0.260923 0.0019673
0 0.100995 0.164841 0.0825896 0.261105 0.00174257
0 0.937018 0.0541289 0.0590883 0.106077 0.00154622
