0 0.86332 0.341365 0.0795853 0.198585 0.893409
0 0.541404 0.0680035 0.0746377 0.126953 0.839969
0 0.617742 0.0603686 0.0862544 0.117638 0.835454
0 0.978023 0.613325 0.0420702 0.264589 0.81316
0 0.298219 0.1887 0.0919631 0.291414 0.314752
0 0.108579 0.18344 0.0931244 0.302921 0.124997
0 0.333432 0.252837 0.108898 0.332994 0.0611748
0 0.23992 0.225215 0.0785936 0.272882 0.0437535
0 0.131718 0.207249 0.0907193 0.288942 0.0423961
0 0.360763 0.258136 0.101262 0.310989 0.0310128
0 0.307323 0.239992 0.112517 0.352786 0.0271529
0 0.275702 0.12914 0.0703544 0.247452 0.0182764
0 0.618781 0.0987657 0.0870295 0.195864 0.0118532
0 0.259806 0.151723 0.0766545 0.269259 0.00985542
0 0.094257 0.137971 0.0975179 0.275941 0.00966631
0 0.343634 0.300898 0.0782455 0.2515 0.00510118
0 0.272811 0.193431 0.0842205 0.278722 0.00493191
0 0.28779 0.104199 0.0621753 0.197885 0.00417709
0 0.542685 0.108718 0.0778935 0.20664 0.00229449
0 0.314494 0.153505 0.0787331 0.278526 0.00191357
0 0.233823 0.159614 0.0762816 0.253795 0.0017521
0 0.968834 0.613641 0.0623323 0.268804 0.00165636
0 0.326063 0.197709 0.0835273 0.305897 0.00142961
0 0.168985 0.197461 0.111622 0.296388 0.00139336
0 0.199785 0.14754 0.0888304 0.258838 0.0013506
0 0.319612 0.315748 0.111512 0.302589 0.0011828
0 0.277826 0.0308283 0.0648951 0.0551521 0.00110955
0 0.205876 0.217461 0.118546 0.280994 0.00101895
0 0.279151 0.0592697 0.0627828 0.113224 0.00100845
