0 0.305442 0.602206 0.0977984 0.286365 0.894829
0 0.728374 0.277055 0.0835306 0.229041 0.891583
0 0.550947 0.0648061 0.0800357 0.12633 0.773916
0 0.298266 0.226993 0.0892397 0.294453 0.320928
0 0.25856 0.160659 0.0881712 0.282063 0.232833
0 0.41266 0.258608 0.0640293 0.266305 0.151903
0 0.0156309 0.182386 0.0289412 0.267241 0.128028
0 0.249378 0.21189 0.0894388 0.295451 0.0940422
0 0.716528 0.0807606 0.055159 0.156634 0.0832239
0 0.143166 0.210605 0.0831698 0.287708 0.0386183
0 0.276946 0.179506 0.0865002 0.273187 0.0238446
0 0.271365 0.224338 0.10832 0.293378 0.021829
0 0.66957 0.0659434 0.05757 0.125949 0.0199049
0 0.119726 0.197391 0.0970182 0.318953 0.0166746
0 0.101817 0.156354 0.0899127 0.300572 0.0147093
0 0.0835778 0.134786 0.0772066 0.259146 0.00518758
0 0.346073 0.221688 0.0894726 0.305291 0.00514505
0 0.164722 0.198705 0.0941236 0.314112 0.00478586
0 0.132094 0.150842 0.0840811 0.289565 0.0041135
0 0.428884 0.232119 0.0890855 0.271788 0.00333889
0 0.315234 0.199593 0.0912453 0.303687 0.00328685
0 0.378765 0.251633 0.112464 0.287733 0.00300724
0 0.0226496 0.207343 0.0415874 0.330073 0.00260674
0 0.696042 0.0818577 0.0901804 0.158863 0.0025118
0 0.240447 0.140155 0.0914643 0.280309 0.00203061
0 0.0615448 0.154708 0.0947735 0.291972 0.0018939
0 0.202886 0.190957 0.105841 0.301867 0.00158227
0 0.0971445 0.221796 0.112461 0.325864 0.0013344
0 0.0331659 0.180615 0.0637132 0.297155 0.00106879
0 0.223565 0.20864 0.0963769 0.286906 0.0010045
