0 0.170329 0.881677 0.067866 0.236646 0.913032
0 0.258411 0.873443 0.0816652 0.251855 0.901399
0 0.0765952 0.340823 0.0838425 0.269388 0.813121
0 0.676015 0.221002 0.0854256 0.205539 0.502104
0 0.268679 0.195992 0.0896554 0.264129 0.226834
0 0.11739 0.195479 0.0988208 0.29978 0.0662745
0 0.211434 0.215426 0.0950826 0.273356 0.043419
0 0.134968 0.218672 0.0781921 0.292791 0.0136033
0 0.246485 0.210139 0.102379 0.282781 0.0067788
0 0.0991048 0.224389 0.114721 0.295464 0.00589305
0 0.414558 0.257886 0.0485091 0.256939 0.00441158
0 0.699253 0.216111 0.114556 0.204605 0.00432229
0 0.204435 0.154385 0.0951443 0.277346 0.00384116
0 0.353534 0.247637 0.109383 0.316497 0.00330604
0 0.151261 0.196242 0.0719705 0.276754 0.0021713
0 0.182539 0.197103 0.107407 0.290828 0.00198975
0 0.283096 0.164713 0.0912785 0.270306 0.001947
0 0.0959251 0.150497 0.106311 0.296875 0.00184764
0 0.290308 0.224267 0.108046 0.294393 0.00174605
0 0.333738 0.216092 0.106702 0.299635 0.0016761
0 0.130312 0.152585 0.0824126 0.283418 0.00153346
0 0.342286 0.30505 0.0963917 0.274514 0.00139304
0 0.428916 0.258224 0.0666562 0.277148 0.00121565
