0 0.711723 0.191887 0.0864036 0.215475 0.894562
0 0.294524 0.218157 0.101436 0.306649 0.67553
0 0.117828 0.195217 0.0830973 0.312451 0.138598
0 0.275423 0.197866 0.0821656 0.293351 0.0308038
0 0.0991524 0.183458 0.0836374 0.311341 0.0276345
0 0.26774 0.124748 0.0730536 0.243566 0.027275
0 0.302794 0.288829 0.103202 0.284615 0.0261074
0 0.107275 0.134862 0.073599 0.262587 0.0163963
0 0.257252 0.163861 0.0877786 0.279438 0.00838846
0 0.140592 0.208438 0.112514 0.305944 0.00726389
0 0.0104307 0.243859 0.0198388 0.279269 0.00515197
0 0.127253 0.123725 0.0810316 0.247449 0.00479095
0 0.0883569 0.126056 0.0737167 0.248217 0.00429959
0 0.240172 0.128592 0.0794704 0.247866 0.0031246
0 0.293352 0.103237 0.0702437 0.196899 0.00296967
0 0.395032 0.243735 0.103085 0.280428 0.00223179
0 0.17034 0.198357 0.107997 0.318118 0.00200714
0 0.220769 0.181535 0.0905519 0.28708 0.00178591
0 0.201637 0.150295 0.0878299 0.267653 0.00167161
0 0.243101 0.194296 0.0866225 0.288772 0.00158125
0 0.370072 0.260587 0.113814 0.300072 0.00134594
