0 0.0852543 0.713464 0.104528 0.290987 0.879722
0 0.198715 0.37274 0.0759823 0.247343 0.846359
0 0.0553523 0.421577 0.0602284 0.249436 0.789942
0 0.120103 0.360011 0.0601793 0.231017 0.761679
0 0.0198572 0.335746 0.0392246 0.261889 0.725786
0 0.121615 0.440554 0.0669697 0.236523 0.70959
0 0.440801 0.12229 0.0673549 0.176978 0.0657821
0 0.343215 0.167414 0.0883227 0.273606 0.0566563
0 0.354025 0.241934 0.106043 0.293497 0.0555021
0 0.0140977 0.362747 0.0263182 0.272246 0.0370403
0 0.295042 0.186049 0.0936938 0.287543 0.0348409
0 0.117745 0.295868 0.0475487 0.101552 0.0337923
0 0.269626 0.123951 0.0655056 0.235578 0.0310149
0 0.279878 0.153848 0.0873128 0.279165 0.0169735
0 0.204991 0.137292 0.0848681 0.238636 0.0124285
0 0.30423 0.246356 0.0873065 0.297518 0.00681014
0 0.323236 0.272145 0.0971497 0.287955 0.00547866
0 0.0158856 0.307646 0.0292813 0.210563 0.00500098
0 0.0349971 0.33598 0.0622239 0.264533 0.00479932
0 0.321983 0.19401 0.0961085 0.294827 0.00452543
0 0.353845 0.316308 0.0749333 0.217915 0.00423555
0 0.43224 0.224537 0.0920189 0.286513 0.00376269
0 0.268039 0.188181 0.0744555 0.265213 0.00303838
0 0.307004 0.287835 0.0716436 0.219318 0.00279011
0 0.0106318 0.411697 0.0199591 0.251426 0.00263441
0 0.0244163 0.295313 0.0484465 0.197615 0.00261385
0 0.0403973 0.427046 0.0674249 0.258971 0.00250762
0 0.348441 0.0903103 0.0627361 0.166647 0.00226556
0 0.249407 0.133717 0.0812679 0.242191 0.00208111
0 0.424545 0.104452 0.0649301 0.187207 0.00154512
0 0.288712 0.106178 0.0648812 0.20057 0.00130897
0 0.188065 0.147176 0.0768731 0.214431 0.00121132
0 0.366503 0.199841 0.0945789 0.289163 0.00117163
