0 0.0773947 0.316162 0.0860318 0.237669 0.866908
0 0.593179 0.144205 0.0846655 0.194325 0.830455
0 0.532883 0.955926 0.10318 0.0880255 0.813754
0 0.219851 0.212492 0.0770491 0.263901 0.0132542
0 0.207922 0.151205 0.0857726 0.271111 0.00446551
0 0.834224 0.0149186 0.087611 0.0297012 0.00319559
0 0.283901 0.195525 0.105154 0.30532 0.00316093
0 0.35439 0.244224 0.103341 0.281134 0.00255965
0 0.237087 0.19515 0.0787323 0.304884 0.00238961
0 0.851713 0.0171524 0.119043 0.0343047 0.00179071
0 0.820002 0.0186781 0.0905066 0.0373562 0.00144221
0 0.273216 0.132923 0.074627 0.246284 0.00129363
0 0.535125 0.95563 0.0482776 0.088739 0.00118992
0 0.300972 0.237295 0.110512 0.310141 0.00113712
0 0.577688 0.10989 0.0913491 0.207584 0.00108752
