0 0.223426 0.682333 0.0840098 0.297261 0.879577
0 0.763504 0.129595 0.0806286 0.192475 0.876226
0 0.282376 0.603287 0.0892403 0.281094 0.866254
0 0.0442729 0.668553 0.0790883 0.295041 0.839877
0 0.0955991 0.440735 0.0666895 0.214046 0.833746
0 0.0814322 0.601742 0.0733754 0.314142 0.733233
0 0.0184873 0.290064 0.0369016 0.258245 0.717791
0 0.0688036 0.638929 0.0638656 0.254938 0.237627
0 0.274614 0.15133 0.0839301 0.289741 0.209099
0 0.0337196 0.502662 0.062516 0.20682 0.156584
0 0.295637 0.222944 0.0995018 0.281877 0.0933638
0 0.0442215 0.549096 0.0824743 0.273477 0.0151393
0 0.310392 0.187935 0.0973107 0.29985 0.0118876
0 0.0177985 0.249984 0.0335643 0.166121 0.00770728
0 0.0230186 0.455579 0.0441744 0.201356 0.00626246
0 0.315853 0.286505 0.103653 0.291303 0.00614085
0 0.0871063 0.641194 0.0510572 0.261323 0.0051663
0 0.371596 0.214038 0.0553118 0.264445 0.00473723
0 0.229897 0.188677 0.106574 0.301865 0.00414762
0 0.180219 0.183068 0.0954163 0.30432 0.00379236
0 0.543731 0.877955 0.0917646 0.244091 0.00343644
0 0.258181 0.177115 0.0985593 0.287091 0.00337656
0 0.260987 0.126611 0.0734192 0.253223 0.00310118
0 0.205314 0.150963 0.10146 0.288912 0.00293793
0 0.0712566 0.54663 0.0903205 0.249351 0.00291276
0 0.0414979 0.80385 0.0817453 0.312059 0.00271892
0 0.328582 0.171355 0.0729735 0.29274 0.00260312
0 0.355869 0.181558 0.084619 0.300922 0.00190468
0 0.0311408 0.289485 0.0622816 0.264049 0.00167608
0 0.0161586 0.428553 0.031748 0.253802 0.00162394
0 0.0144025 0.331309 0.0264546 0.282039 0.00138916
0 0.0208574 0.499821 0.0401304 0.196147 0.0013202
0 0.370108 0.254189 0.0823777 0.312336 0.00127982
0 0.276765 0.207725 0.077226 0.218794 0.0012292
0 0.158076 0.183342 0.0801081 0.292084 0.00122353
0 0.176013 0.130059 0.0824374 0.243368 0.00116159
0 0.0939433 0.481137 0.0839082 0.295805 0.0011026
0 0.549632 0.928015 0.0716849 0.140679 0.00106556
