0 0.938584 0.558576 0.0835234 0.245219 0.890677
0 0.0696373 0.317175 0.0633193 0.259683 0.889067
0 0.209596 0.776441 0.108311 0.302688 0.885308
0 0.0232918 0.323445 0.0455729 0.26241 0.824305
0 0.128653 0.199633 0.0734462 0.274779 0.486593
0 0.272789 0.220041 0.115961 0.315389 0.275944
0 0.250722 0.204909 0.0924275 0.294881 0.140271
0 0.417882 0.244549 0.0578089 0.254128 0.114214
0 0.190445 0.150525 0.0664935 0.251248 0.103261
0 0.315376 0.220787 0.0899364 0.315533 0.0672003
0 0.351059 0.226389 0.103169 0.308972 0.0363139
0 0.295575 0.198049 0.0936229 0.299522 0.0208604
0 0.114005 0.128431 0.0676565 0.241527 0.0171446
0 0.113317 0.180893 0.0758233 0.272819 0.014404
0 0.432339 0.230076 0.0864161 0.282817 0.0135836
0 0.27276 0.163822 0.0854929 0.285569 0.00903886
0 0.396584 0.242665 0.0852401 0.269657 0.00575627
0 0.151653 0.209592 0.0770848 0.271285 0.00466911
0 0.220008 0.158618 0.0936185 0.275003 0.00451679
0 0.370022 0.201118 0.0874835 0.310399 0.00399005
0 0.371845 0.264067 0.113002 0.300127 0.0035572
0 0.302054 0.260442 0.0943542 0.307135 0.00335331
0 0.256816 0.13566 0.0736808 0.24716 0.00333582
0 0.0982237 0.121965 0.0691975 0.243479 0.0032596
0 0.195583 0.204939 0.0800845 0.270714 0.00255111
0 0.0319051 0.322917 0.0638101 0.267013 0.0023385
0 0.146144 0.132079 0.0697469 0.254511 0.00156108
0 0.170793 0.180516 0.067653 0.275737 0.00139125
0 0.0877289 0.18621 0.0819523 0.27567 0.00129395
0 0.328287 0.184805 0.0786633 0.301963 0.00116221
0 0.292215 0.131429 0.0765691 0.253037 0.00101266
