0 0.318292 0.924705 0.0856041 0.150038 0.9062
0 0.221368 0.941944 0.0787137 0.115984 0.885847
0 0.443546 0.93896 0.116261 0.12208 0.837834
0 0.409518 0.963682 0.0551593 0.0719814 0.226914
0 0.306289 0.267797 0.0888888 0.225797 0.0738232
0 0.0949365 0.169655 0.120021 0.311274 0.0417601
0 0.425592 0.952164 0.0973208 0.0956726 0.0342651
0 0.411189 0.247054 0.0669027 0.243038 0.0155493
0 0.409995 0.95955 0.0823687 0.0808998 0.00357983
0 0.21876 0.13676 0.0834885 0.264078 0.00337852
0 0.244266 0.135376 0.0709837 0.259247 0.00303026
0 0.345507 0.307885 0.0864891 0.253296 0.00282224
0 0.490813 0.986954 0.0504995 0.0260713 0.00282091
0 0.069658 0.15196 0.0936403 0.287052 0.00276906
0 0.318253 0.303522 0.103173 0.253828 0.00271544
0 0.182097 0.182507 0.102858 0.31297 0.00258299
0 0.37057 0.480232 0.0960055 0.291782 0.00213213
0 0.268064 0.160173 0.0826635 0.261405 0.00211836
0 0.127599 0.182349 0.110765 0.299297 0.00167629
0 0.466417 0.955285 0.103627 0.0770124 0.00155207
0 0.157147 0.197402 0.129082 0.300884 0.00133568
0 0.291502 0.179722 0.0951982 0.258709 0.00111427
