0 0.507311 0.867702 0.0638557 0.254738 0.891774
0 0.456652 0.874305 0.0702497 0.248755 0.885457
0 0.206616 0.4842 0.0998122 0.248316 0.860319
0 0.103249 0.231611 0.121576 0.352523 0.612421
0 0.27792 0.185752 0.0757469 0.287473 0.289975
0 0.294186 0.219938 0.0914045 0.309179 0.154099
0 0.241989 0.226215 0.0949492 0.288789 0.124683
0 0.201115 0.14949 0.0810711 0.280147 0.0633562
0 0.62027 0.901558 0.083027 0.196885 0.0565673
0 0.125679 0.244917 0.100103 0.309593 0.0544385
0 0.262249 0.164446 0.0756988 0.272737 0.0257411
0 0.0728492 0.243581 0.104958 0.321001 0.0212797
0 0.215506 0.221426 0.103568 0.291386 0.017894
0 0.11423 0.187183 0.0930923 0.303976 0.0166667
0 0.3663 0.154784 0.0736336 0.251194 0.0110023
0 0.0707461 0.298252 0.0910681 0.262521 0.0107089
0 0.312529 0.25505 0.0929778 0.288466 0.00920245
0 0.981185 0.430152 0.0371695 0.269838 0.00717209
0 0.181482 0.183398 0.0893982 0.308102 0.00544217
0 0.152864 0.255499 0.102463 0.293582 0.00461059
0 0.989871 0.478376 0.0191463 0.146417 0.00427999
0 0.154922 0.210404 0.0760719 0.282832 0.00425806
0 0.0454526 0.225572 0.0875424 0.297332 0.00419769
0 0.288905 0.131562 0.0751901 0.260371 0.00399133
0 0.270543 0.239537 0.10198 0.282493 0.0036403
0 0.269211 0.124297 0.0601999 0.219701 0.00360797
0 0.23023 0.183559 0.0881991 0.273223 0.00351212
0 0.987113 0.446398 0.0244875 0.226882 0.00350317
0 0.194295 0.102147 0.0623745 0.198672 0.00313153
0 0.329669 0.197629 0.0813719 0.312354 0.00265452
0 0.599231 0.899769 0.079648 0.198951 0.0020893
0 0.937492 0.052629 0.0659704 0.104198 0.00197322
0 0.993838 0.496202 0.0117842 0.103704 0.00176924
0 0.986187 0.506134 0.0263218 0.170444 0.00145413
0 0.347268 0.154713 0.0651831 0.248859 0.00142977
0 0.0861397 0.184548 0.106696 0.31734 0.00132943
0 0.248276 0.136438 0.0773004 0.265358 0.00117695
0 0.299401 0.0310214 0.0720912 0.0539942 0.00117498
0 0.379525 0.178769 0.0635291 0.2811 0.00108035
0 0.303942 0.168606 0.0817162 0.288821 0.00102989
