0 0.905671 0.410488 0.0930719 0.256436 0.901719
0 0.806624 0.439334 0.0903708 0.235019 0.847091
0 0.305651 0.224029 0.101143 0.317156 0.40932
0 0.315255 0.285106 0.103653 0.265778 0.0905656
0 0.108039 0.18461 0.105958 0.302941 0.0829906
0 0.806898 0.394939 0.0853761 0.151508 0.0707468
0 0.243188 0.190856 0.0781752 0.275855 0.0655749
0 0.254567 0.131452 0.0712935 0.24643 0.0508898
0 0.336706 0.249822 0.12577 0.320058 0.0306473
0 0.13149 0.206032 0.0946686 0.294763 0.022393
0 0.416648 0.246626 0.055655 0.255517 0.0219171
0 0.287073 0.196984 0.0783716 0.267637 0.0111907
0 0.374591 0.256424 0.0955047 0.301339 0.0105431
0 0.269417 0.114663 0.0678082 0.219853 0.007851
0 0.403108 0.251535 0.0694775 0.277938 0.00727529
0 0.267883 0.163124 0.0854431 0.270593 0.00545432
0 0.225489 0.20891 0.0929402 0.277628 0.00497128
0 0.153431 0.221765 0.10458 0.269421 0.00311165
0 0.0865159 0.165416 0.105419 0.295798 0.00274634
0 0.207677 0.151885 0.0906737 0.275442 0.00269431
0 0.552693 0.929683 0.0610253 0.139706 0.00254854
0 0.284566 0.125433 0.0652207 0.244518 0.00236988
0 0.355857 0.286032 0.0926995 0.271229 0.00217376
0 0.23592 0.135474 0.0785808 0.262658 0.00180459
0 0.422066 0.197881 0.0751507 0.303748 0.00125893
0 0.069369 0.135537 0.0896583 0.266023 0.00119575
0 0.295329 0.275342 0.0970095 0.305181 0.00106464
