0 0.519523 0.878664 0.0808923 0.242418 0.8478
0 0.323016 0.927 0.0778191 0.145919 0.836763
0 0.39877 0.893087 0.0586129 0.206972 0.812195
0 0.455922 0.893497 0.0632627 0.208622 0.805107
0 0.436316 0.93465 0.0841832 0.130701 0.731882
0 0.419237 0.244608 0.0520807 0.250127 0.231404
0 0.279767 0.197024 0.0746575 0.262628 0.0905835
0 0.442707 0.229784 0.0902804 0.244772 0.0664703
0 0.117721 0.207269 0.0843262 0.290102 0.0592093
0 0.248489 0.150364 0.0773943 0.250702 0.0143882
0 0.935385 0.0472576 0.0603413 0.0919079 0.0112343
0 0.304925 0.290031 0.0883101 0.269289 0.00991709
0 0.293915 0.222831 0.089925 0.291836 0.00801529
0 0.261795 0.126142 0.0661676 0.228591 0.00717692
0 0.237598 0.182026 0.0740729 0.247968 0.00652182
0 0.141243 0.201596 0.0978272 0.290126 0.00607558
0 0.281285 0.0991549 0.0628701 0.189338 0.0040719
0 0.376087 0.226704 0.105991 0.27527 0.00297962
0 0.259738 0.207124 0.0888292 0.269249 0.00278818
0 0.396957 0.243437 0.0902027 0.261384 0.00240266
0 0.223574 0.166278 0.065507 0.249293 0.00208513
0 0.206304 0.149784 0.0739257 0.229547 0.00154151
0 0.410839 0.932402 0.0702999 0.135196 0.00149626
0 0.439013 0.897346 0.0763865 0.205308 0.00145893
0 0.312657 0.195118 0.091171 0.286187 0.00119068
0 0.454792 0.929266 0.0851093 0.139795 0.001045
