0 0.294294 0.937034 0.0729902 0.125388 0.882283
0 0.0857286 0.439363 0.0982825 0.26851 0.8783
0 0.571165 0.918915 0.106454 0.16217 0.863703
0 0.234817 0.943709 0.0767644 0.112155 0.857622
0 0.300849 0.697441 0.111233 0.263004 0.85028
0 0.0242112 0.65795 0.0478377 0.25943 0.795338
0 0.0188733 0.462252 0.0362327 0.16379 0.408018
0 0.507136 0.0802011 0.0792181 0.149334 0.331247
0 0.633397 0.90531 0.0726837 0.189379 0.10712
0 0.236573 0.214974 0.0990393 0.29712 0.0864874
0 0.266443 0.214277 0.102845 0.307712 0.0306298
0 0.26934 0.123447 0.0610208 0.231528 0.00521509
0 0.408507 0.250403 0.0691677 0.239616 0.00423496
0 0.21508 0.19732 0.100873 0.300403 0.00279165
0 0.607587 0.911858 0.122391 0.174008 0.00270911
0 0.303224 0.228927 0.106455 0.303891 0.00254938
0 0.0155862 0.638326 0.0297255 0.237371 0.00200127
0 0.204817 0.134934 0.0799106 0.269868 0.00156574
0 0.271815 0.160136 0.0785454 0.28104 0.00143949
