0 0.0988985 0.42667 0.0793161 0.259566 0.883235
0 0.507465 0.0856697 0.0822931 0.152503 0.856154
0 0.0840458 0.309851 0.0734799 0.212348 0.834679
0 0.221418 0.211116 0.0832547 0.269603 0.147739
0 0.144673 0.218792 0.0724951 0.254506 0.105541
0 0.125565 0.187966 0.0715212 0.252264 0.0549427
0 0.574976 0.0733102 0.0692862 0.1411 0.0339349
0 0.164193 0.193872 0.0656602 0.257213 0.0184487
0 0.108269 0.168022 0.0726217 0.250406 0.0174278
0 0.678825 0.0430519 0.081467 0.0845958 0.00946376
0 0.590803 0.103423 0.0505634 0.195561 0.0084938
0 0.0904673 0.186951 0.0804937 0.246273 0.00607675
0 0.271682 0.194808 0.0864833 0.27187 0.00596068
0 0.239426 0.199515 0.083129 0.268425 0.00558224
0 0.107161 0.207344 0.0917375 0.269975 0.00507209
0 0.177737 0.163878 0.0627995 0.262315 0.00367302
0 0.326771 0.280801 0.107237 0.279193 0.00355281
0 0.265376 0.136118 0.0682541 0.233067 0.00345531
0 0.197956 0.156836 0.0692579 0.262483 0.00249689
0 0.576667 0.0277847 0.0685834 0.0538509 0.00246059
0 0.196325 0.209702 0.0797684 0.265276 0.00210245
0 0.147448 0.2718 0.0865879 0.31595 0.0020223
0 0.16183 0.236884 0.0870136 0.268252 0.00188863
0 0.145171 0.168265 0.087902 0.265004 0.00186851
0 0.249092 0.135581 0.0687442 0.242858 0.00109697
