0 0.842157 0.409338 0.0893719 0.248591 0.901485
0 0.297259 0.190006 0.095661 0.316263 0.162494
0 0.245636 0.224501 0.104212 0.295817 0.0623623
0 0.0829106 0.147972 0.098544 0.26947 0.0318158
0 0.156288 0.180034 0.087872 0.301203 0.0277928
0 0.271772 0.180521 0.0972169 0.296509 0.0111748
0 0.344022 0.303055 0.100865 0.282166 0.0079092
0 0.330678 0.248416 0.110894 0.333631 0.00635935
0 0.177463 0.165803 0.090594 0.280498 0.00579188
0 0.101249 0.122378 0.0926791 0.244757 0.00519159
0 0.133894 0.180354 0.088074 0.302415 0.00505003
0 0.1045 0.180114 0.105177 0.301871 0.00449398
0 0.353786 0.244417 0.100118 0.293745 0.00337262
0 0.212793 0.216466 0.123512 0.299464 0.00288127
0 0.145826 0.138322 0.0797065 0.262673 0.00288118
0 0.0659082 0.127134 0.0883977 0.243085 0.00270439
0 0.282983 0.237555 0.0960712 0.29202 0.00251454
0 0.277982 0.100774 0.0688321 0.192268 0.00200065
0 0.321609 0.316022 0.0982755 0.276924 0.0017664
0 0.261488 0.133366 0.0779779 0.261617 0.0014738
0 0.0670148 0.183367 0.101385 0.314704 0.00125963
0 0.22805 0.162375 0.10124 0.297897 0.0010554
