0 0.0304015 0.467843 0.059895 0.264893 0.882451
0 0.404079 0.604516 0.107512 0.261329 0.860333
0 0.300323 0.221493 0.0961041 0.308184 0.550745
0 0.270493 0.180849 0.0711253 0.262994 0.204201
0 0.108172 0.178898 0.0794168 0.26277 0.185329
0 0.618421 0.951679 0.09195 0.0966423 0.072884
0 0.268665 0.125401 0.0625539 0.246442 0.0695403
0 0.418112 0.248424 0.0524424 0.238675 0.0499388
0 0.1935 0.134207 0.0575248 0.234737 0.0218068
0 0.37198 0.261872 0.0927031 0.306241 0.0201095
0 0.248015 0.178924 0.0866236 0.261592 0.0189578
0 0.287086 0.167409 0.0915256 0.295887 0.00915976
0 0.0972922 0.136203 0.0741862 0.254849 0.00889669
0 0.326326 0.227501 0.0739482 0.293901 0.00876891
0 0.126216 0.19706 0.100758 0.291045 0.00750546
0 0.231391 0.132709 0.085747 0.250154 0.00535897
0 0.356603 0.230683 0.0814648 0.283321 0.00527188
0 0.272626 0.221895 0.0901028 0.293637 0.0047457
0 0.392219 0.27516 0.0835331 0.274125 0.00406138
0 0.401824 0.22402 0.0740314 0.277974 0.00351345
0 0.115183 0.122917 0.0742917 0.245244 0.00350123
0 0.315731 0.266556 0.101044 0.331712 0.00317166
0 0.316651 0.185116 0.0797487 0.294562 0.00231072
0 0.44255 0.246673 0.0860635 0.238904 0.00227084
0 0.359295 0.299922 0.0866766 0.283843 0.00195483
0 0.0597892 0.12419 0.0850988 0.238816 0.00153891
0 0.140333 0.130698 0.0727474 0.238146 0.00153801
0 0.592804 0.949817 0.118033 0.0982738 0.00119885
0 0.379127 0.197732 0.0743615 0.290196 0.00119529
0 0.286998 0.118859 0.0637526 0.237418 0.00115561
0 0.0765734 0.109923 0.077128 0.213393 0.00108307
