0 0.630613 0.152553 0.0761742 0.212308 0.911256
0 0.06202 0.434698 0.0790943 0.23576 0.856504
0 0.271897 0.143502 0.0769529 0.272052 0.356541
0 0.303946 0.289088 0.0876625 0.274531 0.207471
0 0.131123 0.200093 0.0977928 0.308262 0.117416
0 0.297465 0.22826 0.086877 0.298219 0.0917539
0 0.250382 0.185734 0.088136 0.285678 0.0485
0 0.233467 0.216965 0.0788767 0.292494 0.0378402
0 0.095741 0.209728 0.123783 0.320058 0.0375117
0 0.278726 0.194915 0.0719049 0.261393 0.0180076
0 0.418568 0.248235 0.0554883 0.243866 0.0158689
0 0.371333 0.295078 0.096319 0.277231 0.01493
0 0.22981 0.160124 0.0943353 0.281816 0.0100413
0 0.152441 0.222554 0.10007 0.281921 0.00961673
0 0.203829 0.151582 0.0822084 0.27384 0.00869716
0 0.445768 0.519282 0.094388 0.266882 0.00656024
0 0.328505 0.291775 0.0955801 0.278253 0.00444445
0 0.28851 0.120357 0.0669845 0.237015 0.00444148
0 0.34855 0.30357 0.0880271 0.270492 0.00437469
0 0.935721 0.0416204 0.0680182 0.0828482 0.00394812
0 0.20838 0.21498 0.103073 0.299703 0.00275992
0 0.314877 0.199222 0.0900924 0.319184 0.00260666
0 0.248997 0.123513 0.0806416 0.247025 0.00237356
0 0.271764 0.237846 0.0917122 0.296946 0.00202116
0 0.280071 0.0920198 0.0657473 0.177615 0.00189876
0 0.107055 0.168981 0.0943936 0.291786 0.00185377
0 0.140398 0.149914 0.0818735 0.291514 0.00145025
0 0.342592 0.15362 0.0810665 0.259503 0.00122671
