0 0.25307 0.646413 0.0941704 0.291841 0.887073
0 0.965851 0.549773 0.0669369 0.249056 0.834118
0 0.306729 0.228665 0.0905713 0.294966 0.309102
0 0.0912046 0.151693 0.104261 0.277922 0.276093
0 0.268211 0.154964 0.0745138 0.263318 0.166349
0 0.306982 0.28523 0.0820509 0.234008 0.0171268
0 0.278688 0.19103 0.0831349 0.27404 0.0130644
0 0.325648 0.253577 0.095681 0.285892 0.0073831
0 0.241567 0.155856 0.0771114 0.266311 0.006135
0 0.251342 0.204095 0.0884324 0.279943 0.00611989
0 0.0681315 0.13611 0.0923389 0.270734 0.00330789
0 0.113203 0.164503 0.100686 0.287786 0.00275141
0 0.418129 0.249457 0.0530971 0.256817 0.00212505
0 0.287629 0.257178 0.101442 0.282278 0.00200093
0 0.367689 0.259155 0.124806 0.287162 0.00197212
0 0.260154 0.115025 0.0646173 0.222077 0.00171229
0 0.223889 0.209409 0.0811574 0.276019 0.00112022
