0 0.0410513 0.194523 0.0814408 0.26556 0.831877
0 0.296177 0.218794 0.0942855 0.316701 0.163697
0 0.11797 0.197666 0.0935222 0.296244 0.0860837
0 0.249126 0.215767 0.092682 0.308111 0.0720955
0 0.315635 0.249596 0.0961726 0.319545 0.0530872
0 0.329522 0.289425 0.0915482 0.280377 0.0446217
0 0.272392 0.182095 0.0771304 0.281274 0.0270597
0 0.0184489 0.441437 0.0351917 0.265399 0.0207809
0 0.35317 0.288296 0.0826094 0.276707 0.010022
0 0.224248 0.211434 0.10996 0.303182 0.00442218
0 0.369181 0.260414 0.109756 0.307006 0.00406877
0 0.268577 0.122644 0.0621376 0.2353 0.00359848
0 0.27009 0.235523 0.0954008 0.297314 0.0029607
0 0.411429 0.246248 0.065604 0.266686 0.00287382
0 0.139087 0.210174 0.0913422 0.275052 0.00269722
0 0.0130041 0.472533 0.0239992 0.24195 0.00263463
0 0.337705 0.229184 0.0939292 0.327542 0.00242897
0 0.289544 0.153977 0.0798492 0.28291 0.00215172
0 0.207592 0.149014 0.0924214 0.278422 0.00178928
0 0.301678 0.287246 0.0787753 0.26404 0.00162932
0 0.542807 0.979802 0.0712301 0.040396 0.00104248
