0 0.217541 0.675736 0.0923131 0.271828 0.860792
0 0.514771 0.0674357 0.0607121 0.133132 0.71706
0 0.285763 0.181672 0.082525 0.284007 0.53308
0 0.40972 0.245944 0.0583617 0.246188 0.216968
0 0.355946 0.229843 0.0955117 0.286676 0.212295
0 0.30386 0.226278 0.094731 0.310569 0.0312463
0 0.279699 0.125443 0.0675106 0.238193 0.0310665
0 0.394822 0.229695 0.0804908 0.278227 0.0192803
0 0.334367 0.240426 0.0973604 0.294298 0.0154767
0 0.315567 0.285429 0.102501 0.30611 0.0111728
0 0.262573 0.180117 0.0875792 0.277766 0.00421706
0 0.370039 0.199757 0.0773538 0.286593 0.00279961
0 0.262018 0.123226 0.072976 0.246453 0.00229708
0 0.296352 0.0998964 0.0703504 0.193175 0.00180108
0 0.0338118 0.862478 0.0647005 0.234324 0.00174349
0 0.302072 0.154309 0.0938231 0.290291 0.00156093
0 0.321909 0.0987806 0.0627179 0.189462 0.00121322
0 0.421117 0.257147 0.0505789 0.219528 0.0010844
