0 0.329516 0.637383 0.0941825 0.254957 0.894424
0 0.465083 0.940283 0.0870208 0.119435 0.854628
0 0.175034 0.441716 0.0816617 0.242283 0.820469
0 0.550416 0.942918 0.0677769 0.11382 0.812801
0 0.629169 0.924765 0.0900264 0.149488 0.720313
0 0.248582 0.215385 0.0961875 0.302025 0.276044
0 0.269744 0.192588 0.0957462 0.314583 0.171193
0 0.299248 0.217508 0.0885774 0.315367 0.126876
0 0.601883 0.930857 0.0538059 0.138006 0.0873314
0 0.648346 0.921898 0.0644424 0.156204 0.0602562
0 0.0933094 0.182279 0.111561 0.290383 0.0459072
0 0.268256 0.137089 0.0729907 0.253865 0.0420591
0 0.288592 0.165968 0.0858801 0.30598 0.0216267
0 0.313461 0.256452 0.0803701 0.273777 0.0145387
0 0.284041 0.123773 0.0676014 0.237815 0.0141803
0 0.419605 0.249211 0.0544462 0.23931 0.0116989
0 0.274113 0.350165 0.0702226 0.21703 0.0101731
0 0.224901 0.223397 0.0993333 0.2817 0.00672161
0 0.236842 0.164903 0.0904467 0.287289 0.00486186
0 0.34298 0.222393 0.0926902 0.299515 0.00437371
0 0.583922 0.934063 0.0918655 0.131191 0.00420548
0 0.370213 0.22097 0.0847771 0.284833 0.00241251
0 0.193505 0.139146 0.0668801 0.24178 0.00237753
0 0.24682 0.122825 0.073611 0.24134 0.00236687
0 0.13085 0.123786 0.0934551 0.247573 0.00232985
0 0.306537 0.314614 0.0844965 0.264442 0.00218963
0 0.116184 0.163915 0.105401 0.295256 0.00215122
0 0.315672 0.184803 0.0843197 0.289065 0.00203381
0 0.278755 0.0858508 0.0588142 0.160216 0.00183268
0 0.278771 0.179994 0.0720562 0.227081 0.00164777
0 0.437577 0.941757 0.117184 0.116484 0.00157676
0 0.366358 0.151922 0.0744598 0.243223 0.00141652
0 0.393314 0.242935 0.0805919 0.246146 0.00122383
0 0.0682478 0.18815 0.111511 0.31998 0.00114027
