0 0.533776 0.0796859 0.0693296 0.156855 0.891703
0 0.108183 0.51861 0.0775127 0.258242 0.870013
0 0.0404312 0.535076 0.0727106 0.260706 0.86972
0 0.340758 0.680005 0.102474 0.299065 0.838825
0 0.402219 0.245955 0.0739646 0.24786 0.10614
0 0.278643 0.154926 0.0976637 0.286467 0.0752569
0 0.245262 0.217932 0.0865315 0.282103 0.0200698
0 0.294719 0.191871 0.104022 0.303049 0.0138045
0 0.258083 0.181854 0.0907788 0.278763 0.0101523
0 0.349339 0.244448 0.137392 0.310073 0.00933016
0 0.323479 0.223514 0.117978 0.331935 0.00837511
0 0.385008 0.228857 0.0968139 0.290229 0.0079719
0 0.0331705 0.849174 0.0643803 0.211622 0.00587555
0 0.260039 0.124308 0.0810948 0.248616 0.0038946
0 0.305645 0.140411 0.0900093 0.26191 0.0032996
0 0.308778 0.287598 0.097866 0.260051 0.00215825
0 0.273629 0.239792 0.112646 0.316231 0.00120871
0 0.0809802 0.526648 0.0800686 0.262502 0.00111643
0 0.238654 0.155873 0.0841726 0.273655 0.00104694
0 0.425526 0.241034 0.0851847 0.263041 0.00100515
