0 0.0720861 0.751319 0.0690314 0.286293 0.860202
0 0.13705 0.751742 0.0719106 0.280589 0.858219
0 0.122959 0.426928 0.101793 0.255279 0.828133
0 0.121171 0.583166 0.102766 0.166643 0.771934
0 0.329115 0.290517 0.0950039 0.275386 0.305954
0 0.10823 0.145544 0.0795065 0.260804 0.285811
0 0.245716 0.19737 0.0892076 0.286439 0.109844
0 0.118236 0.189185 0.0864954 0.276326 0.0416205
0 0.207471 0.189133 0.105427 0.297733 0.0314183
0 0.416472 0.246406 0.0576006 0.266972 0.0228539
0 0.359734 0.282724 0.114232 0.303429 0.015256
0 0.0882686 0.134632 0.0863013 0.255961 0.013227
0 0.195552 0.151126 0.0825014 0.260313 0.0124513
0 0.269336 0.185183 0.0919779 0.26524 0.00975949
0 0.228697 0.226963 0.0951179 0.280406 0.00843509
0 0.18534 0.192881 0.08675 0.279775 0.00643233
0 0.342371 0.2474 0.104736 0.299655 0.0062372
0 0.291009 0.170421 0.0860575 0.278591 0.00296156
0 0.0512866 0.144463 0.0773782 0.233964 0.00285509
0 0.214895 0.139428 0.0885625 0.263226 0.00236402
0 0.269494 0.123666 0.0646958 0.231951 0.00209244
0 0.397816 0.244926 0.0806757 0.27217 0.00164017
0 0.0859415 0.17822 0.109387 0.282777 0.00158365
0 0.100627 0.596869 0.119066 0.185164 0.00132998
0 0.233493 0.182002 0.0740945 0.225737 0.00106549
