0 0.858833 0.460282 0.0928492 0.215884 0.912517
0 0.152342 0.209928 0.103462 0.326 0.346551
0 0.250351 0.14268 0.0855618 0.275425 0.280159
0 0.301056 0.218398 0.0946682 0.321149 0.0983447
0 0.121409 0.196084 0.0967774 0.307439 0.0522183
0 0.847734 0.269541 0.111238 0.28221 0.0342321
0 0.264654 0.124179 0.0665404 0.244586 0.0331805
0 0.273286 0.191677 0.0966255 0.304584 0.0325412
0 0.249493 0.207084 0.0927131 0.289302 0.0297346
0 0.733735 0.254642 0.0689255 0.260274 0.0124764
0 0.097233 0.181501 0.117365 0.312565 0.0123899
0 0.181023 0.213589 0.125024 0.321942 0.010768
0 0.329508 0.164915 0.0851434 0.268065 0.0104474
0 0.353139 0.15154 0.0768988 0.229402 0.00543696
0 0.343829 0.2187 0.110071 0.327456 0.00525526
0 0.222898 0.135982 0.0934514 0.270461 0.00483479
0 0.338246 0.133485 0.0641158 0.202199 0.00296932
0 0.284265 0.128542 0.0720719 0.252433 0.00232827
0 0.18084 0.168325 0.0908614 0.290999 0.00211954
0 0.419593 0.249762 0.0616701 0.241892 0.00193783
0 0.315813 0.254056 0.0966934 0.295158 0.00179904
0 0.0761506 0.135813 0.0994218 0.267627 0.00125638
0 0.349955 0.106885 0.0542741 0.146065 0.001219
0 0.267662 0.179936 0.0739938 0.225917 0.00120079
0 0.205478 0.162319 0.0895522 0.292395 0.00108649
0 0.751853 0.244819 0.0916773 0.284368 0.00101704
