0 0.835335 0.368277 0.0897745 0.192547 0.850732
0 0.321416 0.96804 0.0699309 0.0633445 0.740636
0 0.303525 0.232659 0.0873634 0.291015 0.484896
0 0.0948801 0.18069 0.10172 0.293154 0.0321337
0 0.416265 0.251231 0.050642 0.243535 0.0249483
0 0.241217 0.184915 0.0785087 0.24017 0.0156413
0 0.312546 0.284649 0.0832518 0.2574 0.0127636
0 0.116461 0.164216 0.085705 0.286973 0.00828451
0 0.268815 0.124927 0.0632355 0.227389 0.00697821
0 0.105437 0.124537 0.0869388 0.249073 0.00350904
0 0.271102 0.19594 0.0935506 0.298047 0.00290987
0 0.310473 0.95665 0.0902906 0.0804544 0.00268157
0 0.337243 0.24486 0.105478 0.294492 0.00241818
0 0.337359 0.962621 0.104083 0.0693921 0.00208918
0 0.397253 0.245741 0.077825 0.257087 0.00185404
0 0.82851 0.427485 0.102958 0.258939 0.00158389
0 0.205762 0.154176 0.101885 0.267466 0.00151793
0 0.808894 0.90324 0.0914574 0.176215 0.00151206
0 0.129933 0.195975 0.085887 0.282858 0.00142329
0 0.316752 0.962077 0.0473121 0.0739172 0.00132984
0 0.301304 0.969834 0.103622 0.060332 0.00120544
0 0.223682 0.207469 0.0911169 0.261975 0.00116044
0 0.37802 0.252292 0.102932 0.282521 0.0011463
