0 0.709857 0.154611 0.0891328 0.22072 0.854557
0 0.300594 0.211853 0.0961822 0.313259 0.275138
0 0.30562 0.288677 0.0896443 0.276864 0.164256
0 0.255639 0.151334 0.0825586 0.280964 0.163645
0 0.410432 0.246843 0.0639847 0.249429 0.0646571
0 0.282451 0.182699 0.0843831 0.268844 0.05966
0 0.356681 0.229631 0.0843828 0.277343 0.0275456
0 0.273874 0.133876 0.0680366 0.252151 0.0170534
0 0.241664 0.184789 0.0908886 0.287725 0.014961
0 0.355217 0.305039 0.0770991 0.256725 0.008842
0 0.331022 0.240395 0.0936793 0.285728 0.00711278
0 0.36963 0.275502 0.100933 0.301344 0.00483212
0 0.267915 0.180465 0.0750807 0.226954 0.00436935
0 0.400059 0.228541 0.0920568 0.289102 0.00233098
0 0.221077 0.16727 0.0978111 0.285617 0.00230122
0 0.289962 0.102352 0.0649861 0.200184 0.00212847
0 0.330807 0.313722 0.104475 0.304591 0.001724
0 0.370747 0.200517 0.0830274 0.30389 0.0013301
0 0.270601 0.222024 0.10452 0.298846 0.00130993
0 0.426528 0.242383 0.0783246 0.273597 0.0012993
0 0.236175 0.13644 0.0763435 0.255171 0.00127953
