0 0.798572 0.200274 0.0833573 0.202854 0.87033
0 0.582295 0.156906 0.0768316 0.194353 0.806474
0 0.297848 0.200516 0.0913417 0.309408 0.336416
0 0.250713 0.220245 0.0904872 0.302542 0.209476
0 0.269231 0.184339 0.0876592 0.274673 0.0332908
0 0.270434 0.124238 0.0608195 0.233688 0.0270974
0 0.376601 0.259484 0.0971784 0.305589 0.0142592
0 0.315235 0.225941 0.0852128 0.296321 0.0127626
0 0.406147 0.247829 0.0815002 0.264647 0.00984835
0 0.352745 0.255632 0.102598 0.320584 0.00722834
0 0.282844 0.235574 0.101506 0.29888 0.00706662
0 0.106112 0.180151 0.100127 0.286669 0.00570511
0 0.0956764 0.135802 0.0814368 0.255896 0.00555198
0 0.376051 0.229848 0.0693485 0.276411 0.00452541
0 0.306295 0.31626 0.103324 0.292202 0.00381929
0 0.224281 0.225851 0.0946512 0.295431 0.00318493
0 0.33204 0.314571 0.102405 0.297622 0.00289752
0 0.113956 0.13606 0.0753368 0.244534 0.00273739
0 0.287048 0.117589 0.0604984 0.228233 0.00218095
0 0.358086 0.214873 0.0762648 0.275913 0.00202772
0 0.284586 0.182149 0.0740674 0.226838 0.00168914
0 0.326722 0.183751 0.0776661 0.290612 0.00154225
0 0.248281 0.13478 0.0784217 0.248799 0.00150539
0 0.945046 0.0655463 0.092243 0.127471 0.0014442
0 0.197059 0.14544 0.074662 0.244193 0.00132027
0 0.233733 0.160114 0.0887897 0.269921 0.00131552
