0 0.642469 0.197527 0.0831043 0.213797 0.903132
0 0.350247 0.89521 0.077455 0.206884 0.878799
0 0.266319 0.152853 0.0764148 0.267812 0.213126
0 0.13085 0.199356 0.0970251 0.311072 0.14066
0 0.303785 0.256692 0.0754751 0.275537 0.105438
0 0.418302 0.249431 0.0572095 0.231605 0.103884
0 0.289498 0.217567 0.085688 0.305857 0.0682724
0 0.246907 0.217874 0.0954145 0.293997 0.0235863
0 0.382887 0.249967 0.114236 0.270755 0.0202566
0 0.237144 0.152381 0.0958775 0.28313 0.0174375
0 0.167998 0.195901 0.115137 0.334516 0.0161681
0 0.196835 0.15193 0.0835498 0.287873 0.0147122
0 0.109173 0.185549 0.0970108 0.313646 0.0116009
0 0.27981 0.181611 0.0732177 0.226612 0.0107099
0 0.194572 0.186379 0.112864 0.328751 0.00749487
0 0.358551 0.257796 0.0812913 0.284769 0.00623206
0 0.305574 0.193746 0.0830671 0.290688 0.00377215
0 0.222043 0.213537 0.111075 0.306294 0.00363612
0 0.314058 0.30087 0.0841081 0.291993 0.00321822
0 0.408684 0.233734 0.0806267 0.275829 0.00242005
0 0.284202 0.13573 0.0880442 0.269558 0.00185432
0 0.251043 0.136032 0.0732478 0.225126 0.00153936
0 0.620225 0.912352 0.0766523 0.171619 0.00148393
0 0.327473 0.256741 0.0884981 0.288868 0.00136839
0 0.216059 0.13731 0.0922255 0.274621 0.00125909
