0 0.404287 0.788795 0.077193 0.279353 0.893943
0 0.326745 0.848145 0.0913248 0.303324 0.893165
0 0.777049 0.275613 0.108567 0.224506 0.885449
0 0.0545941 0.417594 0.0528055 0.237171 0.848354
0 0.201978 0.625903 0.096894 0.275712 0.831491
0 0.107911 0.406651 0.0660628 0.246638 0.831295
0 0.027599 0.622198 0.0544782 0.29546 0.786249
0 0.0172222 0.405825 0.0343168 0.230327 0.535642
0 0.275244 0.158321 0.0830145 0.280866 0.278449
0 0.181518 0.72298 0.051153 0.210126 0.113654
0 0.290444 0.190196 0.0862286 0.265406 0.089108
0 0.255541 0.185396 0.0955419 0.288193 0.0749776
0 0.238114 0.220516 0.0973865 0.285851 0.0463224
0 0.259843 0.127188 0.0736597 0.254375 0.0321201
0 0.235192 0.153285 0.101074 0.289523 0.0213141
0 0.33263 0.228434 0.0710762 0.284522 0.0172769
0 0.0154571 0.630812 0.0285623 0.284945 0.011095
0 0.0156556 0.36304 0.0313112 0.177997 0.00906527
0 0.306678 0.287815 0.0881333 0.279278 0.00837291
0 0.023706 0.557746 0.0471736 0.246894 0.00694102
0 0.344143 0.272681 0.0855613 0.292692 0.00598153
0 0.203916 0.14965 0.0809734 0.273265 0.00566098
0 0.185753 0.151443 0.0678299 0.258177 0.00370532
0 0.0926844 0.127194 0.086852 0.244727 0.00271079
0 0.0139025 0.441688 0.0249821 0.278057 0.00255707
0 0.0108719 0.340357 0.0195098 0.148625 0.00217256
0 0.315195 0.197014 0.0929835 0.304988 0.00209425
0 0.28765 0.12134 0.0721149 0.241255 0.00198381
0 0.176768 0.711384 0.0800794 0.222779 0.00154034
0 0.0148388 0.357525 0.0285016 0.114382 0.00149333
0 0.345433 0.198904 0.0776941 0.312464 0.00124359
0 0.363555 0.254032 0.104006 0.312086 0.00117671
