0 0.357079 0.855608 0.0752038 0.28105 0.898417
0 0.249972 0.528551 0.0824473 0.280669 0.879994
0 0.0362984 0.594179 0.0709337 0.281687 0.869623
0 0.142572 0.618318 0.0774862 0.267178 0.859995
0 0.438995 0.856344 0.0635397 0.283263 0.85391
0 0.877041 0.352919 0.0908232 0.15332 0.763222
0 0.1242 0.18631 0.107177 0.309677 0.668448
0 0.259145 0.150624 0.0811163 0.273338 0.350319
0 0.0989565 0.165542 0.110897 0.306335 0.0741374
0 0.279573 0.179938 0.0830526 0.262018 0.0406347
0 0.252404 0.20508 0.097592 0.26265 0.0386193
0 0.149846 0.194932 0.0768043 0.289566 0.0356523
0 0.877456 0.404652 0.0980352 0.219563 0.0273001
0 0.419578 0.25092 0.0529223 0.236076 0.0247659
0 0.270929 0.117358 0.0648922 0.226606 0.020001
0 0.649378 0.922315 0.0318176 0.155369 0.0133023
0 0.304493 0.291397 0.0925043 0.272367 0.0066914
0 0.300703 0.194308 0.0919062 0.273478 0.006578
0 0.073609 0.172682 0.101488 0.323571 0.00649736
0 0.176282 0.163211 0.0772306 0.303077 0.00586199
0 0.195894 0.158675 0.0770092 0.294512 0.00487681
0 0.626227 0.907575 0.0725908 0.184851 0.00452402
0 0.22137 0.195976 0.107436 0.277997 0.00441211
0 0.890709 0.480366 0.0732182 0.205512 0.0027856
0 0.0946333 0.129293 0.0776412 0.258587 0.00186075
0 0.28593 0.116874 0.0604667 0.215391 0.00126905
0 0.130533 0.192671 0.0841456 0.229831 0.00123291
0 0.609881 0.903204 0.0692906 0.193592 0.00110682
0 0.803391 0.0142964 0.0753248 0.0275154 0.00106973
