0 0.257914 0.9615 0.0952756 0.0765215 0.773374
0 0.308446 0.238472 0.077958 0.290106 0.387319
0 0.108768 0.1945 0.109289 0.306002 0.261059
0 0.25876 0.146955 0.0760757 0.269369 0.244038
0 0.356725 0.275568 0.0899353 0.290886 0.0750402
0 0.237976 0.150581 0.0941273 0.276087 0.0300795
0 0.411232 0.244484 0.066215 0.250032 0.0295169
0 0.32549 0.256157 0.0902719 0.286377 0.0204619
0 0.198985 0.135286 0.0751867 0.253866 0.0180932
0 0.344765 0.234224 0.0963049 0.304736 0.0150025
0 0.27757 0.180032 0.0718903 0.262253 0.0147623
0 0.369729 0.235037 0.0964117 0.304234 0.00535648
0 0.140241 0.198983 0.0934969 0.300343 0.00516962
0 0.274145 0.121211 0.067536 0.239311 0.00448124
0 0.388684 0.274158 0.0947306 0.276327 0.00415798
0 0.254536 0.962908 0.0482728 0.0738263 0.0038501
0 0.10594 0.136067 0.082847 0.264104 0.00365861
0 0.372941 0.302238 0.0948837 0.256272 0.00292863
0 0.0864412 0.16739 0.105652 0.309076 0.00291274
0 0.242335 0.951923 0.129915 0.0958343 0.00271692
0 0.254266 0.203964 0.0862661 0.282514 0.00245479
0 0.220108 0.177902 0.0982819 0.284548 0.00242402
0 0.216057 0.123442 0.079867 0.246883 0.00168588
0 0.286262 0.224685 0.0844717 0.298982 0.00157353
0 0.12736 0.151201 0.0873132 0.287417 0.00156349
0 0.253564 0.975346 0.0827899 0.0488671 0.00150953
0 0.547176 0.911233 0.0814097 0.177535 0.00136451
0 0.81605 0.0140444 0.0758257 0.0280887 0.00136448
0 0.174851 0.194673 0.0971754 0.308298 0.00125473
