0 0.631777 0.11273 0.0779191 0.196495 0.888352
0 0.304267 0.764843 0.0787419 0.29202 0.868044
0 0.920918 0.390844 0.104253 0.21942 0.85909
0 0.381945 0.764416 0.0672452 0.285789 0.847327
0 0.070371 0.532293 0.0811105 0.235945 0.842557
0 0.350745 0.587638 0.076769 0.246682 0.761077
0 0.2647 0.160654 0.0899683 0.281625 0.365429
0 0.253555 0.203377 0.101835 0.264408 0.130113
0 0.117626 0.193277 0.088699 0.286553 0.0847301
0 0.292691 0.180832 0.0880604 0.270521 0.0431036
0 0.142602 0.231319 0.0995394 0.309379 0.0126349
0 0.268051 0.126088 0.0702213 0.22429 0.00925428
0 0.630355 0.0730344 0.0759774 0.12225 0.00633616
0 0.108604 0.136274 0.0806491 0.262104 0.00566408
0 0.418075 0.249753 0.0602183 0.238105 0.00475998
0 0.64908 0.914517 0.0324312 0.170966 0.00197129
0 0.0896606 0.153992 0.0910555 0.280765 0.00184913
0 0.296034 0.242127 0.0877171 0.272937 0.0017097
0 0.248087 0.123713 0.0831012 0.247425 0.00159353
0 0.225298 0.209297 0.109687 0.274768 0.00151351
0 0.195206 0.136389 0.0714694 0.256933 0.00147524
0 0.312126 0.195583 0.0928386 0.281347 0.00135505
0 0.1323 0.156802 0.0874589 0.278952 0.00133663
0 0.282516 0.132803 0.0872065 0.26255 0.0012213
0 0.398185 0.244896 0.0914387 0.250498 0.00115632
