0 0.349836 0.933034 0.0858459 0.133932 0.886187
0 0.229022 0.523945 0.0818084 0.258168 0.876511
0 0.503942 0.0834513 0.0815388 0.145213 0.867292
0 0.291327 0.670087 0.0865674 0.272597 0.856883
0 0.435082 0.89268 0.0852545 0.214639 0.847982
0 0.25684 0.135525 0.0788571 0.247569 0.0435809
0 0.308844 0.289245 0.081683 0.269918 0.0355482
0 0.270692 0.199659 0.106852 0.304032 0.0216976
0 0.437314 0.0452134 0.0424567 0.0896376 0.01717
0 0.107591 0.194171 0.103293 0.283513 0.00968191
0 0.328574 0.300408 0.0852038 0.273565 0.00958384
0 0.239041 0.21543 0.0938311 0.300164 0.00253316
0 0.274704 0.148425 0.0802666 0.24943 0.00208575
0 0.355766 0.305509 0.0780131 0.255332 0.00187064
0 0.270311 0.108255 0.0621159 0.204696 0.00182502
0 0.239252 0.149943 0.0850435 0.272485 0.0017198
0 0.125514 0.166679 0.0933811 0.274508 0.00116669
