0 0.691759 0.274539 0.0802343 0.200597 0.910554
0 0.608482 0.138432 0.0805379 0.207021 0.894184
0 0.536962 0.896034 0.0984035 0.207646 0.857773
0 0.166403 0.882104 0.0913638 0.235793 0.850192
0 0.080271 0.324184 0.122281 0.290531 0.8187
0 0.660485 0.0413211 0.0585894 0.0791035 0.574722
0 0.235205 0.222467 0.0936505 0.272466 0.416376
0 0.30679 0.217827 0.0967487 0.309784 0.10484
0 0.144962 0.240617 0.0832232 0.267779 0.098744
0 0.204546 0.141166 0.0868711 0.263943 0.0491728
0 0.276004 0.214052 0.102326 0.296487 0.043072
0 0.307976 0.283305 0.0905813 0.263664 0.0280653
0 0.256475 0.197486 0.087954 0.268562 0.0206146
0 0.341519 0.245901 0.109497 0.305444 0.0168584
0 0.271966 0.153794 0.0678451 0.273417 0.0142303
0 0.41548 0.246733 0.0596368 0.257493 0.00756019
0 0.0987131 0.143072 0.0926747 0.27367 0.00752486
0 0.291997 0.16916 0.088022 0.29623 0.00493932
0 0.213451 0.213424 0.086336 0.250372 0.00459941
0 0.104168 0.211266 0.0979477 0.279624 0.00456286
0 0.254604 0.131968 0.0903316 0.257805 0.00357897
0 0.228899 0.136937 0.102014 0.266424 0.00257088
0 0.327827 0.298457 0.092857 0.262065 0.00256929
0 0.162418 0.21424 0.0830297 0.257629 0.00217474
0 0.363462 0.226986 0.101272 0.308475 0.00158571
0 0.326891 0.199548 0.0913831 0.309189 0.00150996
0 0.286239 0.133685 0.0660827 0.240547 0.00136709
0 0.692314 0.230547 0.076175 0.112064 0.0010609
0 0.675865 0.0448076 0.0876645 0.0873069 0.00104986
