0 0.218543 0.556136 0.0853744 0.256602 0.91684
0 0.421983 0.864015 0.0853025 0.270601 0.896381
0 0.0978902 0.551655 0.085353 0.284388 0.850331
0 0.983556 0.479147 0.0313005 0.21825 0.468148
0 0.267828 0.179055 0.0839193 0.27924 0.337149
0 0.346895 0.305246 0.0822196 0.267887 0.233621
0 0.252521 0.210046 0.0913374 0.291238 0.127099
0 0.347701 0.260034 0.103452 0.333539 0.091743
0 0.268304 0.12656 0.0626598 0.237843 0.0311847
0 0.319271 0.289528 0.0923676 0.290529 0.0180222
0 0.29729 0.216077 0.0841933 0.310124 0.0164432
0 0.326958 0.227445 0.093533 0.320099 0.0145096
0 0.815741 0.0149573 0.077066 0.0299147 0.00706269
0 0.360714 0.332158 0.0854275 0.254491 0.00674562
0 0.0794565 0.12909 0.0733654 0.23171 0.00585531
0 0.286358 0.167883 0.0815106 0.269004 0.00576306
0 0.8394 0.0177376 0.109764 0.0354751 0.00543869
0 0.117318 0.180539 0.0741089 0.255434 0.00521533
0 0.367751 0.2301 0.0842375 0.276924 0.00443679
0 0.241502 0.15947 0.0856524 0.278999 0.0039441
0 0.27087 0.232534 0.100603 0.30601 0.00311313
0 0.979024 0.519718 0.0389343 0.299177 0.00306994
0 0.0954949 0.164289 0.0911307 0.277412 0.00218357
0 0.236015 0.235563 0.0829579 0.304545 0.00172324
0 0.195745 0.138351 0.0675943 0.246421 0.0016574
