0 0.601651 0.156859 0.0840117 0.219414 0.89851
0 0.326097 0.691469 0.0714967 0.288897 0.884977
0 0.383634 0.680055 0.0689032 0.268803 0.875146
0 0.0506825 0.295095 0.0807525 0.247575 0.84997
0 0.0835288 0.178915 0.0911505 0.283328 0.648847
0 0.278045 0.183226 0.078616 0.264952 0.20405
0 0.298977 0.209293 0.100495 0.288943 0.0600005
0 0.260326 0.160183 0.0803901 0.278542 0.0546
0 0.227154 0.156555 0.0974163 0.27764 0.0197011
0 0.201569 0.150575 0.0825535 0.272418 0.0177782
0 0.322621 0.235401 0.0904684 0.301559 0.0148849
0 0.106078 0.184712 0.0945065 0.287566 0.014143
0 0.247603 0.125414 0.0781852 0.241314 0.0136223
0 0.305375 0.288717 0.0940637 0.253401 0.00869127
0 0.266795 0.123434 0.0629653 0.221588 0.00652288
0 0.130623 0.208367 0.0779729 0.277939 0.00551239
0 0.295092 0.127027 0.0742287 0.243092 0.00427042
0 0.345335 0.243354 0.104608 0.309712 0.00392651
0 0.0627219 0.16599 0.0902228 0.279002 0.00386461
0 0.840928 0.014852 0.0927498 0.029704 0.00265565
0 0.212661 0.568054 0.065611 0.271598 0.0024134
0 0.197382 0.0976955 0.0683535 0.188618 0.00235302
0 0.619175 0.0865636 0.0592177 0.164065 0.00225756
0 0.153857 0.210576 0.091938 0.267179 0.00171356
0 0.182728 0.190109 0.0879735 0.282253 0.00170675
0 0.314048 0.166273 0.0819583 0.27619 0.0016392
0 0.322695 0.0935478 0.0613239 0.176528 0.00156684
0 0.34679 0.305773 0.0937722 0.256078 0.00152279
0 0.312551 0.123213 0.0658963 0.22619 0.00149016
0 0.07039 0.221514 0.0790438 0.301856 0.00113588
