0 0.82801 0.47284 0.0944481 0.286901 0.895242
0 0.929425 0.407319 0.0991169 0.228552 0.867806
0 0.312339 0.280187 0.105385 0.264672 0.659227
0 0.347391 0.274418 0.0893167 0.276078 0.0414423
0 0.09397 0.136365 0.0930265 0.25769 0.0396798
0 0.116319 0.183174 0.0965367 0.306102 0.0204025
0 0.269613 0.181076 0.094743 0.292916 0.0183478
0 0.36739 0.262537 0.0753921 0.285231 0.0180152
0 0.291688 0.194076 0.0945447 0.292144 0.00956177
0 0.251021 0.206399 0.0894432 0.277321 0.00621248
0 0.201139 0.133379 0.0873877 0.247162 0.00446731
0 0.268289 0.131103 0.0704793 0.237429 0.00358711
0 0.292934 0.255597 0.108124 0.296284 0.00345617
0 0.227285 0.15209 0.0896637 0.265392 0.0030825
0 0.390532 0.261876 0.0814891 0.291724 0.00293279
0 0.0653401 0.131563 0.0912193 0.255104 0.00179439
0 0.428812 0.283187 0.0849334 0.309364 0.00158254
0 0.417764 0.246974 0.0606171 0.270525 0.00151362
0 0.248113 0.135835 0.0782372 0.253638 0.00119891
