0 0.19076 0.563447 0.086602 0.29746 0.895846
0 0.276252 0.577272 0.08437 0.279925 0.880615
0 0.0945039 0.148711 0.110104 0.277547 0.301919
0 0.303768 0.220264 0.0839967 0.296766 0.23507
0 0.252305 0.19293 0.0906889 0.278559 0.148426
0 0.272215 0.184227 0.0853354 0.278113 0.121229
0 0.289807 0.16705 0.0840907 0.283223 0.0263292
0 0.259859 0.140969 0.0797947 0.269282 0.0247239
0 0.237387 0.222543 0.09221 0.279367 0.0195423
0 0.306016 0.287277 0.0775446 0.220417 0.0159592
0 0.112445 0.179757 0.113956 0.303177 0.00901657
0 0.418297 0.25084 0.0620059 0.245243 0.00800607
0 0.338134 0.223179 0.111626 0.313463 0.00694013
0 0.272316 0.112463 0.0691869 0.220805 0.00298479
0 0.0697431 0.154981 0.109285 0.295741 0.00243351
0 0.315287 0.168581 0.0886492 0.29079 0.00223682
0 0.235728 0.135162 0.0911728 0.267662 0.00202799
0 0.355838 0.153571 0.0789478 0.248644 0.00144158
0 0.199403 0.134443 0.0826195 0.254483 0.00140092
0 0.369189 0.254 0.114754 0.298371 0.00122629
0 0.150095 0.226043 0.0857952 0.283724 0.00120099
