0 0.869296 0.501621 0.098052 0.234718 0.878015
0 0.515827 0.921293 0.100771 0.156682 0.780891
0 0.41547 0.924806 0.0968472 0.150387 0.748092
0 0.296216 0.212801 0.0932552 0.303539 0.512483
0 0.619876 0.101301 0.0831726 0.198715 0.332029
0 0.275227 0.181467 0.075923 0.264552 0.0526889
0 0.305926 0.301215 0.0925035 0.277353 0.035774
0 0.0940063 0.181246 0.113908 0.30544 0.0215848
0 0.312085 0.238787 0.0847131 0.289796 0.0145164
0 0.118407 0.195825 0.103908 0.316037 0.0106517
0 0.269361 0.123125 0.0644413 0.236929 0.0102388
0 0.259148 0.164965 0.083549 0.272135 0.0101905
0 0.196925 0.131054 0.0681808 0.243949 0.00819054
0 0.225406 0.195254 0.0882489 0.296303 0.00596592
0 0.258382 0.212438 0.104016 0.306871 0.00532777
0 0.141508 0.210139 0.107821 0.303825 0.00501976
0 0.370616 0.252569 0.0984414 0.29482 0.00499726
0 0.203377 0.193629 0.0904252 0.304879 0.00479543
0 0.215866 0.129284 0.0814435 0.246242 0.00270073
0 0.327729 0.316092 0.115467 0.285457 0.00239125
0 0.35111 0.228455 0.101953 0.296099 0.00230322
0 0.179412 0.196871 0.0963206 0.318276 0.00216541
0 0.39821 0.247331 0.075932 0.26816 0.00170087
0 0.3872 0.926551 0.121666 0.146732 0.00132274
0 0.288489 0.153062 0.0804529 0.277283 0.00128623
0 0.247199 0.122674 0.0744524 0.244606 0.00105554
0 0.416853 0.248215 0.0608839 0.249103 0.00104659
