0 0.245991 0.685056 0.109734 0.218906 0.832297
0 0.395051 0.962204 0.0765707 0.0752311 0.717773
0 0.810443 0.905972 0.0857532 0.18592 0.668634
0 0.273916 0.982661 0.0746236 0.0346773 0.037561
0 0.41055 0.242651 0.0672318 0.248444 0.0117477
0 0.399986 0.964243 0.0477315 0.0705241 0.00639299
0 0.272471 0.98463 0.04408 0.03074 0.00456599
0 0.406878 0.951853 0.098809 0.0952876 0.00341101
0 0.98202 0.53488 0.0359594 0.204142 0.00331794
0 0.269339 0.973175 0.0869969 0.0526715 0.0031943
0 0.410993 0.970742 0.0831768 0.0585167 0.00284996
0 0.396953 0.97509 0.0672583 0.0498202 0.00259842
0 0.249946 0.977356 0.104097 0.0452882 0.00219007
0 0.288686 0.985109 0.0638264 0.0297811 0.00205735
0 0.376855 0.960956 0.0788774 0.0780874 0.00202923
0 0.299439 0.978919 0.0951637 0.0421623 0.0018317
0 0.220119 0.683423 0.115506 0.233569 0.00101639
