0 0.252424 0.585502 0.0803979 0.29771 0.864304
0 0.194408 0.601949 0.0701973 0.260813 0.842047
0 0.485494 0.898856 0.130205 0.202288 0.752099
0 0.30505 0.28828 0.0951388 0.2712 0.460402
0 0.279854 0.189279 0.077855 0.260189 0.348157
0 0.458497 0.895624 0.0940133 0.208627 0.100981
0 0.0975327 0.209924 0.109344 0.313082 0.0415036
0 0.261238 0.157494 0.0741107 0.264779 0.0404407
0 0.354466 0.291042 0.0724699 0.252344 0.0292466
0 0.299141 0.197286 0.0924014 0.263152 0.0280154
0 0.32924 0.2883 0.0924641 0.266145 0.0167443
0 0.935293 0.0428975 0.0597862 0.0840387 0.00838985
0 0.125967 0.199963 0.0935674 0.301668 0.00659313
0 0.274272 0.135715 0.0699762 0.24356 0.00530697
0 0.259895 0.20497 0.093083 0.271167 0.00523643
0 0.235531 0.15378 0.0809732 0.260646 0.00518761
0 0.368955 0.263982 0.0938544 0.297344 0.00331548
0 0.202451 0.145005 0.0825052 0.249817 0.00329489
0 0.298619 0.246284 0.0788565 0.219747 0.00315702
0 0.108287 0.184119 0.0759811 0.291905 0.00248123
0 0.514372 0.886502 0.124211 0.226996 0.00244044
0 0.233283 0.220072 0.0831594 0.269916 0.00233661
0 0.621685 0.905193 0.0820514 0.189613 0.00167371
0 0.313061 0.22892 0.0872281 0.269321 0.00161409
0 0.538356 0.971803 0.0650952 0.0563938 0.0012042
0 0.528383 0.934348 0.0912036 0.127233 0.0011079
0 0.803257 0.0139283 0.0744999 0.0278567 0.00110311
