0 0.816474 0.388243 0.0797798 0.242812 0.897124
0 0.0265636 0.406098 0.0530584 0.260646 0.818666
0 0.416417 0.247469 0.0548383 0.249805 0.348929
0 0.301871 0.204337 0.0941522 0.285337 0.253696
0 0.116293 0.181509 0.090278 0.28371 0.113956
0 0.422001 0.200786 0.0593319 0.282221 0.0320649
0 0.09705 0.149473 0.0963458 0.266241 0.0286063
0 0.282422 0.184211 0.0762458 0.261701 0.0174964
0 0.254708 0.18196 0.0904538 0.264533 0.0151322
0 0.221459 0.15963 0.102296 0.277072 0.012992
0 0.140358 0.19856 0.102865 0.297928 0.0122325
0 0.406659 0.206795 0.0735222 0.296057 0.0120945
0 0.441611 0.197976 0.0678674 0.277319 0.0109912
0 0.0699155 0.136821 0.0867112 0.250176 0.0108175
0 0.314104 0.25501 0.0927821 0.287371 0.0103565
0 0.198634 0.137351 0.0802194 0.25663 0.00937001
0 0.385897 0.220303 0.0881388 0.291313 0.00934682
0 0.268737 0.128911 0.0610294 0.241862 0.00900342
0 0.935266 0.0433676 0.0675642 0.0846795 0.00863185
0 0.342667 0.221919 0.106465 0.287763 0.00616627
0 0.380433 0.187706 0.0635873 0.26087 0.00608684
0 0.0158564 0.400394 0.030462 0.26028 0.00436766
0 0.170259 0.194419 0.106788 0.288911 0.00345479
0 0.115643 0.124993 0.0794611 0.249985 0.00306163
0 0.232876 0.20725 0.0961801 0.273077 0.00174159
0 0.248063 0.122393 0.0733289 0.241054 0.00158114
0 0.286332 0.124449 0.0669359 0.238403 0.00152401
0 0.0854037 0.193408 0.116709 0.294606 0.00144821
0 0.36782 0.240446 0.0943935 0.278038 0.0012781
0 0.287355 0.241202 0.0901802 0.280195 0.00125919
0 0.135638 0.13106 0.0845753 0.256286 0.00103048
