0 0.171796 0.505363 0.0803532 0.270102 0.890301
0 0.478582 0.868924 0.0741593 0.261877 0.885904
0 0.25371 0.503349 0.0731142 0.27201 0.855081
0 0.29403 0.958531 0.0755505 0.082937 0.787185
0 0.278081 0.186442 0.0828567 0.276157 0.187119
0 0.253497 0.182297 0.0837704 0.277341 0.147598
0 0.296279 0.205939 0.0915127 0.284926 0.0860359
0 0.233866 0.158114 0.0926822 0.28532 0.0703361
0 0.130335 0.19753 0.0988285 0.298312 0.0272095
0 0.261475 0.138063 0.0636862 0.259316 0.0257817
0 0.206452 0.153787 0.090221 0.290536 0.0234129
0 0.308065 0.241446 0.0732169 0.261298 0.0144674
0 0.172334 0.194883 0.088314 0.291307 0.0105288
0 0.542718 0.878268 0.0713985 0.243464 0.00969996
0 0.297259 0.284172 0.0914883 0.23476 0.00594292
0 0.295905 0.960802 0.0484264 0.0774611 0.00549295
0 0.222774 0.206433 0.0941177 0.263127 0.00539726
0 0.410747 0.246994 0.0696228 0.251799 0.00515757
0 0.328259 0.214282 0.0755327 0.283762 0.00394513
0 0.15449 0.219603 0.0935185 0.255848 0.00353187
0 0.1084 0.182563 0.0922821 0.297023 0.00327192
0 0.311878 0.171385 0.0890432 0.2881 0.00195989
0 0.27551 0.952459 0.108204 0.0937849 0.00194382
0 0.342822 0.255556 0.0885553 0.281479 0.00160293
0 0.316021 0.298543 0.0865746 0.26005 0.00156988
0 0.191622 0.207082 0.0898469 0.264216 0.00149217
0 0.186646 0.15126 0.0734456 0.28159 0.00146691
0 0.0746803 0.154889 0.0950123 0.286705 0.00126987
0 0.248615 0.123459 0.0719008 0.220887 0.00120264
0 0.202745 0.117046 0.0716777 0.223871 0.00112328
0 0.552592 0.912014 0.0638082 0.175972 0.00106971
0 0.311575 0.952498 0.103988 0.0923525 0.00102553
