0 0.0579145 0.525153 0.0679198 0.246888 0.881554
0 0.57907 0.931619 0.0881409 0.136649 0.875525
0 0.348554 0.592096 0.0907831 0.259632 0.791215
0 0.10805 0.181594 0.0880706 0.277887 0.343739
0 0.304407 0.229974 0.086787 0.301507 0.260356
0 0.255364 0.158939 0.0870876 0.28691 0.256711
0 0.239273 0.186891 0.0944475 0.287828 0.1093
0 0.19452 0.147193 0.065359 0.269551 0.10119
0 0.279538 0.18072 0.0727349 0.265806 0.069795
0 0.268463 0.126017 0.0691271 0.246984 0.0550285
0 0.417537 0.248935 0.0586102 0.25781 0.0244037
0 0.223013 0.137851 0.100305 0.268447 0.0203785
0 0.208161 0.174558 0.0960073 0.302144 0.0134886
0 0.152179 0.22667 0.0954248 0.30064 0.00762031
0 0.324501 0.241667 0.0883194 0.29337 0.00755135
0 0.127038 0.207753 0.105665 0.311987 0.00542925
0 0.107308 0.125749 0.0790899 0.251498 0.00541474
0 0.0883689 0.165245 0.105146 0.281108 0.00316321
0 0.223364 0.221141 0.0909275 0.29286 0.00296525
0 0.286014 0.134229 0.066047 0.254637 0.00249981
0 0.183985 0.182539 0.0923022 0.307909 0.0023397
0 0.397875 0.247399 0.0861187 0.269318 0.0023222
0 0.306651 0.299659 0.0944993 0.293954 0.00225442
0 0.266544 0.222877 0.092703 0.292844 0.00201606
0 0.31479 0.184766 0.0792482 0.280198 0.00130688
0 0.125819 0.136211 0.0922751 0.272421 0.00109869
