0 0.96966 0.582254 0.0606089 0.22122 0.852569
0 0.27076 0.181871 0.0877579 0.269711 0.0873773
0 0.132341 0.197642 0.0894257 0.296026 0.0559023
0 0.24477 0.179413 0.096412 0.271226 0.0344801
0 0.106764 0.183418 0.105068 0.299006 0.0140901
0 0.601952 0.905707 0.141863 0.188586 0.0135988
0 0.296298 0.227605 0.0948736 0.320573 0.0114357
0 0.226917 0.137333 0.0995198 0.261367 0.0102497
0 0.254727 0.124388 0.0758369 0.248776 0.00532153
0 0.209169 0.162503 0.0943156 0.276581 0.00491198
0 0.314524 0.255372 0.0998115 0.289243 0.00478151
0 0.151759 0.184188 0.0880248 0.304973 0.00245258
0 0.222885 0.209202 0.105741 0.286299 0.00243785
0 0.343616 0.155847 0.0673232 0.246104 0.00213027
0 0.304352 0.16912 0.0924639 0.28179 0.00174684
0 0.326172 0.166992 0.0785552 0.276498 0.00164716
0 0.342416 0.218463 0.0904857 0.320935 0.00140715
0 0.279392 0.121613 0.0685029 0.23919 0.00140201
0 0.307376 0.317799 0.103367 0.283708 0.00134967
0 0.378507 0.25542 0.122691 0.318179 0.00114999
0 0.639758 0.905217 0.161123 0.189566 0.0011165
0 0.288459 0.181105 0.077053 0.227328 0.00106339
0 0.409557 0.245995 0.0782294 0.262879 0.0010364
