0 0.465915 0.794694 0.086346 0.299363 0.875758
0 0.303265 0.271691 0.0819045 0.21459 0.398224
0 0.246952 0.181099 0.0863463 0.251844 0.206347
0 0.300747 0.205686 0.087854 0.293323 0.0544989
0 0.409361 0.245246 0.0657868 0.260427 0.0349448
0 0.286408 0.103597 0.0565248 0.192106 0.0327856
0 0.0802693 0.13942 0.0877386 0.242493 0.0205592
0 0.22348 0.182812 0.104283 0.257524 0.0186881
0 0.380429 0.244709 0.0915154 0.269997 0.0113974
0 0.283563 0.182498 0.0883939 0.258961 0.00703399
0 0.272385 0.120416 0.0603188 0.233844 0.00627357
0 0.360118 0.257057 0.0907163 0.28661 0.00503589
0 0.301922 0.325283 0.0917229 0.305857 0.00405686
0 0.42791 0.242597 0.0755219 0.267808 0.00379415
0 0.256052 0.137204 0.0717471 0.25977 0.0033516
0 0.0917318 0.179699 0.105646 0.279923 0.00325715
0 0.237033 0.141917 0.0825675 0.263964 0.00251163
0 0.263921 0.192127 0.0733359 0.220885 0.00240474
0 0.293579 0.393413 0.066908 0.186085 0.00145575
0 0.373879 0.303129 0.109073 0.300488 0.00142028
0 0.376274 0.192585 0.0754052 0.29585 0.00137559
0 0.325577 0.291228 0.105069 0.276857 0.0010337
0 0.195114 0.122149 0.0730611 0.238607 0.00101526
