0 0.41125 0.906643 0.0848516 0.186713 0.901778
0 0.181015 0.440601 0.0775866 0.259212 0.87403
0 0.512325 0.908888 0.0794483 0.182225 0.866131
0 0.0887211 0.688355 0.0751159 0.295768 0.865375
0 0.202346 0.719289 0.0815655 0.27901 0.847052
0 0.118774 0.185643 0.0995898 0.297301 0.283033
0 0.299932 0.219391 0.0804509 0.293929 0.196206
0 0.149335 0.187665 0.0938783 0.296452 0.133561
0 0.172391 0.188148 0.0866752 0.295358 0.122918
0 0.306155 0.287515 0.0707389 0.26611 0.083305
0 0.251425 0.217215 0.092023 0.290088 0.0624485
0 0.279501 0.200031 0.0932124 0.302276 0.0610069
0 0.313506 0.240836 0.0620206 0.266792 0.0513336
0 0.22425 0.193304 0.112966 0.295323 0.034563
0 0.196239 0.20426 0.113161 0.28393 0.0272373
0 0.25888 0.125275 0.0626997 0.236465 0.0164614
0 0.133481 0.219796 0.0888432 0.280915 0.010984
0 0.368352 0.259681 0.103036 0.277955 0.00688242
0 0.329194 0.303485 0.0862263 0.284382 0.00536339
0 0.419562 0.248434 0.0531725 0.243807 0.00461841
0 0.0880532 0.180343 0.105856 0.299315 0.00448244
0 0.356079 0.305395 0.0846284 0.261762 0.00439281
0 0.344547 0.224325 0.0883411 0.290769 0.00381453
0 0.271483 0.11124 0.0622243 0.204659 0.00381435
0 0.235135 0.272632 0.0925926 0.317071 0.00345214
0 0.289221 0.27765 0.0922632 0.294514 0.003342
0 0.296354 0.330574 0.0831303 0.279175 0.00254625
0 0.105628 0.144728 0.0834054 0.278641 0.00215527
0 0.280364 0.361937 0.0793574 0.239903 0.00194446
0 0.935861 0.0447241 0.0775475 0.0864463 0.00154293
0 0.151034 0.142863 0.0746981 0.280867 0.00141297
0 0.197631 0.141769 0.0914418 0.283538 0.00137134
0 0.234971 0.133 0.0868081 0.264769 0.00130066
0 0.269039 0.197331 0.0727137 0.226395 0.00112931
0 0.393729 0.24523 0.0934029 0.259137 0.00106091
