0 0.230431 0.71837 0.0768135 0.291087 0.864761
0 0.247938 0.55524 0.0941035 0.259807 0.837701
0 0.166291 0.737344 0.0636148 0.260923 0.81374
0 0.934442 0.294922 0.0813284 0.216358 0.756552
0 0.153798 0.581616 0.0807984 0.300202 0.743492
0 0.30807 0.259442 0.0977763 0.303568 0.59871
0 0.120152 0.197928 0.0975796 0.312659 0.384254
0 0.281387 0.195398 0.079249 0.271238 0.0743145
0 0.259839 0.187578 0.080361 0.271594 0.0384019
0 0.348217 0.272405 0.0744725 0.283072 0.0134252
0 0.240505 0.191062 0.0719303 0.258954 0.01209
0 0.370929 0.256996 0.0807384 0.301799 0.00916218
0 0.325578 0.246091 0.0727804 0.274245 0.00892659
0 0.268285 0.133037 0.0721854 0.25275 0.00614248
0 0.412463 0.245642 0.0721103 0.26819 0.00481918
0 0.141975 0.219329 0.113522 0.284185 0.00352301
0 0.10001 0.167462 0.103164 0.300138 0.00342683
0 0.160791 0.646916 0.0834208 0.40821 0.00302029
0 0.396005 0.252837 0.0895309 0.304135 0.00235393
0 0.289948 0.259118 0.0811199 0.264256 0.00195165
0 0.541103 0.984443 0.0625361 0.0311139 0.00169038
0 0.244204 0.629231 0.0939864 0.336494 0.00156428
0 0.360893 0.298755 0.0710376 0.252258 0.00149206
0 0.28147 0.10256 0.0655652 0.188086 0.0012681
0 0.949921 0.312042 0.079542 0.230171 0.00119077
0 0.248116 0.121934 0.0758775 0.243867 0.00100207
