0 0.134882 0.286584 0.077598 0.260024 0.866827
0 0.719662 0.210936 0.104401 0.251419 0.76795
0 0.306897 0.258459 0.0747575 0.229663 0.288754
0 0.417955 0.247641 0.0578994 0.253747 0.0907949
0 0.706363 0.167256 0.082597 0.166535 0.0104533
0 0.678409 0.092789 0.0864708 0.0822078 0.00949635
0 0.689926 0.136684 0.075243 0.123985 0.00673113
0 0.678352 0.11611 0.0883889 0.138054 0.00437006
0 0.709831 0.246795 0.0800509 0.218778 0.00424199
0 0.323276 0.243665 0.0866059 0.256405 0.00319161
0 0.295213 0.204476 0.0876877 0.305297 0.00229457
0 0.694538 0.183985 0.0701245 0.215306 0.00135423
