0 0.204992 0.66486 0.0776554 0.282698 0.850996
0 0.111452 0.501032 0.0733095 0.260742 0.844133
0 0.216166 0.491856 0.0918178 0.241028 0.834431
0 0.140034 0.684342 0.0693432 0.253977 0.828946
0 0.310405 0.238443 0.0817201 0.271231 0.470773
0 0.245753 0.216935 0.0911871 0.281675 0.277855
0 0.266207 0.197107 0.0823629 0.290775 0.0449595
0 0.318252 0.279778 0.0682078 0.227211 0.0130431
0 0.292171 0.211597 0.0841504 0.278851 0.0118817
0 0.436669 0.24456 0.0950523 0.280794 0.0105868
0 0.161167 0.681769 0.0800617 0.271425 0.00813595
0 0.32843 0.244793 0.0683172 0.266583 0.00749118
0 0.218408 0.217035 0.0998844 0.279278 0.00479788
0 0.411167 0.245809 0.0721301 0.268581 0.00267057
0 0.233389 0.165797 0.0885346 0.28759 0.00247607
0 0.277114 0.195409 0.0655993 0.225419 0.00229945
0 0.269342 0.137408 0.0684114 0.253559 0.00203247
0 0.211015 0.553444 0.0984523 0.325569 0.00183521
0 0.154862 0.211601 0.103495 0.270441 0.001563
0 0.120614 0.207155 0.0888727 0.287331 0.00129579
0 0.935252 0.0435975 0.0685528 0.0852225 0.0010588
0 0.199495 0.151018 0.0825384 0.266387 0.00100358
