0 0.691159 0.246264 0.0817946 0.244242 0.906544
0 0.118295 0.63304 0.0957784 0.255168 0.860413
0 0.10382 0.409508 0.0580302 0.224089 0.82178
0 0.155859 0.396974 0.0595265 0.23814 0.798941
0 0.243347 0.195415 0.0909381 0.296859 0.329446
0 0.142331 0.240358 0.0970242 0.262479 0.316637
0 0.268322 0.184772 0.0714587 0.279274 0.0656249
0 0.202335 0.151656 0.0784767 0.280686 0.0371028
0 0.15706 0.459883 0.071964 0.339867 0.0287269
0 0.128439 0.189339 0.090649 0.283374 0.0278501
0 0.288136 0.184673 0.0731429 0.269126 0.0208082
0 0.221569 0.163385 0.0923062 0.294522 0.0201792
0 0.932327 0.0536963 0.0758299 0.106067 0.0105416
0 0.306998 0.272816 0.0817016 0.282597 0.00909992
0 0.124308 0.13542 0.0797978 0.260485 0.00617679
0 0.180841 0.184205 0.0732739 0.280374 0.00613159
0 0.25407 0.150968 0.0850842 0.283961 0.00428888
0 0.210692 0.209035 0.0908502 0.28896 0.00412396
0 0.138135 0.392356 0.0671041 0.227777 0.00408881
0 0.310021 0.189568 0.0826301 0.274771 0.00347356
0 0.417612 0.247954 0.0577745 0.249133 0.0032235
0 0.158874 0.270224 0.10165 0.310501 0.00156903
0 0.125099 0.267321 0.102302 0.308155 0.00156269
0 0.9778 0.0568186 0.0416908 0.111289 0.00146036
0 0.164699 0.211306 0.0891458 0.265653 0.00126943
0 0.278285 0.136694 0.0748651 0.269204 0.0011863
0 0.0994997 0.179547 0.10261 0.291928 0.00104215
0 0.13545 0.461849 0.100192 0.350386 0.0010382
