0 0.799173 0.417299 0.0927567 0.199962 0.902226
0 0.172918 0.361287 0.0884364 0.260505 0.846081
0 0.308163 0.286089 0.0743306 0.227882 0.117813
0 0.273754 0.213775 0.119788 0.292676 0.0822552
0 0.178102 0.123492 0.0759921 0.222809 0.0261265
0 0.3159 0.222411 0.0934066 0.307799 0.020808
0 0.816371 0.908924 0.0756343 0.182152 0.0126691
0 0.293454 0.183453 0.100524 0.276112 0.00797234
0 0.256729 0.154206 0.0918272 0.255519 0.00599422
0 0.326298 0.303597 0.093467 0.257904 0.00554733
0 0.346064 0.246347 0.112926 0.303196 0.00403731
0 0.247953 0.224105 0.0941057 0.266845 0.00367474
0 0.231298 0.125479 0.0936946 0.233651 0.00223742
0 0.267968 0.108018 0.0679823 0.20394 0.00174937
0 0.162564 0.141638 0.0765784 0.229002 0.00153226
0 0.200515 0.119498 0.0816947 0.230311 0.00152752
0 0.822623 0.0137743 0.0852022 0.0275486 0.00148522
0 0.541505 0.981451 0.0703563 0.0370975 0.00147644
0 0.266524 0.196426 0.0841904 0.223339 0.00119737
0 0.0933424 0.162989 0.107587 0.287131 0.00102089
0 0.36764 0.229522 0.0913484 0.274531 0.00100327
