0 0.902269 0.536283 0.0860561 0.220681 0.892333
0 0.974722 0.511714 0.0500654 0.256764 0.875245
0 0.317062 0.255567 0.114352 0.328227 0.572153
0 0.128519 0.196247 0.0975314 0.301565 0.15269
0 0.240031 0.210217 0.0801913 0.264949 0.0595936
0 0.264568 0.131751 0.0624362 0.241209 0.0571528
0 0.417024 0.248535 0.0494496 0.237966 0.0495248
0 0.298038 0.212602 0.0871036 0.279836 0.047878
0 0.107499 0.167466 0.0916999 0.291899 0.0306694
0 0.281858 0.184118 0.0747156 0.271614 0.0153206
0 0.338542 0.287444 0.0906594 0.269786 0.00895468
0 0.194902 0.134482 0.0646857 0.237453 0.00632333
0 0.252882 0.181424 0.0787254 0.263632 0.00447146
0 0.150115 0.211727 0.0944814 0.285193 0.00376453
0 0.239702 0.130494 0.0809208 0.246744 0.00357637
0 0.280826 0.127217 0.0646608 0.243668 0.00350091
0 0.419438 0.19055 0.0663487 0.294153 0.00248001
0 0.318207 0.286146 0.0878349 0.229279 0.00241243
0 0.0852601 0.150123 0.0962496 0.255487 0.0023111
0 0.2177 0.217874 0.099085 0.277192 0.00201016
0 0.351895 0.24654 0.0931408 0.300442 0.0015412
0 0.300622 0.297977 0.0969401 0.281559 0.00149957
