0 0.721989 0.088329 0.0906942 0.170095 0.796301
0 0.280238 0.117768 0.0679181 0.224899 0.02566
0 0.309037 0.28785 0.0952369 0.27295 0.0214787
0 0.121331 0.178399 0.115263 0.317553 0.00988142
0 0.304287 0.226222 0.0938525 0.298928 0.00886438
0 0.268799 0.180923 0.0956078 0.29069 0.00872784
0 0.157324 0.196278 0.132206 0.313334 0.00834372
0 0.260518 0.121877 0.0760717 0.237965 0.00713048
0 0.938814 0.0437897 0.0595469 0.0844435 0.00445569
0 0.36668 0.288322 0.0962312 0.294719 0.00283778
0 0.0339878 0.833016 0.0666865 0.160398 0.00256757
0 0.328873 0.259172 0.116128 0.312528 0.00247041
0 0.24757 0.149718 0.0929695 0.286332 0.00199877
0 0.038311 0.873226 0.0722374 0.231559 0.00171236
0 0.205397 0.151391 0.102583 0.293045 0.00158719
0 0.290902 0.165364 0.0852457 0.300397 0.00124237
0 0.191161 0.195494 0.13077 0.328512 0.00118833
0 0.736053 0.11135 0.107732 0.212076 0.00101674
