0 0.382636 0.83444 0.0861423 0.290038 0.907161
0 0.604109 0.130319 0.0873489 0.226061 0.887161
0 0.100141 0.16822 0.106718 0.309662 0.415109
0 0.258188 0.158469 0.0851336 0.279446 0.312587
0 0.301716 0.22848 0.0786764 0.300599 0.232388
0 0.116342 0.203106 0.103864 0.3003 0.0421471
0 0.418079 0.248864 0.0523938 0.247464 0.0369203
0 0.306352 0.287544 0.0793653 0.264103 0.019115
0 0.277413 0.179546 0.0942356 0.275454 0.0151864
0 0.0742917 0.166598 0.100957 0.293637 0.0151637
0 0.0105905 0.147005 0.0201789 0.245445 0.0056072
0 0.327879 0.25808 0.103009 0.296177 0.00493565
0 0.0946407 0.127398 0.0793214 0.254795 0.00488642
0 0.269403 0.116078 0.0700807 0.225323 0.00407378
0 0.246846 0.20742 0.0876878 0.29016 0.00366821
0 0.140615 0.197642 0.0959923 0.302437 0.00283958
0 0.282235 0.134125 0.0733804 0.267874 0.00258006
0 0.60113 0.903402 0.124226 0.193195 0.00222985
0 0.348241 0.279781 0.107995 0.29929 0.00183585
0 0.0104172 0.226422 0.0192472 0.25475 0.00176858
0 0.058013 0.127653 0.0812117 0.250178 0.00154147
0 0.236523 0.164765 0.085034 0.282726 0.00138665
0 0.114884 0.12734 0.0782238 0.25468 0.00130951
0 0.930595 0.050465 0.0787571 0.0977335 0.00130145
0 0.397672 0.244892 0.0816205 0.258965 0.00121311
0 0.0153803 0.180082 0.029199 0.281242 0.00121256
0 0.376664 0.257508 0.11027 0.289797 0.00113363
0 0.104729 0.164855 0.0847923 0.228583 0.00102216
