0 0.357389 0.915421 0.0602039 0.169158 0.889036
0 0.453297 0.885525 0.0971759 0.22895 0.876135
0 0.287698 0.91073 0.0932514 0.176745 0.846384
0 0.275367 0.165636 0.0702328 0.2663 0.550094
0 0.0940802 0.180894 0.103734 0.303225 0.306715
0 0.322351 0.276929 0.113352 0.310845 0.0472807
0 0.264248 0.137339 0.0663679 0.265398 0.0402176
0 0.259848 0.191118 0.0814682 0.256321 0.033159
0 0.307343 0.228843 0.0801342 0.286097 0.0160785
0 0.0744289 0.149824 0.101785 0.290228 0.0129084
0 0.324963 0.914238 0.10458 0.170664 0.0102064
0 0.301063 0.288313 0.0823461 0.266079 0.0094244
0 0.233849 0.158587 0.0922595 0.274091 0.0081133
0 0.198513 0.156905 0.0856483 0.258844 0.00606595
0 0.359578 0.257391 0.106012 0.329987 0.00575935
0 0.116875 0.206871 0.0917225 0.291588 0.00570779
0 0.291765 0.206691 0.0828099 0.280912 0.00488135
0 0.0915582 0.129855 0.0814233 0.25971 0.00432723
0 0.14591 0.230594 0.0889461 0.301896 0.00273542
0 0.287708 0.119031 0.0657986 0.232878 0.00229184
0 0.807395 0.134666 0.105418 0.262641 0.00206505
0 0.479596 0.881082 0.130461 0.237836 0.00188741
0 0.127542 0.151006 0.0784798 0.29118 0.00181332
0 0.41148 0.243246 0.0638151 0.267894 0.00179903
0 0.181832 0.179109 0.090979 0.269537 0.00164803
0 0.393754 0.196856 0.0665465 0.276564 0.00127468
0 0.369634 0.213415 0.0793309 0.281847 0.00124281
0 0.312613 0.164507 0.0759635 0.275411 0.0012053
