0 0.885991 0.479602 0.091506 0.266462 0.875287
0 0.286361 0.186948 0.0772814 0.240931 0.621583
0 0.316514 0.30262 0.109163 0.282164 0.206302
0 0.353437 0.304992 0.0840723 0.261551 0.144223
0 0.0959189 0.193176 0.118111 0.294427 0.131895
0 0.263492 0.178705 0.0838301 0.260735 0.0441336
0 0.225728 0.152886 0.100465 0.284041 0.0328128
0 0.095155 0.138962 0.0998585 0.275091 0.0298056
0 0.200066 0.142047 0.0803213 0.270585 0.0203914
0 0.252766 0.141583 0.0807986 0.270111 0.0173734
0 0.115117 0.163818 0.10687 0.287865 0.00767756
0 0.365432 0.266984 0.0924222 0.307687 0.00634455
0 0.267328 0.122898 0.0694234 0.240923 0.00529239
0 0.0749251 0.163791 0.113683 0.291751 0.00410273
0 0.129239 0.125014 0.0843651 0.250028 0.00321025
0 0.243277 0.188977 0.0883412 0.266817 0.00286665
0 0.307681 0.210585 0.0929462 0.276273 0.00171736
0 0.551812 0.934001 0.0632352 0.130597 0.00163909
0 0.419617 0.248856 0.0583479 0.260363 0.0015887
0 0.179858 0.179082 0.0975438 0.281552 0.00155217
