0 0.634291 0.198858 0.0786736 0.222314 0.90072
0 0.883944 0.397886 0.0921066 0.212337 0.881049
0 0.279252 0.179021 0.0851213 0.254972 0.441354
0 0.417385 0.248567 0.0559284 0.2459 0.367274
0 0.0971932 0.179635 0.12289 0.30455 0.0755222
0 0.165927 0.212682 0.104826 0.310377 0.0517773
0 0.260824 0.164957 0.0850747 0.270698 0.0319601
0 0.305921 0.291084 0.0856804 0.285008 0.0290846
0 0.294828 0.223992 0.0948863 0.296945 0.0239158
0 0.38287 0.226954 0.112226 0.287752 0.0185642
0 0.131218 0.196978 0.106517 0.311394 0.0118038
0 0.258522 0.124148 0.0684724 0.246324 0.00923795
0 0.119082 0.139213 0.0922867 0.273439 0.00825035
0 0.233267 0.154391 0.088711 0.281186 0.00644808
0 0.347039 0.304558 0.0865433 0.277752 0.0062276
0 0.196795 0.129305 0.0728856 0.248375 0.00613397
0 0.35571 0.247713 0.0926086 0.298913 0.00525838
0 0.403952 0.208271 0.0789584 0.305567 0.00491323
0 0.369955 0.305817 0.10688 0.286529 0.0035261
0 0.183194 0.155933 0.0810385 0.279358 0.00339429
0 0.191473 0.19406 0.112869 0.319893 0.00265451
0 0.276458 0.119873 0.0662018 0.239206 0.00224089
0 0.310318 0.19012 0.0912615 0.287756 0.00216498
0 0.399196 0.266091 0.092238 0.249748 0.00203035
0 0.321749 0.249641 0.0915032 0.314214 0.00171918
0 0.534879 0.979288 0.0851387 0.0414245 0.0011001
0 0.245546 0.191509 0.0861386 0.272356 0.0010088
0 0.0966045 0.12995 0.093806 0.259901 0.00100009
