0 0.766637 0.369128 0.0825239 0.20966 0.893435
0 0.29166 0.914974 0.101894 0.169278 0.848641
0 0.275459 0.161735 0.0789223 0.301015 0.183455
0 0.293675 0.192048 0.094402 0.321347 0.144696
0 0.319226 0.220415 0.115754 0.323208 0.0983957
0 0.306205 0.271636 0.0876686 0.250857 0.0482477
0 0.262401 0.12341 0.0701064 0.241717 0.0110554
0 0.340998 0.254675 0.126342 0.304327 0.00593152
0 0.250094 0.212669 0.0941452 0.307296 0.00528466
0 0.288447 0.118935 0.0706011 0.231967 0.00490697
0 0.230257 0.197549 0.0920111 0.307074 0.00375485
0 0.270642 0.0911497 0.0615433 0.181722 0.00134687
