0 0.73531 0.302854 0.0874357 0.221431 0.910472
0 0.428533 0.949429 0.0980793 0.0998192 0.862623
0 0.303952 0.227151 0.0945427 0.311476 0.659433
0 0.245311 0.215028 0.0784025 0.297479 0.270264
0 0.412234 0.256655 0.0547202 0.232667 0.262733
0 0.27111 0.198684 0.101154 0.316483 0.0552359
0 0.268157 0.140283 0.0685939 0.250627 0.0354329
0 0.254205 0.163258 0.0871531 0.287921 0.0124919
0 0.392854 0.251245 0.0873605 0.257135 0.0118654
0 0.291602 0.152788 0.0895995 0.271587 0.00524003
0 0.418757 0.237964 0.083405 0.262065 0.0050447
0 0.341101 0.247132 0.117876 0.29649 0.00359766
0 0.15608 0.198493 0.098846 0.287872 0.00283357
0 0.315514 0.284954 0.0999592 0.266062 0.00278523
0 0.117703 0.18166 0.101755 0.305362 0.00195101
0 0.31559 0.153889 0.0869363 0.265109 0.00130196
0 0.22393 0.197721 0.101826 0.296291 0.00124751
0 0.325571 0.19927 0.0999415 0.309312 0.00116588
0 0.369284 0.23015 0.0919183 0.278997 0.00112685
