0 0.112186 0.653846 0.0867958 0.282453 0.8873
0 0.229885 0.626473 0.103992 0.287842 0.865496
0 0.12054 0.188402 0.0852405 0.299946 0.659671
0 0.250569 0.161932 0.0957511 0.273728 0.650467
0 0.318725 0.284143 0.0969352 0.296506 0.424572
0 0.415533 0.246074 0.0631858 0.264448 0.258822
0 0.344141 0.28078 0.0908347 0.303739 0.178903
0 0.266126 0.137858 0.0801043 0.267933 0.060016
0 0.206606 0.150659 0.0871852 0.281073 0.0243136
0 0.229768 0.142705 0.103234 0.277118 0.0215341
0 0.366123 0.257763 0.0939314 0.309474 0.0171296
0 0.621499 0.910244 0.0849022 0.178788 0.0122535
0 0.279868 0.119349 0.0649057 0.232526 0.0110591
0 0.308076 0.229603 0.0812687 0.329874 0.00641357
0 0.101188 0.168063 0.0955328 0.298939 0.00477576
0 0.353879 0.329996 0.0840971 0.267653 0.0027243
0 0.154426 0.209364 0.108045 0.283487 0.00238605
0 0.396872 0.230484 0.081428 0.305402 0.00227753
0 0.237332 0.199234 0.10419 0.273568 0.00214824
0 0.29686 0.283611 0.0879846 0.28277 0.00179887
0 0.180822 0.193693 0.0785803 0.288082 0.00165976
0 0.424619 0.206396 0.0890524 0.300298 0.00155577
0 0.330067 0.300519 0.0779964 0.228509 0.00135479
0 0.276183 0.179232 0.0907712 0.273074 0.00134987
0 0.289712 0.0946755 0.061617 0.185473 0.00122433
