0 0.610262 0.116128 0.0840941 0.215847 0.885099
0 0.974369 0.626116 0.0497515 0.241982 0.841363
0 0.30641 0.244018 0.0905781 0.272757 0.185817
0 0.122554 0.21057 0.104697 0.312848 0.06503
0 0.416962 0.247806 0.0534619 0.255703 0.0485887
0 0.15423 0.225118 0.118191 0.30024 0.0340678
0 0.18721 0.223602 0.147908 0.309966 0.0150431
0 0.37744 0.280659 0.11216 0.299738 0.0111725
0 0.272305 0.117982 0.0622428 0.223767 0.0108625
0 0.396149 0.24556 0.0861708 0.271995 0.0075149
0 0.260344 0.15116 0.0705552 0.254945 0.00659127
0 0.232252 0.221859 0.0936449 0.289782 0.0063315
0 0.202763 0.144086 0.0873392 0.255433 0.00594105
0 0.27441 0.192 0.08172 0.301487 0.0056097
0 0.25118 0.192989 0.0863789 0.289648 0.0055309
0 0.347525 0.15193 0.0687396 0.229186 0.00378457
0 0.344831 0.303401 0.09033 0.279424 0.00376279
0 0.407619 0.198212 0.0668529 0.288667 0.0030798
0 0.349942 0.254475 0.114892 0.305015 0.0029958
0 0.319712 0.300178 0.0990813 0.290052 0.00279011
0 0.286182 0.101903 0.055472 0.186511 0.0026569
0 0.983899 0.620373 0.0300714 0.242175 0.00203151
0 0.220708 0.182066 0.077582 0.263223 0.00152218
