0 0.980835 0.552199 0.0370573 0.221074 0.694072
0 0.528715 0.0833477 0.0782736 0.165639 0.637952
0 0.276698 0.188984 0.0752547 0.267805 0.421757
0 0.118145 0.206507 0.0933522 0.302155 0.320222
0 0.303814 0.292044 0.0824437 0.275661 0.0701376
0 0.416563 0.248543 0.0565155 0.267138 0.0566476
0 0.355487 0.282909 0.102466 0.301849 0.039993
0 0.260967 0.169107 0.0811336 0.278632 0.027596
0 0.332002 0.301585 0.103283 0.276138 0.0168309
0 0.305588 0.226796 0.0883097 0.287557 0.0136748
0 0.396495 0.27314 0.0863415 0.30011 0.0108855
0 0.199578 0.134375 0.0758765 0.251953 0.0107736
0 0.280808 0.114607 0.0619166 0.217579 0.00933497
0 0.224863 0.154153 0.0863653 0.264342 0.00926558
0 0.373004 0.234376 0.104028 0.308058 0.00749516
0 0.141188 0.224112 0.107489 0.296256 0.0074364
0 0.109461 0.155035 0.0842282 0.26855 0.00720695
0 0.0956328 0.194313 0.0943096 0.310084 0.00358476
0 0.2466 0.123107 0.0782686 0.24149 0.00275981
0 0.244161 0.190854 0.0875101 0.274208 0.0027091
0 0.32991 0.227573 0.0851205 0.287391 0.00241108
0 0.208727 0.177219 0.0890666 0.26599 0.00215586
0 0.511266 0.0912065 0.0721243 0.172279 0.00210079
0 0.603858 0.908257 0.12022 0.183485 0.0014124
0 0.37513 0.30281 0.100022 0.254755 0.00129485
0 0.133235 0.162907 0.0939096 0.271163 0.00121242
0 0.299043 0.10178 0.0642271 0.192509 0.00116679
0 0.535663 0.058614 0.0755763 0.115808 0.00114087
0 0.287208 0.242816 0.0801579 0.26657 0.00107788
0 0.346721 0.303218 0.0770227 0.228531 0.00104987
0 0.965486 0.553398 0.0592724 0.231666 0.00104062
