0 0.943854 0.572363 0.0878336 0.227434 0.907814
0 0.281852 0.182356 0.0905919 0.290013 0.165573
0 0.412494 0.244685 0.0635301 0.25118 0.045974
0 0.308449 0.187661 0.102603 0.298334 0.0272831
0 0.301601 0.251807 0.102385 0.287437 0.0218603
0 0.271157 0.136617 0.0813987 0.261157 0.0155144
0 0.105691 0.165087 0.108587 0.303791 0.0147183
0 0.256608 0.192593 0.0953899 0.280507 0.0126361
0 0.204146 0.164191 0.0955338 0.277557 0.00969571
0 0.18254 0.153 0.0935701 0.272006 0.00554285
0 0.232945 0.189791 0.0942438 0.29551 0.00490762
0 0.128444 0.1803 0.105387 0.316525 0.0049015
0 0.31593 0.299577 0.110334 0.273599 0.00423378
0 0.08589 0.136325 0.0947144 0.269621 0.00316018
0 0.168678 0.195922 0.10959 0.295891 0.00312768
0 0.347849 0.218489 0.104459 0.310066 0.00282902
0 0.541494 0.984613 0.0601741 0.0307748 0.00264039
0 0.299135 0.273124 0.0825879 0.209746 0.00262864
0 0.394449 0.228769 0.0801562 0.283801 0.00218558
0 0.150506 0.156661 0.101633 0.286668 0.0019067
0 0.370798 0.213378 0.0791642 0.278265 0.00148732
0 0.287643 0.120551 0.0743562 0.229804 0.00108694
0 0.370159 0.283056 0.107158 0.296914 0.00104782
0 0.197542 0.210531 0.119151 0.298381 0.00104663
