0 0.782628 0.40751 0.0921768 0.191192 0.889081
0 0.955767 0.401841 0.0857811 0.258494 0.874077
0 0.300646 0.22355 0.101292 0.320998 0.333123
0 0.120862 0.196362 0.0881602 0.294109 0.314426
0 0.4161 0.247487 0.0552747 0.260372 0.140399
0 0.255879 0.196571 0.0918694 0.285542 0.103621
0 0.258085 0.136543 0.0736744 0.252429 0.0556095
0 0.279341 0.198357 0.0839943 0.292589 0.0513049
0 0.315695 0.269136 0.086022 0.282095 0.0312022
0 0.334588 0.248264 0.0898213 0.310856 0.0177895
0 0.195388 0.141059 0.0617508 0.235678 0.0137831
0 0.399774 0.257431 0.0771564 0.2644 0.0130789
0 0.111031 0.152632 0.0705464 0.281151 0.0117866
0 0.430583 0.231646 0.0849246 0.272595 0.00716553
0 0.238359 0.154573 0.0851308 0.265147 0.00701815
0 0.140695 0.222043 0.107296 0.301235 0.00664306
0 0.27741 0.121677 0.067547 0.242137 0.00635862
0 0.379683 0.255017 0.110826 0.296652 0.0054626
0 0.268156 0.183609 0.0752367 0.226388 0.00356429
0 0.202844 0.184375 0.086627 0.286766 0.0021213
0 0.235356 0.233989 0.0926771 0.291734 0.0020299
0 0.128302 0.122673 0.0816622 0.245346 0.00165391
0 0.316365 0.185325 0.0817437 0.29189 0.00154821
0 0.0945256 0.188178 0.0923713 0.301124 0.00146833
0 0.936783 0.0555386 0.0709572 0.107988 0.0013605
