0 0.314631 0.684166 0.0962097 0.285738 0.879814
0 0.757154 0.0622713 0.0607771 0.122192 0.800533
0 0.130074 0.207912 0.095721 0.302507 0.281051
0 0.275307 0.185509 0.0748533 0.282371 0.138354
0 0.308079 0.24144 0.0861926 0.277612 0.106919
0 0.242137 0.218598 0.0943255 0.282774 0.0827449
0 0.269448 0.124536 0.0655054 0.238124 0.0248658
0 0.259478 0.160754 0.0882705 0.287615 0.0227107
0 0.417792 0.244598 0.0573956 0.256664 0.0225708
0 0.326449 0.229199 0.0743472 0.286402 0.014733
0 0.292465 0.210226 0.086726 0.301804 0.014486
0 0.196766 0.147757 0.0658118 0.2564 0.0131187
0 0.218395 0.221552 0.0922553 0.280383 0.0128179
0 0.226576 0.161698 0.0934339 0.275435 0.0108889
0 0.348653 0.224043 0.107482 0.297919 0.0085013
0 0.149061 0.237373 0.106829 0.265819 0.00454885
0 0.114529 0.173923 0.0847023 0.308092 0.00447003
0 0.369062 0.2156 0.0808326 0.269992 0.0034556
0 0.165671 0.196492 0.10377 0.310372 0.00286981
0 0.318929 0.170143 0.0808952 0.297443 0.0027411
0 0.207344 0.180648 0.0788663 0.266033 0.00221892
0 0.286478 0.129407 0.0848474 0.258813 0.00188036
0 0.267935 0.238027 0.0863619 0.292231 0.00161006
0 0.40396 0.229371 0.0747219 0.270466 0.00129034
