0 0.329112 0.762286 0.086173 0.267545 0.869329
0 0.963806 0.563691 0.0700518 0.25383 0.865246
0 0.30643 0.272418 0.0831936 0.260174 0.30906
0 0.281271 0.22166 0.115451 0.335707 0.058712
0 0.258038 0.136008 0.0906794 0.26173 0.0356646
0 0.326831 0.256962 0.0994503 0.29709 0.0128007
0 0.255656 0.191966 0.105436 0.318016 0.0126888
0 0.27918 0.118557 0.0721093 0.230041 0.0100924
0 0.233593 0.138297 0.0958324 0.265986 0.00837213
0 0.291344 0.0974005 0.0692274 0.188743 0.00716323
0 0.992809 0.378864 0.0134665 0.161941 0.00501203
0 0.291925 0.162772 0.0928552 0.296291 0.00335795
0 0.973532 0.527339 0.0519316 0.189167 0.00234293
0 0.993571 0.347044 0.0119911 0.0828742 0.00202471
0 0.310919 0.197307 0.0859383 0.336338 0.00201612
0 0.354326 0.257148 0.105525 0.305484 0.00191351
0 0.209096 0.149462 0.0994173 0.280167 0.00166801
0 0.311873 0.0915064 0.0695279 0.177653 0.00152604
0 0.991712 0.339227 0.0151766 0.128499 0.00141204
0 0.988317 0.352545 0.0227556 0.173764 0.00108053
0 0.989937 0.306322 0.0187214 0.171262 0.00105267
