0 0.192365 0.719481 0.0893027 0.308366 0.893636
0 0.106012 0.743753 0.0893334 0.256085 0.88035
0 0.633753 0.165116 0.078318 0.192568 0.780573
0 0.118226 0.195926 0.0916107 0.295665 0.484999
0 0.304776 0.226396 0.0940632 0.301146 0.178041
0 0.0137374 0.538879 0.0252164 0.251191 0.0557198
0 0.140804 0.209493 0.0925561 0.290315 0.0392086
0 0.269734 0.123314 0.0614251 0.240834 0.0302702
0 0.251681 0.19756 0.0945494 0.286878 0.0286722
0 0.286255 0.197827 0.096168 0.307139 0.0279307
0 0.255427 0.151442 0.0767726 0.271302 0.0128083
0 0.114804 0.137497 0.0778916 0.267099 0.010322
0 0.283249 0.101148 0.0559764 0.193925 0.00799857
0 0.235576 0.224083 0.0906068 0.284879 0.00563117
0 0.345571 0.221237 0.104956 0.307665 0.00322635
0 0.326409 0.253785 0.0972215 0.291295 0.00285229
0 0.409927 0.244898 0.069573 0.26239 0.00276249
0 0.373085 0.224389 0.103209 0.304131 0.00235862
0 0.298089 0.286408 0.0940764 0.289035 0.00219842
0 0.237078 0.130313 0.0856459 0.24894 0.00203439
0 0.0959379 0.188358 0.0999124 0.307469 0.00193491
0 0.16302 0.221472 0.102021 0.261861 0.00189031
0 0.0157165 0.434536 0.0300476 0.281917 0.00172539
0 0.360189 0.282965 0.108443 0.318159 0.00170266
0 0.354888 0.152036 0.0680624 0.243564 0.00143056
0 0.323243 0.168187 0.0842834 0.286424 0.00134264
0 0.345318 0.102545 0.0540903 0.168063 0.00113907
0 0.0124875 0.494608 0.0221979 0.174136 0.0010436
