0 0.325297 0.756793 0.0918098 0.314827 0.890169
0 0.170596 0.419521 0.0839141 0.262616 0.872355
0 0.0922257 0.446659 0.0702243 0.252087 0.806782
0 0.120985 0.192636 0.0781083 0.268524 0.434759
0 0.266785 0.13826 0.0621066 0.238539 0.278161
0 0.306763 0.240989 0.0812145 0.287534 0.166968
0 0.198471 0.159365 0.0787326 0.284631 0.0659523
0 0.260799 0.178053 0.0780449 0.269847 0.0121127
0 0.319955 0.283547 0.0773868 0.282723 0.0120946
0 0.21662 0.179369 0.0935821 0.285279 0.0108747
0 0.181468 0.19309 0.0844487 0.268516 0.00949518
0 0.833786 0.0144669 0.0817991 0.028741 0.00893473
0 0.293928 0.205768 0.0867085 0.308108 0.00852219
0 0.100711 0.180117 0.094523 0.291896 0.0071632
0 0.337332 0.254026 0.0883851 0.309833 0.00403977
0 0.155172 0.196217 0.0835416 0.26084 0.00402055
0 0.804126 0.0142747 0.0768959 0.0285495 0.0033464
0 0.279218 0.194612 0.0713351 0.262717 0.00287848
0 0.136107 0.196342 0.07498 0.229495 0.00287277
0 0.243623 0.165105 0.0785044 0.275376 0.00215865
0 0.819256 0.0182133 0.0889185 0.0364265 0.00195202
0 0.281485 0.103153 0.0584354 0.201635 0.00152132
0 0.232368 0.208322 0.0895587 0.28136 0.00147499
0 0.535266 0.980693 0.0781997 0.0386142 0.00121039
0 0.252807 0.242878 0.0799948 0.307809 0.00109791
