0 0.405093 0.789177 0.0927162 0.290714 0.859345
0 0.278455 0.210964 0.1184 0.32106 0.45479
0 0.676034 0.957217 0.0810918 0.0855663 0.211878
0 0.0931879 0.163722 0.116505 0.310317 0.0803157
0 0.304896 0.226132 0.0951057 0.314981 0.076658
0 0.0701193 0.136766 0.0887522 0.265678 0.0456347
0 0.258082 0.185215 0.10526 0.300762 0.0322553
0 0.241478 0.215423 0.0936102 0.298325 0.0112662
0 0.329886 0.25385 0.111389 0.310926 0.0110621
0 0.280236 0.153594 0.0877579 0.275911 0.0099326
0 0.117265 0.180965 0.0994821 0.301254 0.00806176
0 0.133455 0.208336 0.0896426 0.278059 0.00358184
0 0.352822 0.27175 0.103211 0.318755 0.00320103
0 0.197817 0.147395 0.0868006 0.273601 0.0029676
0 0.226157 0.158761 0.094055 0.285741 0.00227735
0 0.259536 0.133387 0.0764258 0.251338 0.00173943
0 0.308191 0.31793 0.107081 0.277862 0.00171911
0 0.274651 0.102126 0.0633873 0.192841 0.00142997
0 0.689934 0.966095 0.0896167 0.0678092 0.00133723
0 0.326377 0.199827 0.0914047 0.315267 0.00132137
0 0.303171 0.153226 0.0880605 0.272772 0.00124146
0 0.675009 0.927886 0.103189 0.144228 0.00108809
0 0.677409 0.958012 0.0477827 0.0839751 0.00104227
0 0.118121 0.124038 0.0838685 0.248077 0.00100731
