0 0.439599 0.9156 0.0923249 0.168621 0.875157
0 0.215164 0.711123 0.0864991 0.298754 0.863223
0 0.314248 0.698153 0.0950928 0.278268 0.825806
0 0.269112 0.165659 0.0798783 0.277664 0.412667
0 0.117571 0.197849 0.0951006 0.302423 0.293619
0 0.101101 0.140114 0.0839453 0.26288 0.259158
0 0.322132 0.247929 0.0829712 0.303245 0.173127
0 0.419033 0.257601 0.0551294 0.246607 0.129652
0 0.338587 0.277899 0.0892599 0.291573 0.0519506
0 0.310506 0.283833 0.07871 0.264432 0.0314907
0 0.286931 0.180061 0.0893341 0.28204 0.0230747
0 0.267243 0.126563 0.0586731 0.23126 0.0217367
0 0.0936204 0.19251 0.108202 0.321222 0.0213747
0 0.241168 0.186332 0.0846296 0.283147 0.0150007
0 0.522907 0.943805 0.0731965 0.111974 0.0134075
0 0.367019 0.255824 0.112532 0.291868 0.00791625
0 0.29778 0.226364 0.0927676 0.307553 0.00623787
0 0.248858 0.136785 0.0803548 0.2553 0.00541814
0 0.428181 0.239114 0.0846804 0.268751 0.00539433
0 0.139714 0.209546 0.0932028 0.291786 0.00504071
0 0.199367 0.132763 0.0704211 0.247813 0.00406358
0 0.398145 0.257619 0.085259 0.264306 0.00229388
0 0.282806 0.135143 0.0711555 0.262646 0.00219461
0 0.359544 0.299967 0.088191 0.266395 0.00198677
0 0.0741233 0.13559 0.0814061 0.254019 0.00173759
0 0.208432 0.189691 0.0851612 0.293265 0.00171423
0 0.166745 0.2192 0.0934308 0.28912 0.00140474
0 0.341036 0.201378 0.0834194 0.319206 0.00108663
