0 0.290021 0.630293 0.0783054 0.285101 0.854578
0 0.229535 0.645447 0.0665945 0.267709 0.808615
0 0.246146 0.185744 0.0883455 0.265058 0.0641402
0 0.303362 0.288514 0.0823432 0.257676 0.0421529
0 0.11741 0.199394 0.100469 0.299717 0.0192523
0 0.293233 0.196252 0.0920788 0.282229 0.0159096
0 0.224476 0.182294 0.0915966 0.26223 0.0146958
0 0.2686 0.183501 0.0820345 0.260287 0.0119423
0 0.252009 0.137011 0.0712592 0.246205 0.00553767
0 0.314419 0.215751 0.0928038 0.295116 0.00515408
0 0.417019 0.247347 0.0560198 0.250731 0.00335377
0 0.206459 0.156432 0.0893892 0.261554 0.00247434
0 0.0963945 0.16566 0.0975182 0.293515 0.00233993
0 0.26535 0.120653 0.0604754 0.226025 0.00182301
0 0.349844 0.222474 0.101173 0.28469 0.00166701
0 0.140052 0.210397 0.0948578 0.280873 0.00120556
