0 0.790216 0.183046 0.0830606 0.206733 0.905105
0 0.72993 0.326689 0.0902594 0.253222 0.872072
0 0.967577 0.356224 0.0630344 0.230253 0.820404
0 0.943773 0.324425 0.051404 0.207059 0.810612
0 0.300008 0.214662 0.101548 0.327522 0.205868
0 0.268534 0.124216 0.0747524 0.239817 0.0206822
0 0.282987 0.184229 0.0910027 0.284079 0.0147787
0 0.260525 0.196189 0.0987813 0.317267 0.0142869
0 0.314784 0.169714 0.0936388 0.30693 0.00986804
0 0.344188 0.22236 0.124478 0.325261 0.00941131
0 0.315581 0.253535 0.105216 0.301319 0.00787587
0 0.620399 0.0932924 0.105692 0.180899 0.00704784
0 0.406109 0.244077 0.0875326 0.249773 0.00633182
0 0.374519 0.229565 0.119153 0.298347 0.00562531
0 0.292557 0.130811 0.0839329 0.250442 0.00465968
0 0.248065 0.122527 0.0751177 0.242979 0.00320939
0 0.336415 0.0927452 0.0593789 0.173075 0.00257982
0 0.239432 0.218647 0.0970587 0.301502 0.00248969
0 0.0276616 0.867339 0.0551708 0.200543 0.00218636
0 0.740215 0.382351 0.110313 0.221686 0.00177586
0 0.34141 0.179226 0.0868023 0.30053 0.00167719
0 0.958918 0.332076 0.0683605 0.166201 0.00142738
0 0.194678 0.136932 0.0730334 0.250073 0.00139406
0 0.419017 0.265152 0.0577412 0.202364 0.0013275
0 0.977987 0.374692 0.0427765 0.243174 0.00117183
0 0.297857 0.285627 0.102139 0.278661 0.00108333
