0 0.0628059 0.582071 0.0983747 0.284118 0.780786
0 0.243093 0.216246 0.0914985 0.285735 0.312953
0 0.267716 0.153192 0.069417 0.256455 0.126081
0 0.307791 0.220084 0.0841568 0.284092 0.105934
0 0.41816 0.25012 0.0548742 0.244707 0.0590459
0 0.278533 0.190939 0.0622431 0.248614 0.0163133
0 0.355599 0.152802 0.0690823 0.237061 0.0115357
0 0.249853 0.150002 0.0761661 0.25897 0.00856575
0 0.355995 0.306476 0.0857759 0.260607 0.00541593
0 0.336925 0.219754 0.090232 0.289706 0.00440048
0 0.224588 0.199226 0.089422 0.27404 0.00433261
0 0.301661 0.272462 0.0739663 0.233807 0.00419872
0 0.280832 0.132409 0.0616011 0.250372 0.00419487
0 0.285072 0.159974 0.0847064 0.272999 0.00392388
0 0.289812 0.240677 0.0867532 0.276928 0.0028689
0 0.338061 0.161204 0.071818 0.27542 0.00172955
0 0.316915 0.299333 0.0941312 0.257795 0.00150595
0 0.373772 0.252916 0.105203 0.283524 0.00140447
0 0.396897 0.244853 0.0835499 0.262628 0.0013763
0 0.347352 0.0973329 0.0567111 0.158086 0.00110744
