0 0.88499 0.308106 0.0950607 0.226141 0.898337
0 0.782772 0.393711 0.0857836 0.232007 0.889329
0 0.293805 0.216823 0.101804 0.294861 0.22907
0 0.117597 0.197085 0.101743 0.299654 0.0962799
0 0.305324 0.285253 0.084119 0.238739 0.0834055
0 0.557126 0.0458258 0.0876805 0.0902628 0.0325184
0 0.142061 0.21124 0.0988071 0.290581 0.022721
0 0.419727 0.24748 0.0603668 0.259487 0.0128404
0 0.268082 0.215243 0.110993 0.286675 0.00610889
0 0.5748 0.0416828 0.0777514 0.0826333 0.00314849
0 0.54617 0.0636058 0.092026 0.127212 0.00311477
0 0.0982619 0.166474 0.10594 0.323165 0.0030773
0 0.325563 0.302214 0.102308 0.262276 0.00279717
0 0.168205 0.197505 0.098133 0.298718 0.00278418
0 0.280306 0.173744 0.0909449 0.279085 0.00206105
0 0.196211 0.152123 0.0920437 0.277407 0.00163212
0 0.225592 0.19356 0.0903826 0.279223 0.00121746
0 0.193907 0.213457 0.105457 0.273663 0.00119147
0 0.520142 0.963645 0.100532 0.0709738 0.00115904
0 0.368858 0.281219 0.101237 0.278333 0.00112636
0 0.349932 0.253035 0.106292 0.28503 0.00106205
