0 0.563195 0.0832727 0.0834695 0.161955 0.862156
0 0.282444 0.182892 0.078969 0.25443 0.0841621
0 0.268936 0.137775 0.0805879 0.272426 0.0455241
0 0.567316 0.0490678 0.076461 0.0944915 0.0352834
0 0.205173 0.151917 0.0921606 0.266912 0.0351132
0 0.127232 0.133717 0.0872854 0.258904 0.0333308
0 0.340349 0.210854 0.0689516 0.268255 0.0135522
0 0.257999 0.176637 0.0833478 0.263958 0.0124335
0 0.304159 0.294826 0.097302 0.257872 0.0119519
0 0.248786 0.135726 0.0743586 0.267014 0.00351687
0 0.321285 0.195149 0.0923549 0.280296 0.00284531
0 0.300918 0.166475 0.0976238 0.282147 0.00269349
0 0.231868 0.149069 0.0761134 0.269318 0.00210925
0 0.614909 0.908071 0.0988082 0.183857 0.00145341
0 0.935727 0.0442385 0.0643471 0.0855966 0.00140794
0 0.545119 0.0833951 0.0611 0.159723 0.00103052
