0 0.581739 0.0981703 0.0728622 0.186852 0.894761
0 0.306551 0.291358 0.0927158 0.262968 0.343477
0 0.271574 0.186185 0.0937779 0.279546 0.174695
0 0.251811 0.170031 0.087054 0.27778 0.117756
0 0.107149 0.148318 0.0886408 0.278759 0.106873
0 0.2937 0.192644 0.0961778 0.289074 0.0926802
0 0.417199 0.249866 0.0573383 0.251605 0.0194948
0 0.270099 0.126315 0.069828 0.246052 0.0155128
0 0.1171 0.204669 0.0918575 0.285072 0.0132059
0 0.932597 0.0511453 0.0671661 0.0995901 0.0120922
0 0.33356 0.304063 0.125413 0.277286 0.00893597
0 0.203877 0.149935 0.0906478 0.277258 0.00857623
0 0.0861576 0.136331 0.0948849 0.271567 0.0085686
0 0.312824 0.212068 0.0962414 0.28741 0.0074458
0 0.228798 0.137001 0.0913236 0.265342 0.00594709
0 0.280161 0.103085 0.0621306 0.196877 0.00519941
0 0.236172 0.205132 0.0879507 0.265272 0.00210516
0 0.397584 0.245526 0.0862921 0.263897 0.00208787
0 0.061283 0.146798 0.0966421 0.273194 0.00189896
0 0.130788 0.152666 0.0871662 0.277233 0.00171175
0 0.535439 0.980803 0.0810494 0.0383933 0.00156798
0 0.546328 0.984209 0.0595805 0.0315614 0.00131222
0 0.342263 0.214534 0.10838 0.293735 0.00123385
0 0.248046 0.123258 0.0724981 0.223382 0.00106386
