0 0.807374 0.312995 0.0913719 0.246515 0.905187
0 0.277032 0.183888 0.0887142 0.296776 0.144357
0 0.29672 0.222242 0.0964812 0.313647 0.127518
0 0.407783 0.245557 0.0768999 0.248412 0.081348
0 0.259455 0.163999 0.0897312 0.285519 0.0441795
0 0.387501 0.24904 0.11663 0.275091 0.0171143
0 0.313318 0.254576 0.0960473 0.293751 0.0124038
0 0.245214 0.194465 0.0828651 0.285096 0.00958858
0 0.29835 0.286477 0.0879468 0.287559 0.00814687
0 0.35132 0.249363 0.140572 0.307919 0.00619545
0 0.418495 0.263835 0.0527565 0.216463 0.00581333
0 0.258671 0.124019 0.0720287 0.224332 0.00425341
0 0.327117 0.30313 0.110057 0.27857 0.00419019
0 0.275808 0.120702 0.0738528 0.240498 0.00266619
0 0.289669 0.182259 0.0775306 0.227659 0.0025651
0 0.219151 0.163911 0.100937 0.294119 0.0023808
0 0.538505 0.978151 0.0752392 0.0436974 0.00197376
0 0.237373 0.132709 0.0836285 0.260298 0.00174488
0 0.155762 0.210549 0.109921 0.293099 0.00149056
0 0.430909 0.245079 0.0741763 0.2483 0.00143237
0 0.261673 0.237479 0.0970032 0.320814 0.00125943
