0 0.225926 0.821808 0.0940595 0.300423 0.89385
0 0.149672 0.834059 0.0659892 0.291567 0.883444
0 0.574303 0.0873868 0.0828316 0.173627 0.524648
0 0.120414 0.195669 0.0875903 0.299243 0.42516
0 0.291312 0.195086 0.0854547 0.279406 0.244298
0 0.274932 0.180853 0.0728863 0.257197 0.0864578
0 0.233894 0.212522 0.0951982 0.285801 0.0503034
0 0.304114 0.238869 0.0830981 0.290574 0.0501192
0 0.416348 0.249802 0.055124 0.25201 0.02928
0 0.256951 0.188737 0.0908177 0.2847 0.0210799
0 0.311829 0.290609 0.0775019 0.279885 0.0129943
0 0.365766 0.307594 0.106364 0.257834 0.0116358
0 0.377718 0.248431 0.114962 0.296846 0.00759463
0 0.263569 0.13512 0.0623929 0.251062 0.00725083
0 0.619592 0.909436 0.0880466 0.181129 0.00660447
0 0.0999031 0.168349 0.0973627 0.315377 0.00454624
0 0.198718 0.14042 0.0767865 0.249711 0.00441142
0 0.351212 0.243975 0.0904999 0.302329 0.00436832
0 0.286723 0.130642 0.0668276 0.250089 0.00433916
0 0.209802 0.213185 0.0960578 0.286209 0.00355721
0 0.332237 0.302981 0.0933877 0.279407 0.00255047
0 0.331293 0.24032 0.0741423 0.280836 0.00211034
0 0.22711 0.156152 0.097654 0.280846 0.00161308
0 0.0324621 0.82704 0.0642234 0.248749 0.00152662
0 0.153028 0.211041 0.101745 0.284279 0.00141456
0 0.0974745 0.221353 0.12421 0.306924 0.00102243
