0 0.831581 0.459847 0.0889557 0.208595 0.883394
0 0.361029 0.848102 0.0685653 0.281674 0.830628
0 0.424613 0.895893 0.0799779 0.203862 0.828245
0 0.42064 0.782799 0.0688961 0.176415 0.803893
0 0.269333 0.928395 0.102733 0.142014 0.802171
0 0.888848 0.372376 0.098296 0.215626 0.778802
0 0.447544 0.946192 0.0653945 0.107616 0.696282
0 0.542382 0.939013 0.124785 0.121542 0.522298
0 0.371033 0.948234 0.0709463 0.103394 0.393498
0 0.506849 0.942403 0.0596577 0.115195 0.294753
0 0.580934 0.944292 0.0902968 0.11131 0.278861
0 0.299474 0.218749 0.0988992 0.307904 0.246261
0 0.278663 0.189607 0.0821187 0.291402 0.196644
0 0.416639 0.245459 0.0614779 0.249123 0.19315
0 0.246378 0.963045 0.0728365 0.0734164 0.0926321
0 0.32656 0.241154 0.120276 0.299888 0.0267482
0 0.426417 0.945248 0.0945704 0.109504 0.0240796
0 0.268104 0.956146 0.104826 0.0877079 0.0195182
0 0.244687 0.965051 0.0454484 0.0691816 0.0169074
0 0.0946605 0.168084 0.114384 0.29672 0.0164779
0 0.307066 0.28321 0.097583 0.281809 0.0159838
0 0.420223 0.829804 0.0777248 0.271062 0.0154152
0 0.88961 0.330447 0.0958342 0.135682 0.0142992
0 0.268748 0.126456 0.0642955 0.234141 0.00899914
0 0.262157 0.165028 0.0810132 0.272603 0.00837901
0 0.592058 0.918658 0.106971 0.161204 0.00727582
0 0.118332 0.182115 0.0903604 0.295024 0.00638101
0 0.226528 0.962469 0.082454 0.0750625 0.00635258
0 0.433291 0.11708 0.074128 0.189599 0.0060918
0 0.142239 0.210334 0.104962 0.29619 0.00572459
0 0.436578 0.228506 0.0857203 0.267755 0.0053125
0 0.395785 0.230971 0.0885587 0.28856 0.00308571
0 0.354475 0.230247 0.107729 0.302843 0.00291799
0 0.193306 0.149782 0.0756649 0.255848 0.0029124
0 0.557482 0.949785 0.0819815 0.100013 0.00282343
0 0.93294 0.0498988 0.0781486 0.0975132 0.00252248
0 0.352007 0.946345 0.0889829 0.1072 0.00237676
0 0.289314 0.939409 0.0808774 0.121181 0.00214161
0 0.283532 0.13599 0.0717713 0.256212 0.00210407
0 0.519214 0.923555 0.0915699 0.146661 0.00202452
0 0.570593 0.923689 0.0821913 0.149058 0.00170468
0 0.463772 0.950095 0.0781349 0.0993129 0.00168006
0 0.234246 0.187971 0.0964931 0.283148 0.00139798
0 0.57833 0.975913 0.0817058 0.0481731 0.0013558
0 0.0694599 0.151456 0.100558 0.257128 0.00132182
0 0.242474 0.918569 0.121733 0.159647 0.00114094
0 0.231806 0.971847 0.0654264 0.056306 0.00107094
