0 0.898316 0.422078 0.0876385 0.213069 0.897463
0 0.116934 0.181646 0.105417 0.284651 0.0738862
0 0.270022 0.123143 0.0658201 0.240713 0.0102454
0 0.420252 0.248351 0.0602516 0.25599 0.00968315
0 0.0299627 0.865663 0.0599255 0.207443 0.00574507
0 0.247324 0.135181 0.0751889 0.24875 0.00352828
0 0.30553 0.211866 0.0906192 0.291148 0.00219503
0 0.442322 0.513617 0.090879 0.293829 0.00132555
0 0.287732 0.114802 0.0604108 0.209682 0.00123521
0 0.0988404 0.154378 0.100032 0.29566 0.00118177
0 0.253839 0.19472 0.0771323 0.27061 0.00115912
