0 0.272038 0.765361 0.0857618 0.258558 0.891703
0 0.977008 0.603688 0.0451544 0.223781 0.547362
0 0.301848 0.295339 0.0901137 0.280724 0.529622
0 0.418118 0.250437 0.0554142 0.248674 0.0915686
0 0.270474 0.181682 0.0871143 0.278221 0.0210848
0 0.294293 0.226303 0.0923664 0.292654 0.0134518
0 0.11993 0.209827 0.106449 0.30293 0.0100042
0 0.268266 0.123763 0.0768308 0.24074 0.00979437
0 0.293712 0.346883 0.104748 0.288236 0.00890459
0 0.364468 0.307282 0.0880315 0.264214 0.00568656
0 0.38107 0.257339 0.103398 0.280145 0.00358376
0 0.325988 0.305619 0.118875 0.293871 0.0027153
0 0.234528 0.217612 0.0848208 0.277422 0.00188229
0 0.153671 0.211332 0.115901 0.295246 0.00137926
0 0.817838 0.899589 0.0790783 0.190706 0.00131696
0 0.249774 0.134681 0.0801505 0.257185 0.00123309
