0 0.972964 0.621819 0.0538656 0.257003 0.842268
0 0.299855 0.229236 0.0876456 0.291519 0.595293
0 0.449367 0.432587 0.0890241 0.25168 0.0856004
0 0.266176 0.139353 0.0713558 0.254518 0.0750921
0 0.279855 0.193404 0.0848762 0.293308 0.0315522
0 0.417615 0.251126 0.0529265 0.234173 0.0232762
0 0.251315 0.180722 0.0825243 0.276587 0.0194213
0 0.115967 0.196093 0.0917324 0.270914 0.0133214
0 0.316695 0.205258 0.0838332 0.309384 0.00821465
0 0.928196 0.0569488 0.0692112 0.111547 0.0062242
0 0.304699 0.284722 0.0747883 0.253912 0.00619127
0 0.241199 0.134282 0.0776606 0.259668 0.00473674
0 0.0829321 0.133834 0.0856518 0.259283 0.00460893
0 0.282963 0.131096 0.0713569 0.255329 0.00412761
0 0.234205 0.212276 0.0861746 0.280603 0.00334875
0 0.103425 0.146687 0.0922759 0.268591 0.00293047
0 0.822841 0.0147615 0.0818174 0.029523 0.00291251
0 0.335093 0.221086 0.0878049 0.304029 0.00287956
0 0.140675 0.21115 0.0794519 0.262461 0.00246777
0 0.849748 0.0126 0.122225 0.0252001 0.00213941
0 0.357268 0.283273 0.0968658 0.312604 0.00189477
0 0.289502 0.186081 0.0749971 0.218886 0.00176266
0 0.984396 0.618425 0.0302092 0.251744 0.00169979
0 0.222313 0.16679 0.0792787 0.2738 0.00142363
