0 0.974526 0.561553 0.0501589 0.237547 0.863221
0 0.2719 0.154492 0.0782763 0.279689 0.349991
0 0.321753 0.271946 0.112148 0.322531 0.249758
0 0.417813 0.248381 0.0503819 0.241585 0.143543
0 0.287024 0.187541 0.0818614 0.290501 0.0567904
0 0.300018 0.22588 0.0961643 0.332981 0.0372849
0 0.256177 0.193023 0.0974339 0.278527 0.0252357
0 0.119383 0.193973 0.100353 0.297895 0.0151069
0 0.259319 0.127335 0.0709282 0.254669 0.013174
0 0.0958333 0.165495 0.100765 0.300027 0.00985327
0 0.362272 0.2819 0.104091 0.301628 0.00966856
0 0.234151 0.222813 0.103122 0.300346 0.0093428
0 0.341045 0.300558 0.100746 0.284033 0.00724814
0 0.204131 0.147841 0.0783412 0.267535 0.0065183
0 0.14134 0.210252 0.096804 0.288506 0.00498473
0 0.237098 0.152808 0.092973 0.279837 0.00497413
0 0.0316347 0.856025 0.0621013 0.219651 0.00298311
0 0.0811144 0.125099 0.0944072 0.250197 0.00250062
0 0.18101 0.148444 0.0850845 0.264521 0.00244703
0 0.28831 0.120462 0.0674349 0.238356 0.00241361
0 0.815053 0.904996 0.0804272 0.188531 0.00237316
0 0.154629 0.163989 0.0778552 0.293283 0.00190121
0 0.299996 0.298525 0.0918488 0.283399 0.00188926
0 0.395839 0.244367 0.0764854 0.26641 0.00181747
0 0.615274 0.908222 0.0961564 0.182615 0.00166763
0 0.983894 0.566297 0.0306232 0.227486 0.00149593
0 0.418099 0.200288 0.0593745 0.270453 0.00129904
