0 0.70219 0.0961453 0.0833489 0.18652 0.878035
0 0.279184 0.184009 0.0701368 0.251774 0.184894
0 0.259927 0.183682 0.0788904 0.268022 0.112634
0 0.303993 0.288538 0.0914343 0.267732 0.0767051
0 0.298644 0.211761 0.0966946 0.306611 0.0738391
0 0.105637 0.181518 0.0941909 0.290921 0.0273396
0 0.234875 0.182566 0.0878804 0.258142 0.0264541
0 0.200143 0.140823 0.0833888 0.266299 0.0219382
0 0.131883 0.213803 0.0860601 0.275969 0.0207364
0 0.411372 0.244602 0.0725447 0.264142 0.00849307
0 0.269266 0.141817 0.060534 0.251389 0.00801946
0 0.151616 0.225697 0.093871 0.271335 0.00776492
0 0.0883487 0.13607 0.087542 0.261934 0.00242669
0 0.325959 0.290975 0.114307 0.292412 0.0022724
0 0.0872393 0.212326 0.111787 0.296789 0.0020592
0 0.208819 0.18116 0.108431 0.29524 0.00194116
0 0.115954 0.12447 0.0893425 0.248939 0.00157916
0 0.289323 0.260156 0.0881238 0.252559 0.00131194
0 0.108076 0.23868 0.110512 0.289072 0.00126241
0 0.228553 0.234234 0.104577 0.293598 0.00121849
0 0.346647 0.248262 0.111363 0.306322 0.00121079
0 0.173546 0.196362 0.100811 0.306347 0.00114004
