0 0.777996 0.375612 0.0850307 0.230582 0.908213
0 0.105958 0.179626 0.0991006 0.312663 0.448246
0 0.305751 0.273506 0.0859578 0.250414 0.140222
0 0.261689 0.132143 0.0678947 0.242588 0.0454837
0 0.0873504 0.151537 0.107276 0.303074 0.0395217
0 0.204048 0.150992 0.0901507 0.267091 0.0172877
0 0.128904 0.206196 0.102887 0.308993 0.015341
0 0.250772 0.186066 0.0876757 0.273749 0.011684
0 0.22832 0.13542 0.0963623 0.25772 0.00662015
0 0.281808 0.216229 0.106271 0.297473 0.00630638
0 0.199133 0.211611 0.116444 0.294263 0.00471064
0 0.228853 0.210333 0.0954875 0.280586 0.0041235
0 0.154048 0.212469 0.110272 0.301939 0.00263616
0 0.0710356 0.122737 0.0935663 0.244269 0.00212779
0 0.27984 0.12748 0.0703752 0.238772 0.00185085
0 0.325293 0.25739 0.107236 0.276184 0.00184197
0 0.304697 0.197969 0.0933373 0.269241 0.00161967
0 0.3447 0.28435 0.107282 0.288008 0.00161666
0 0.185671 0.150284 0.0734069 0.223541 0.00135322
0 0.419205 0.250272 0.0593954 0.244517 0.00132419
