0 0.631937 0.126479 0.0755627 0.203298 0.901093
0 0.122731 0.188673 0.0946537 0.304784 0.59755
0 0.27751 0.22429 0.13466 0.318558 0.429238
0 0.41162 0.245504 0.0716165 0.254276 0.0385806
0 0.828462 0.014186 0.0835611 0.0283721 0.0160164
0 0.2737 0.173747 0.101834 0.289972 0.0102716
0 0.170356 0.192088 0.115109 0.304711 0.00917666
0 0.849817 0.0114622 0.112786 0.0229245 0.00878166
0 0.293777 0.268092 0.124183 0.293029 0.00846843
0 0.198942 0.160326 0.105733 0.303874 0.00467514
0 0.813077 0.0163311 0.0821454 0.0326621 0.00253637
0 0.222406 0.189342 0.121856 0.307859 0.0024354
0 0.272136 0.132045 0.0774684 0.242467 0.00234364
0 0.309063 0.223847 0.121432 0.304834 0.00214031
0 0.31668 0.28531 0.0958529 0.256733 0.00205675
0 0.144517 0.218651 0.101185 0.271814 0.00198164
0 0.395268 0.230627 0.104409 0.293496 0.00186183
0 0.804399 0.0132628 0.0753518 0.0265255 0.00140608
0 0.85836 0.0101421 0.0812737 0.0202436 0.00137019
0 0.816157 0.0105119 0.0768726 0.0210238 0.00102072
