0 0.801856 0.29783 0.0926174 0.25545 0.907578
0 0.356441 0.87664 0.0923226 0.24672 0.864648
0 0.475695 0.866906 0.106961 0.266188 0.85051
0 0.417872 0.246336 0.0590452 0.263089 0.289761
0 0.242817 0.16444 0.0854733 0.265659 0.285568
0 0.104411 0.137665 0.0881721 0.271242 0.274429
0 0.30587 0.215027 0.0902842 0.309006 0.177182
0 0.117509 0.195025 0.101189 0.303429 0.13645
0 0.610116 0.907808 0.107493 0.184385 0.0738001
0 0.205129 0.149323 0.0850189 0.277708 0.0645195
0 0.266129 0.184307 0.096795 0.28581 0.038896
0 0.348213 0.222968 0.108428 0.310192 0.0199201
0 0.0939949 0.185405 0.106009 0.324191 0.0197413
0 0.373122 0.249595 0.120335 0.296498 0.0187281
0 0.317163 0.286463 0.0895205 0.268867 0.0130784
0 0.273011 0.125326 0.0633739 0.243623 0.0117439
0 0.187681 0.149346 0.0672463 0.264344 0.0104919
0 0.421643 0.197609 0.072438 0.311614 0.00952907
0 0.546789 0.876671 0.0883701 0.246658 0.00806131
0 0.284226 0.0990993 0.0587007 0.19188 0.00688635
0 0.398141 0.244079 0.0879259 0.271641 0.00582806
0 0.223289 0.19079 0.0922993 0.275161 0.00575212
0 0.141177 0.209443 0.0973616 0.286349 0.00568758
0 0.573956 0.883945 0.112915 0.232111 0.00541315
0 0.29107 0.169384 0.0883749 0.279142 0.00531839
0 0.344537 0.303136 0.0924782 0.26562 0.00526923
0 0.438129 0.227174 0.0900763 0.279914 0.00454699
0 0.198521 0.115019 0.0636731 0.217895 0.00234834
0 0.502722 0.873164 0.122247 0.253671 0.00228812
0 0.25643 0.137655 0.0721472 0.264332 0.00215073
0 0.177736 0.186207 0.0812674 0.286818 0.00206615
0 0.327307 0.200231 0.100944 0.310417 0.00180576
0 0.0725449 0.134107 0.0917677 0.26515 0.0012391
0 0.556487 0.91185 0.0793652 0.1763 0.00116813
0 0.365273 0.317295 0.0968359 0.232992 0.00109825
