0 0.090573 0.629769 0.0729455 0.279876 0.879564
0 0.0371737 0.652289 0.0659499 0.270097 0.871218
0 0.268754 0.181063 0.0749475 0.268325 0.0486005
0 0.296438 0.24161 0.0860567 0.291922 0.0447031
0 0.116223 0.180866 0.0883106 0.279767 0.040367
0 0.201632 0.141952 0.0841911 0.264441 0.0170441
0 0.251727 0.221034 0.0930656 0.307045 0.0154806
0 0.225247 0.14933 0.105573 0.280023 0.0142186
0 0.258548 0.13833 0.0741865 0.263891 0.0142118
0 0.0947446 0.149597 0.10248 0.280214 0.0139317
0 0.289364 0.182633 0.0810744 0.273002 0.0068578
0 0.231426 0.234671 0.0930472 0.287364 0.00554703
0 0.279046 0.119216 0.0626824 0.228508 0.00537693
0 0.272848 0.237737 0.0892078 0.296996 0.00179299
0 0.137878 0.196907 0.0938755 0.298954 0.00150213
0 0.187994 0.148427 0.0686627 0.223565 0.00147331
0 0.0654285 0.148577 0.0959197 0.271696 0.00112777
