0 0.759762 0.385587 0.0949248 0.200045 0.827313
0 0.968413 0.418061 0.062529 0.233148 0.783168
0 0.283464 0.186056 0.087119 0.291538 0.460703
0 0.305441 0.287227 0.0952845 0.281201 0.0533986
0 0.269902 0.125321 0.0656883 0.234322 0.0325602
0 0.295789 0.239634 0.094971 0.293205 0.0204293
0 0.265739 0.211879 0.101707 0.311273 0.015679
0 0.352962 0.166464 0.0739994 0.259821 0.00856467
0 0.815556 0.90707 0.074707 0.183598 0.00775807
0 0.28964 0.122144 0.0731451 0.236107 0.00692692
0 0.310301 0.186451 0.0974263 0.29856 0.00367913
0 0.232324 0.195948 0.0919386 0.299032 0.00283938
0 0.334375 0.160243 0.0747167 0.272518 0.00281571
0 0.19538 0.137535 0.0750377 0.264847 0.00256556
0 0.957103 0.397891 0.0588436 0.204551 0.00247605
0 0.327566 0.256519 0.120314 0.307337 0.00199192
0 0.247401 0.121177 0.0743711 0.240044 0.00147396
0 0.216262 0.149809 0.0862254 0.285816 0.0010093
