0 0.77458 0.25202 0.0990044 0.228013 0.882629
0 0.399495 0.716217 0.087731 0.262281 0.871893
0 0.216563 0.53426 0.0822786 0.25494 0.865297
0 0.527822 0.916713 0.09459 0.166574 0.858129
0 0.408824 0.909913 0.0824808 0.180174 0.794488
0 0.532524 0.950105 0.0785531 0.0997901 0.780084
0 0.687022 0.956851 0.0676996 0.0861891 0.779664
0 0.395432 0.954258 0.0838211 0.0909199 0.756843
0 0.628679 0.959339 0.0589489 0.0806122 0.712163
0 0.254845 0.196456 0.0873555 0.258381 0.215899
0 0.2667 0.136411 0.0731555 0.248379 0.188208
0 0.0919053 0.180851 0.104897 0.288023 0.103475
0 0.738563 0.226364 0.0480491 0.222069 0.03826
0 0.305009 0.241905 0.0892566 0.281596 0.0356047
0 0.276684 0.181204 0.0813266 0.267877 0.0240074
0 0.275341 0.350809 0.0842044 0.20422 0.0132847
0 0.0823156 0.13999 0.0822511 0.246485 0.0117887
0 0.374522 0.957335 0.0785439 0.0845103 0.00992677
0 0.234402 0.22228 0.102059 0.276029 0.00669339
0 0.318602 0.19119 0.0838808 0.301286 0.00493782
0 0.249339 0.123127 0.0801357 0.246253 0.00461194
0 0.313824 0.300519 0.0914945 0.277014 0.0042937
0 0.191495 0.147327 0.062957 0.244297 0.00356512
0 0.2394 0.163423 0.0901548 0.271048 0.00340546
0 0.282359 0.224157 0.10404 0.292868 0.00337809
0 0.727166 0.235439 0.0508195 0.236518 0.00315187
0 0.131119 0.125383 0.0904488 0.245686 0.00279194
0 0.328029 0.240798 0.0877701 0.29321 0.00243756
0 0.613604 0.952894 0.0897418 0.0942112 0.00222729
0 0.386184 0.955379 0.0475494 0.0892417 0.0020819
0 0.114385 0.156379 0.0973311 0.283882 0.00198845
0 0.367951 0.950985 0.117968 0.0974125 0.00185796
0 0.135505 0.241236 0.075041 0.26012 0.0018314
0 0.535027 0.952238 0.0483109 0.0954863 0.00170821
0 0.33053 0.154846 0.0724236 0.249243 0.00170095
0 0.370585 0.229385 0.0694388 0.252315 0.00167983
0 0.286498 0.134942 0.0752269 0.253768 0.001679
0 0.514153 0.946047 0.0781218 0.107905 0.00166098
0 0.634852 0.951196 0.0818798 0.0970235 0.00155949
0 0.385944 0.935064 0.105793 0.129872 0.00154935
0 0.750812 0.229007 0.082942 0.230806 0.00126413
0 0.402956 0.955705 0.0477848 0.0885899 0.00112033
0 0.369122 0.280703 0.103327 0.315696 0.00108325
0 0.0619568 0.151025 0.0921274 0.257551 0.00102914
0 0.704693 0.952552 0.10734 0.0942731 0.00102449
