0 0.265992 0.596841 0.0720455 0.297871 0.881233
0 0.184284 0.611202 0.0809695 0.289697 0.84573
0 0.268126 0.153505 0.0744319 0.262762 0.360117
0 0.287236 0.182724 0.0761953 0.259545 0.314591
0 0.118202 0.198754 0.0995062 0.300607 0.25225
0 0.35494 0.260795 0.0804819 0.305654 0.197483
0 0.216521 0.151102 0.0908462 0.270867 0.167005
0 0.303082 0.246203 0.0919389 0.321094 0.158408
0 0.322912 0.273001 0.102423 0.293527 0.0770768
0 0.244934 0.176603 0.0904726 0.262765 0.0686835
0 0.19622 0.149888 0.0694974 0.270883 0.045139
0 0.0967105 0.166324 0.0979245 0.280356 0.0228975
0 0.347606 0.299185 0.0636633 0.226839 0.0179583
0 0.418576 0.247055 0.0544337 0.253129 0.0158038
0 0.115704 0.153678 0.0805089 0.266173 0.00737705
0 0.277619 0.120451 0.0657866 0.240902 0.00482757
0 0.259794 0.117379 0.0685783 0.234759 0.00368591
0 0.0956575 0.124803 0.0796729 0.249605 0.00322835
0 0.376737 0.258481 0.0931006 0.295191 0.00297015
0 0.215136 0.111163 0.0717075 0.221006 0.00197198
0 0.0745672 0.149648 0.0909895 0.268571 0.00193125
0 0.140588 0.221787 0.0908887 0.276885 0.00189922
0 0.306939 0.169683 0.0845914 0.277742 0.00189768
0 0.408099 0.229042 0.0687638 0.301634 0.00142346
0 0.136063 0.161961 0.0796658 0.266819 0.00139914
0 0.27691 0.0839021 0.0584387 0.15716 0.00133338
