0 0.22429 0.510758 0.0942586 0.291277 0.891574
0 0.170252 0.656416 0.0814762 0.263382 0.887799
0 0.04751 0.652782 0.0716352 0.274987 0.857498
0 0.076371 0.536548 0.0698048 0.250208 0.852853
0 0.134196 0.542454 0.0588353 0.243935 0.831916
0 0.418783 0.256065 0.0516024 0.22262 0.521208
0 0.271589 0.120966 0.0699865 0.230872 0.125129
0 0.196037 0.136291 0.0661747 0.249665 0.0730602
0 0.285286 0.10327 0.0624894 0.197189 0.0546673
0 0.280671 0.201279 0.0862949 0.29265 0.0497868
0 0.25445 0.138651 0.0762507 0.253408 0.0484686
0 0.12991 0.19973 0.0953335 0.292383 0.0337586
0 0.227516 0.131785 0.0934126 0.249318 0.0278405
0 0.305533 0.24318 0.0734874 0.258149 0.014609
0 0.253558 0.219347 0.0943813 0.285705 0.0130635
0 0.0997054 0.195007 0.0948791 0.301109 0.00963102
0 0.152494 0.212913 0.104319 0.275479 0.00946473
0 0.231162 0.186531 0.0786588 0.266814 0.0056585
0 0.934508 0.043824 0.0706118 0.0858622 0.00202194
0 0.208081 0.176928 0.0767067 0.264938 0.00171662
0 0.423104 0.242358 0.0789421 0.241013 0.00154673
0 0.124639 0.122602 0.0790105 0.237719 0.00120072
0 0.0684744 0.595182 0.0710679 0.303244 0.00119115
0 0.349338 0.0770612 0.0590714 0.137741 0.00103674
