0 0.0817877 0.273994 0.0819319 0.270405 0.750455
0 0.269743 0.153323 0.0699602 0.276846 0.586852
0 0.13639 0.244129 0.0713292 0.280986 0.459542
0 0.221715 0.221202 0.0827562 0.263201 0.255932
0 0.306653 0.227616 0.0858477 0.30342 0.0374317
0 0.355568 0.274122 0.0967352 0.298077 0.0320959
0 0.325175 0.248091 0.103443 0.34156 0.0236308
0 0.290074 0.190185 0.088224 0.304267 0.020157
0 0.100612 0.260243 0.0890442 0.277406 0.0138395
0 0.115322 0.232648 0.0732799 0.284876 0.0103222
0 0.322577 0.203366 0.0780618 0.315942 0.00859612
0 0.250984 0.150571 0.0838554 0.278789 0.00738972
0 0.198992 0.144657 0.0790275 0.272325 0.00619951
0 0.174542 0.224106 0.108943 0.271428 0.00539929
0 0.271365 0.204586 0.0845978 0.283139 0.004876
0 0.331446 0.313715 0.0976152 0.29013 0.00284828
0 0.200965 0.213195 0.0857079 0.25107 0.00280996
0 0.223583 0.136258 0.0917674 0.266854 0.00273017
0 0.240947 0.197264 0.093012 0.28304 0.0023429
0 0.15108 0.21552 0.0793073 0.261955 0.0017897
0 0.385561 0.281611 0.100986 0.304106 0.0017291
0 0.270691 0.108268 0.0582678 0.211529 0.00148239
0 0.93247 0.0526057 0.0714855 0.101232 0.00131053
0 0.418847 0.248083 0.0588099 0.27937 0.00127777
0 0.309866 0.299854 0.0958628 0.295525 0.00113301
