0 0.631235 0.108811 0.07735 0.19578 0.88368
0 0.302988 0.219135 0.0843751 0.29933 0.550664
0 0.420552 0.257254 0.0532603 0.231264 0.455213
0 0.26501 0.153026 0.0693903 0.270904 0.45108
0 0.284502 0.177425 0.0804077 0.266669 0.0681904
0 0.246263 0.165625 0.0870615 0.26971 0.0657768
0 0.12029 0.209159 0.105376 0.298248 0.0452632
0 0.302829 0.283418 0.0773948 0.25418 0.0124332
0 0.345222 0.219805 0.0883699 0.289275 0.00991705
0 0.22384 0.178603 0.0871704 0.256941 0.00918071
0 0.411344 0.230293 0.0720161 0.282433 0.0084157
0 0.553032 0.927931 0.0592495 0.142884 0.00782168
0 0.37317 0.222367 0.0946833 0.281253 0.00676189
0 0.277146 0.121229 0.0655352 0.237029 0.00577226
0 0.207885 0.152967 0.0898868 0.270486 0.0054828
0 0.106728 0.167561 0.0932313 0.30749 0.00461157
0 0.430509 0.231375 0.0713156 0.271552 0.00331997
0 0.355576 0.284166 0.0858177 0.275768 0.00267918
0 0.151422 0.21239 0.0985714 0.282652 0.00235543
0 0.326901 0.200396 0.0952283 0.307435 0.00232887
0 0.551699 0.953813 0.0601846 0.0874623 0.00169821
0 0.269487 0.203604 0.0915756 0.269274 0.00129026
0 0.0869874 0.151492 0.0967752 0.286332 0.00126946
0 0.561525 0.941148 0.0428179 0.117704 0.00125465
0 0.189404 0.135459 0.076267 0.256813 0.00115989
0 0.291398 0.100606 0.0627424 0.195198 0.00103236
