0 0.554366 0.118386 0.0819062 0.159958 0.888274
0 0.304678 0.291704 0.0792815 0.273219 0.227928
0 0.272006 0.181972 0.0794733 0.258991 0.187152
0 0.357301 0.305558 0.08212 0.266391 0.159858
0 0.357949 0.232849 0.0796707 0.262768 0.0729433
0 0.120031 0.195761 0.0932393 0.30512 0.0300952
0 0.415906 0.248038 0.0566323 0.249527 0.0277231
0 0.291996 0.209355 0.0854268 0.295619 0.0148994
0 0.202643 0.141919 0.0771818 0.257401 0.0140969
0 0.334827 0.303039 0.0945322 0.278626 0.00896496
0 0.142253 0.209836 0.11401 0.3002 0.00691014
0 0.327136 0.250027 0.0921397 0.297326 0.00621783
0 0.389107 0.281504 0.0916888 0.294613 0.00501661
0 0.260794 0.136593 0.0713731 0.252087 0.00420447
0 0.110648 0.152763 0.0798318 0.255446 0.00246667
0 0.315359 0.193945 0.0884968 0.291594 0.00166659
0 0.370694 0.204075 0.0759152 0.286107 0.00145176
0 0.234321 0.180763 0.0911942 0.267707 0.00139783
0 0.541133 0.985082 0.0642485 0.029836 0.00109292
0 0.393077 0.229422 0.0782832 0.273135 0.0010395
