0 0.18218 0.681561 0.0723392 0.26002 0.89919
0 0.248987 0.648258 0.0773755 0.270322 0.886286
0 0.297339 0.219945 0.0970171 0.305426 0.229304
0 0.27634 0.188518 0.0869968 0.3045 0.152671
0 0.119474 0.196491 0.0947622 0.301503 0.118712
0 0.354213 0.305551 0.0796392 0.259341 0.0504258
0 0.406751 0.246952 0.0725206 0.263208 0.0378055
0 0.258228 0.212688 0.0952942 0.30434 0.0337676
0 0.305482 0.283428 0.0885026 0.247275 0.0333973
0 0.377458 0.251288 0.10967 0.297795 0.0302619
0 0.269827 0.143914 0.0693408 0.254205 0.0268543
0 0.333557 0.302411 0.0953598 0.272376 0.014523
0 0.234728 0.191144 0.10041 0.289757 0.00973807
0 0.356853 0.231181 0.0969888 0.279362 0.00777077
0 0.100516 0.166501 0.0958956 0.292596 0.00617627
0 0.202757 0.147646 0.0830734 0.266923 0.00583594
0 0.117305 0.140747 0.0769345 0.262851 0.00412007
0 0.331572 0.227908 0.0918019 0.290038 0.00321977
0 0.288022 0.129463 0.0738382 0.247195 0.00296832
0 0.152644 0.200708 0.116285 0.30132 0.00291928
0 0.0293768 0.852551 0.0574451 0.222876 0.00171998
0 0.249139 0.150839 0.0806464 0.269566 0.0015708
0 0.313103 0.170015 0.0933548 0.301785 0.00115171
0 0.209575 0.21412 0.115951 0.277902 0.00112364
0 0.423591 0.258283 0.0603777 0.255583 0.00110176
