0 0.704872 0.184563 0.0875761 0.211064 0.85985
0 0.27966 0.167288 0.0952429 0.28281 0.103854
0 0.315572 0.290214 0.105708 0.240409 0.0748929
0 0.325642 0.234819 0.121782 0.319829 0.0180019
0 0.30923 0.161267 0.106266 0.291372 0.0132848
0 0.99005 0.620659 0.019101 0.166664 0.0112043
0 0.10592 0.178366 0.1031 0.301002 0.0084897
0 0.258467 0.19149 0.0944228 0.270132 0.00652006
0 0.411032 0.243072 0.0739734 0.259195 0.00603895
0 0.0341477 0.857532 0.0670751 0.208937 0.00276296
0 0.11616 0.12574 0.0991516 0.25148 0.00273172
0 0.293016 0.206176 0.103464 0.260368 0.00257457
0 0.268621 0.123826 0.0712944 0.230272 0.00252395
0 0.327856 0.333359 0.13079 0.292317 0.00235536
0 0.352867 0.230722 0.124719 0.285099 0.00189979
0 0.203877 0.147866 0.0925387 0.255813 0.00167979
0 0.234136 0.196912 0.111658 0.272074 0.00147734
0 0.300043 0.260959 0.0925496 0.233482 0.00104949
