0 0.265758 0.658714 0.0933416 0.291193 0.871686
0 0.1884 0.699212 0.0865919 0.276731 0.804848
0 0.0238235 0.460514 0.0460286 0.294463 0.710724
0 0.302938 0.214479 0.0918505 0.305965 0.347528
0 0.271619 0.158278 0.0714563 0.277868 0.217302
0 0.130509 0.198154 0.0905826 0.303228 0.215123
0 0.419966 0.249125 0.05159 0.243829 0.115447
0 0.358534 0.281514 0.0833793 0.30581 0.0798983
0 0.109314 0.182872 0.0856317 0.300687 0.0733922
0 0.0808443 0.150304 0.0868121 0.277107 0.0461976
0 0.305142 0.284703 0.0799725 0.27265 0.0402914
0 0.232586 0.153005 0.0889759 0.282326 0.0177594
0 0.160791 0.199431 0.107061 0.32154 0.0103337
0 0.258069 0.19058 0.0819211 0.267147 0.00967479
0 0.204918 0.150079 0.0816398 0.28016 0.00934529
0 0.260693 0.124335 0.0646268 0.24867 0.00886209
0 0.343706 0.228283 0.0893572 0.30183 0.00848196
0 0.273493 0.113242 0.0607661 0.217385 0.00837414
0 0.44103 0.245368 0.0876356 0.260003 0.00651448
0 0.326291 0.255262 0.0898809 0.304068 0.00603618
0 0.0614199 0.14831 0.0834309 0.261497 0.00530122
0 0.3679 0.234453 0.0854339 0.293941 0.0038637
0 0.0237391 0.402106 0.0453973 0.184624 0.00377434
0 0.118744 0.137091 0.076326 0.261408 0.00228936
0 0.287128 0.101 0.0601351 0.19659 0.00224175
0 0.292519 0.181482 0.0791012 0.228337 0.00197739
0 0.0161849 0.434611 0.0323699 0.271144 0.00180615
0 0.334244 0.314794 0.0927014 0.291284 0.0017014
0 0.183437 0.157896 0.0952009 0.292691 0.00159928
0 0.0337999 0.46222 0.0675997 0.300071 0.00145107
0 0.313325 0.240106 0.0759357 0.228821 0.00142068
0 0.350201 0.304678 0.0690173 0.226443 0.00136527
0 0.0877304 0.204578 0.110503 0.320284 0.00124434
0 0.288262 0.258262 0.0891877 0.284144 0.0011227
