0 0.720022 0.21133 0.080316 0.210022 0.830651
0 0.305305 0.220903 0.0977555 0.30735 0.357557
0 0.40819 0.242921 0.0704801 0.262394 0.181935
0 0.264766 0.155518 0.0767052 0.244429 0.154538
0 0.374789 0.285076 0.104628 0.302372 0.0388309
0 0.279588 0.178942 0.0875463 0.251197 0.0304283
0 0.316654 0.301304 0.106698 0.287702 0.0170662
0 0.353602 0.254305 0.11659 0.317114 0.0111503
0 0.347712 0.303717 0.0909348 0.27677 0.00800598
0 0.242714 0.153089 0.0799191 0.249936 0.00569943
0 0.387158 0.230786 0.0987117 0.298086 0.00502055
0 0.421579 0.255437 0.0509991 0.249068 0.00289714
0 0.207439 0.149745 0.0937781 0.248075 0.00152851
0 0.293784 0.275333 0.0923248 0.311012 0.0015131
0 0.306263 0.271035 0.0809188 0.225392 0.00149196
0 0.257435 0.203222 0.0823522 0.255006 0.00126953
