0 0.174019 0.86445 0.0913915 0.271099 0.885913
0 0.0678292 0.356447 0.0816036 0.255937 0.858919
0 0.382897 0.949381 0.0742985 0.0999014 0.837103
0 0.146471 0.353112 0.079423 0.266601 0.829622
0 0.286257 0.973487 0.0587675 0.0530263 0.395312
0 0.267291 0.148869 0.0746459 0.272621 0.37212
0 0.712147 0.956013 0.0617862 0.0879734 0.149466
0 0.676184 0.910989 0.121851 0.178021 0.113064
0 0.317431 0.287073 0.08901 0.270479 0.0915808
0 0.11696 0.116232 0.0756534 0.219296 0.0484277
0 0.275934 0.19507 0.0846059 0.265661 0.0460117
0 0.696565 0.947404 0.100437 0.105192 0.0256487
0 0.228216 0.153232 0.088064 0.279139 0.0114482
0 0.201453 0.153151 0.076006 0.268326 0.00882866
0 0.283422 0.241751 0.116333 0.331034 0.00727691
0 0.339349 0.288538 0.0782417 0.268271 0.00439655
0 0.235407 0.215733 0.0782707 0.273156 0.00412421
0 0.256809 0.221406 0.0874966 0.287335 0.00325362
0 0.657664 0.926301 0.0941759 0.147397 0.00271392
0 0.251933 0.136212 0.0746722 0.224335 0.00226415
0 0.138124 0.109586 0.0793948 0.214199 0.00215376
0 0.273935 0.97009 0.0622935 0.0589823 0.00205063
0 0.683247 0.888582 0.0868416 0.218533 0.001886
0 0.183657 0.186311 0.0897654 0.273153 0.00179524
0 0.815976 0.907985 0.0788416 0.184029 0.00149222
0 0.126811 0.160255 0.0898021 0.213983 0.00147701
0 0.204837 0.212557 0.0874916 0.267293 0.00137887
0 0.284926 0.97397 0.0283048 0.0452319 0.00110583
0 0.302549 0.209969 0.0949327 0.300985 0.0010588
