0 0.797183 0.313624 0.103624 0.222783 0.904122
0 0.253077 0.600526 0.086678 0.288231 0.883284
0 0.0414114 0.507302 0.0802462 0.274737 0.814247
0 0.10815 0.164196 0.078153 0.265517 0.376324
0 0.257729 0.178332 0.0912644 0.260241 0.362211
0 0.0320828 0.221252 0.0641656 0.259642 0.338639
0 0.416271 0.248787 0.0524434 0.247075 0.325546
0 0.281881 0.185934 0.0749285 0.266324 0.0684204
0 0.0417973 0.184814 0.0829217 0.248663 0.0676401
0 0.309161 0.219315 0.0836485 0.282958 0.0325529
0 0.255713 0.125589 0.0785996 0.246196 0.0277812
0 0.0875589 0.163716 0.0985734 0.280679 0.0217346
0 0.32734 0.240342 0.0930171 0.288052 0.0135908
0 0.38049 0.249614 0.0951704 0.266787 0.0135839
0 0.0232579 0.185347 0.0457168 0.209739 0.0111279
0 0.12493 0.194488 0.088868 0.285725 0.0104083
0 0.39915 0.256041 0.0705474 0.25181 0.00981964
0 0.421082 0.236282 0.0815407 0.26505 0.00602269
0 0.0207713 0.236456 0.0415426 0.283706 0.00477686
0 0.237425 0.16445 0.0814645 0.254928 0.00436578
0 0.355002 0.271715 0.104075 0.287424 0.00400246
0 0.272865 0.110477 0.0675127 0.214759 0.00367893
0 0.0149842 0.213366 0.0280109 0.255323 0.0033199
0 0.405369 0.202446 0.0754232 0.305137 0.00275858
0 0.059139 0.214164 0.101715 0.275707 0.00248869
0 0.318298 0.298989 0.0958589 0.279859 0.00221827
0 0.286777 0.130419 0.0674163 0.258795 0.00207709
0 0.55223 0.911456 0.0675439 0.177089 0.00196277
0 0.545179 0.8764 0.0825744 0.247199 0.00174035
0 0.43686 0.319805 0.0915337 0.335409 0.00168406
0 0.0966578 0.124005 0.0789027 0.243213 0.00154371
0 0.199554 0.132167 0.0739886 0.249521 0.00138672
0 0.318391 0.165559 0.0715927 0.279519 0.00133512
0 0.356095 0.215474 0.0849705 0.272853 0.00131244
0 0.41345 0.257518 0.0467164 0.166242 0.00128694
0 0.603887 0.908705 0.110577 0.181573 0.00123428
