0 0.360642 0.779494 0.0955157 0.28818 0.861573
0 0.259849 0.49537 0.0743916 0.19606 0.814035
0 0.283242 0.677576 0.0619241 0.294699 0.772151
0 0.240563 0.708053 0.0757924 0.268048 0.764816
0 0.499312 0.976726 0.0604411 0.0465477 0.734501
0 0.392678 0.962936 0.0774954 0.07402 0.727499
0 0.313899 0.272042 0.0942236 0.25367 0.478724
0 0.105022 0.181308 0.108473 0.298658 0.406482
0 0.246263 0.191064 0.0835779 0.281178 0.0389497
0 0.418278 0.247224 0.0547285 0.239389 0.0331386
0 0.258958 0.133854 0.0720001 0.239971 0.0321643
0 0.0864384 0.153852 0.104544 0.288689 0.0131502
0 0.233156 0.157059 0.0898922 0.276899 0.0131348
0 0.114063 0.137475 0.0853812 0.274949 0.0129212
0 0.199097 0.149203 0.0715251 0.282643 0.0122427
0 0.262524 0.675031 0.0778873 0.29405 0.00991608
0 0.127216 0.205366 0.109632 0.298692 0.00930801
0 0.273958 0.148835 0.0650159 0.241349 0.0065668
0 0.266505 0.212964 0.097377 0.301737 0.00585273
0 0.294621 0.254428 0.101763 0.26298 0.00509176
0 0.328991 0.232465 0.0794885 0.281458 0.00441236
0 0.177339 0.19492 0.0891171 0.294171 0.00424816
0 0.51362 0.972058 0.0861193 0.0558839 0.00414545
0 0.497642 0.978096 0.0286068 0.042609 0.0037797
0 0.201556 0.184327 0.101898 0.305286 0.0027443
0 0.339076 0.288483 0.0830929 0.26959 0.00230758
0 0.224415 0.207316 0.083664 0.296123 0.00230601
0 0.158066 0.208576 0.0891059 0.274009 0.00215602
0 0.355009 0.150187 0.0668635 0.233939 0.00196872
0 0.499722 0.965843 0.0733293 0.0629859 0.00196218
0 0.514014 0.979093 0.0708692 0.0409452 0.0019015
0 0.257833 0.456394 0.0684985 0.128864 0.00171966
0 0.439706 0.24305 0.0821196 0.246659 0.00161628
0 0.370865 0.964481 0.108508 0.068907 0.00155226
0 0.215042 0.133983 0.0796667 0.266228 0.00151161
0 0.400029 0.964558 0.0481704 0.0701463 0.0014824
0 0.391437 0.229498 0.0745612 0.259185 0.00135811
0 0.38636 0.961031 0.0477896 0.0779379 0.00117317
0 0.375256 0.248877 0.0728332 0.273484 0.00111705
0 0.0969835 0.116239 0.0839642 0.232478 0.00108914
