0 0.958559 0.397182 0.082882 0.207986 0.850233
0 0.296556 0.19947 0.0944409 0.298319 0.172489
0 0.0935194 0.18329 0.11419 0.30095 0.136381
0 0.303857 0.290741 0.0907213 0.279093 0.0809742
0 0.276019 0.159011 0.0818192 0.287823 0.0274496
0 0.258164 0.148573 0.0785708 0.279319 0.0202654
0 0.245255 0.222287 0.0912814 0.298676 0.0127555
0 0.313831 0.227403 0.105408 0.296043 0.0115195
0 0.367454 0.232966 0.0970898 0.278724 0.00541601
0 0.196961 0.135449 0.0799281 0.256066 0.00495241
0 0.230958 0.152026 0.0936692 0.279814 0.00461989
0 0.345447 0.25532 0.111974 0.303022 0.00366715
0 0.287243 0.1947 0.0754068 0.223858 0.00361725
0 0.274242 0.112216 0.0675321 0.216108 0.00326175
0 0.268512 0.224336 0.106424 0.283491 0.00276094
0 0.222336 0.211934 0.110702 0.282099 0.00260383
0 0.392759 0.245013 0.106487 0.272048 0.00216966
0 0.0973326 0.140431 0.0915612 0.239731 0.00212029
0 0.28839 0.258539 0.0965261 0.270529 0.00210163
0 0.540749 0.983954 0.0646252 0.0320923 0.00168407
0 0.327855 0.303024 0.128047 0.288531 0.00144393
0 0.0724585 0.152754 0.108146 0.254744 0.00117012
0 0.288599 0.102859 0.066324 0.198632 0.00104328
