0 0.316258 0.911195 0.0791479 0.17761 0.893392
0 0.8368 0.405722 0.0892214 0.225683 0.84401
0 0.235681 0.923541 0.078944 0.152917 0.828904
0 0.593422 0.116371 0.0765003 0.20003 0.822372
0 0.0353942 0.298594 0.0707884 0.274932 0.652657
0 0.0981404 0.130549 0.087076 0.250604 0.127869
0 0.270428 0.182002 0.0779893 0.268903 0.101913
0 0.323226 0.261985 0.116567 0.340536 0.0771646
0 0.114828 0.177669 0.0824783 0.276776 0.0323708
0 0.27003 0.126515 0.0590201 0.243012 0.0262948
0 0.418597 0.259174 0.0519592 0.237259 0.0205653
0 0.339941 0.302571 0.0992366 0.27404 0.00855852
0 0.0723179 0.12043 0.100476 0.238086 0.00832675
0 0.248108 0.183588 0.0980057 0.279897 0.0063865
0 0.0835522 0.194298 0.116271 0.304488 0.0062635
0 0.2879 0.166075 0.0840712 0.276542 0.00615835
0 0.19891 0.142796 0.0774498 0.254577 0.00589039
0 0.305111 0.224319 0.102236 0.32156 0.00350312
0 0.043755 0.0961308 0.0770712 0.184907 0.00264501
0 0.0228834 0.287004 0.0457668 0.257081 0.00259969
0 0.288317 0.12283 0.0694402 0.240466 0.00247615
0 0.0290128 0.0871247 0.0565173 0.17065 0.00165313
0 0.359492 0.259674 0.11641 0.324 0.00149701
0 0.0303841 0.249504 0.0592808 0.212057 0.00148531
0 0.218481 0.181944 0.0916369 0.279672 0.00132408
0 0.132588 0.151185 0.076374 0.265844 0.00127057
