0 0.132848 0.814663 0.0826258 0.309256 0.887324
0 0.320828 0.784881 0.0924632 0.310586 0.882588
0 0.237561 0.783898 0.0830002 0.319955 0.876241
0 0.281177 0.186556 0.0774588 0.255815 0.283552
0 0.0798937 0.149926 0.0923053 0.266769 0.126119
0 0.304827 0.289789 0.0931657 0.269665 0.0876827
0 0.295874 0.224536 0.0900809 0.292209 0.0691139
0 0.0961547 0.19338 0.124928 0.309456 0.0620692
0 0.129663 0.200187 0.0903271 0.299497 0.0348787
0 0.260596 0.18032 0.0862248 0.254777 0.0245814
0 0.269685 0.122937 0.0652748 0.237595 0.0068794
0 0.15283 0.209663 0.0953885 0.281825 0.00540544
0 0.230122 0.158933 0.0857581 0.253273 0.00263849
0 0.115679 0.165902 0.0911708 0.29032 0.00201581
0 0.375267 0.284501 0.107314 0.292301 0.00190122
0 0.20745 0.164034 0.0967535 0.263513 0.00156707
0 0.326461 0.257903 0.113411 0.286371 0.00116433
0 0.0630393 0.176591 0.0977026 0.291673 0.00102751
