0 0.0684845 0.543354 0.0922534 0.245268 0.866797
0 0.202151 0.47892 0.066053 0.254214 0.855197
0 0.150278 0.488138 0.0614751 0.269728 0.850443
0 0.58478 0.111723 0.0768509 0.213537 0.819036
0 0.306266 0.219337 0.0899074 0.29924 0.317523
0 0.225161 0.148353 0.103738 0.277201 0.121934
0 0.283675 0.18677 0.0817056 0.289287 0.0338598
0 0.248943 0.182192 0.0874355 0.291093 0.0305097
0 0.155171 0.242032 0.100525 0.254231 0.0285208
0 0.270624 0.157003 0.0702689 0.275223 0.0267908
0 0.417734 0.247331 0.0542294 0.237521 0.0164114
0 0.168059 0.481219 0.0864977 0.272 0.0149372
0 0.198157 0.148011 0.0773273 0.271123 0.0123735
0 0.236086 0.220608 0.0954549 0.28751 0.0114571
0 0.255578 0.124558 0.0743085 0.246179 0.0109053
0 0.30659 0.28487 0.0786218 0.268713 0.00536897
0 0.323432 0.240758 0.0718706 0.275198 0.0050441
0 0.291022 0.130874 0.0734062 0.253219 0.00401824
0 0.276847 0.108044 0.0659014 0.209146 0.00307018
0 0.933679 0.0414709 0.0686693 0.0822818 0.00222926
0 0.204882 0.221494 0.109888 0.28293 0.00156157
0 0.176363 0.229832 0.086247 0.250703 0.00154119
0 0.279219 0.192345 0.0623931 0.223892 0.00143614
