0 0.406438 0.895426 0.116391 0.208207 0.877013
0 0.554823 0.0680864 0.0679918 0.13163 0.706962
0 0.275571 0.185716 0.0918401 0.277176 0.0165973
0 0.256281 0.137309 0.0689066 0.242593 0.0109431
0 0.298694 0.219708 0.0861471 0.305088 0.00770255
0 0.31569 0.24194 0.0754071 0.262173 0.00643333
0 0.278447 0.103891 0.061968 0.200991 0.00268635
0 0.244969 0.179842 0.0780324 0.249629 0.00268208
0 0.343696 0.243352 0.0897618 0.269365 0.00202414
0 0.672282 0.0411113 0.0858476 0.0798887 0.00148612
0 0.192484 0.145773 0.0645937 0.225541 0.0013587
