0 0.683985 0.262721 0.09341 0.193971 0.877903
0 0.129241 0.197013 0.100892 0.311867 0.108571
0 0.281443 0.185876 0.0764264 0.253479 0.0389178
0 0.152691 0.211468 0.105753 0.313964 0.0139881
0 0.294841 0.224972 0.0860864 0.28401 0.0108766
0 0.263415 0.187794 0.0833156 0.274064 0.0107612
0 0.110885 0.167878 0.0910816 0.303181 0.00940807
0 0.271213 0.121373 0.0662879 0.237178 0.00688943
0 0.283707 0.101041 0.0620053 0.19622 0.00513248
0 0.204182 0.165553 0.0837158 0.273075 0.00508913
0 0.315615 0.243234 0.0765313 0.274126 0.00374856
0 0.224602 0.157526 0.0847694 0.269958 0.00363749
0 0.127211 0.137731 0.0884381 0.270605 0.00304203
0 0.357191 0.230261 0.0890135 0.262462 0.00263961
0 0.321 0.156322 0.0809102 0.258924 0.00243426
0 0.246122 0.135547 0.0771508 0.259772 0.00175218
0 0.540873 0.983907 0.0625074 0.0321171 0.00174181
0 0.230863 0.215932 0.0934993 0.290088 0.00158308
0 0.184622 0.18117 0.0906019 0.289172 0.00154038
0 0.0903642 0.190632 0.113252 0.326481 0.00138455
0 0.293983 0.120436 0.0849603 0.240873 0.00109926
