0 0.855219 0.43733 0.0903196 0.236069 0.901304
0 0.31969 0.247087 0.0850998 0.295355 0.674698
0 0.416802 0.256899 0.0487173 0.218983 0.433132
0 0.24675 0.202134 0.0837362 0.277291 0.209887
0 0.53166 0.072719 0.0775373 0.142706 0.032616
0 0.410473 0.23031 0.0675981 0.280704 0.0320652
0 0.268222 0.153479 0.0689741 0.270731 0.0285518
0 0.30015 0.228313 0.100447 0.299925 0.0100262
0 0.15509 0.185569 0.0832365 0.272953 0.00742031
0 0.392898 0.25103 0.0835069 0.252525 0.00640681
0 0.337574 0.269332 0.0906323 0.287509 0.00470385
0 0.27916 0.193672 0.0865749 0.280657 0.0041483
0 0.280998 0.126478 0.0629204 0.24148 0.00364319
0 0.0341048 0.848848 0.0657098 0.223065 0.00290871
0 0.224485 0.197859 0.0969711 0.277772 0.00268083
0 0.514211 0.0719407 0.0523545 0.139251 0.0024673
0 0.261054 0.111222 0.0655471 0.213301 0.0018986
0 0.43062 0.225718 0.0724904 0.271595 0.001659
0 0.236802 0.132191 0.0831264 0.25165 0.00144988
0 0.304944 0.17059 0.0894746 0.266117 0.00138919
0 0.320491 0.296062 0.0723466 0.216155 0.00129086
