0 0.44882 0.846078 0.0882585 0.301725 0.892093
0 0.940367 0.337176 0.0691296 0.22143 0.84413
0 0.130705 0.323594 0.0647622 0.250944 0.813718
0 0.979088 0.361993 0.0396526 0.19459 0.789706
0 0.0673873 0.323071 0.0674953 0.263784 0.781599
0 0.30062 0.23058 0.092299 0.292339 0.470265
0 0.418835 0.249123 0.0533026 0.236349 0.188483
0 0.238303 0.212461 0.0879129 0.271371 0.154365
0 0.258912 0.157409 0.0739204 0.277212 0.111903
0 0.272613 0.181564 0.0714914 0.280511 0.0776371
0 0.305012 0.296051 0.0919469 0.258757 0.0345798
0 0.096696 0.320593 0.0697603 0.258507 0.0218621
0 0.0990461 0.11761 0.0765237 0.220766 0.0176009
0 0.223249 0.182025 0.0833132 0.268445 0.00756475
0 0.204132 0.152786 0.0817406 0.281194 0.00661357
0 0.235164 0.138173 0.0871791 0.270284 0.00624107
0 0.268056 0.117044 0.0600598 0.222895 0.00486149
0 0.291811 0.186646 0.0775107 0.222972 0.00456482
0 0.0835467 0.146165 0.0832019 0.247737 0.00338442
0 0.051164 0.346541 0.073681 0.257224 0.00234391
0 0.280057 0.134389 0.0659262 0.258075 0.00215182
0 0.212198 0.223063 0.0846668 0.265444 0.00197018
0 0.104776 0.1617 0.0964075 0.291314 0.00176394
0 0.967858 0.360447 0.064283 0.199941 0.00164433
0 0.325659 0.242931 0.112505 0.288453 0.00152351
0 0.44154 0.228471 0.0905686 0.240531 0.00148414
0 0.0768759 0.360012 0.0480461 0.240835 0.00144603
0 0.981508 0.318308 0.0349625 0.107781 0.0013781
0 0.114291 0.332491 0.0818347 0.27467 0.00135272
0 0.143241 0.193082 0.0734696 0.26811 0.00129808
0 0.188824 0.134897 0.0719765 0.257236 0.00129001
0 0.269619 0.238023 0.086727 0.2743 0.00111407
