0 0.957186 0.618915 0.0807758 0.237464 0.86266
0 0.123133 0.197307 0.0972347 0.337477 0.67265
0 0.326957 0.222995 0.0774042 0.298688 0.272598
0 0.301038 0.214909 0.0925523 0.311064 0.251993
0 0.278153 0.151252 0.0776909 0.285663 0.212161
0 0.229223 0.223868 0.0966221 0.298075 0.118744
0 0.259221 0.125756 0.0670285 0.245863 0.0291415
0 0.349524 0.228795 0.0831873 0.286012 0.0245861
0 0.224288 0.165668 0.0858475 0.264726 0.015624
0 0.285063 0.104154 0.0670796 0.196467 0.0151416
0 0.203558 0.149745 0.0752334 0.270614 0.0100069
0 0.146523 0.229009 0.0966291 0.308072 0.00992277
0 0.25573 0.17999 0.0857681 0.267024 0.00717468
0 0.10117 0.168503 0.102522 0.318067 0.00676408
0 0.42942 0.11836 0.0670605 0.20064 0.00654588
0 0.291288 0.182296 0.0766411 0.228455 0.00455793
0 0.273786 0.223189 0.0760174 0.284485 0.00421365
0 0.355059 0.152049 0.0644055 0.237944 0.0036604
0 0.119282 0.142688 0.0806553 0.285377 0.00364663
0 0.171454 0.232953 0.111164 0.298396 0.00283799
0 0.321143 0.301917 0.0921324 0.297725 0.00267822
0 0.316842 0.167759 0.0813981 0.301548 0.0026335
0 0.239387 0.184502 0.0773559 0.224657 0.00242157
0 0.366762 0.256067 0.0982441 0.289258 0.00234056
0 0.937885 0.0561192 0.0748463 0.108456 0.00223269
0 0.426025 0.158296 0.0880417 0.264835 0.00207218
0 0.332719 0.0885542 0.0533937 0.167545 0.00181676
0 0.420036 0.243902 0.068187 0.260958 0.0017998
0 0.418442 0.0996011 0.0634679 0.176936 0.0017971
0 0.341882 0.30345 0.0857868 0.284656 0.00159462
0 0.343073 0.181353 0.0656027 0.297075 0.00155707
0 0.534429 0.980351 0.0853567 0.0392986 0.00119896
0 0.36488 0.196133 0.0824201 0.312594 0.00116757
0 0.186858 0.164405 0.0712651 0.276774 0.00109742
0 0.126723 0.193868 0.0837643 0.229861 0.00107562
0 0.432023 0.215876 0.0980084 0.29691 0.00101024
