0 0.0366712 0.302023 0.0724864 0.267805 0.743796
0 0.297746 0.213303 0.0911633 0.304722 0.293017
0 0.304719 0.285856 0.0837345 0.257583 0.161176
0 0.268832 0.165191 0.0882067 0.275476 0.12165
0 0.10746 0.195257 0.0897952 0.282773 0.0832799
0 0.142587 0.226617 0.0816438 0.300054 0.0321253
0 0.241557 0.15701 0.0873611 0.277433 0.0150398
0 0.267946 0.125093 0.0637753 0.242676 0.0113036
0 0.122069 0.238218 0.0859165 0.286974 0.00840625
0 0.41412 0.257613 0.0533426 0.236269 0.00786793
0 0.164493 0.224551 0.0956614 0.300605 0.00603082
0 0.0862057 0.161687 0.0953083 0.273815 0.00442507
0 0.0981583 0.129407 0.074696 0.239504 0.004129
0 0.283749 0.192467 0.0752492 0.224787 0.00323007
0 0.202662 0.155614 0.0897692 0.270083 0.00290567
0 0.254903 0.205341 0.094785 0.279892 0.00191094
0 0.327122 0.289729 0.10081 0.272534 0.00155354
0 0.283951 0.130977 0.0670331 0.259704 0.00152773
0 0.221044 0.179388 0.0915345 0.273958 0.00146616
0 0.0216414 0.289681 0.0432829 0.25142 0.0013804
0 0.345685 0.251805 0.101737 0.287184 0.00135718
0 0.127037 0.167921 0.0782994 0.277569 0.00121367
