0 0.604866 0.185252 0.0821457 0.210398 0.854811
0 0.708131 0.0737209 0.0707315 0.136209 0.530259
0 0.270682 0.161705 0.0717976 0.258768 0.526169
0 0.108059 0.152111 0.0846622 0.260588 0.272363
0 0.317936 0.289761 0.100911 0.275928 0.0908727
0 0.41967 0.249379 0.0558518 0.258681 0.0850118
0 0.304989 0.245771 0.0895908 0.305819 0.0465049
0 0.341327 0.30091 0.0754563 0.264309 0.02714
0 0.117656 0.196867 0.0978341 0.294437 0.0235675
0 0.28613 0.179122 0.0737343 0.260706 0.0149945
0 0.198937 0.13362 0.0754045 0.248619 0.0105488
0 0.236003 0.151762 0.0970099 0.271236 0.00835023
0 0.317108 0.204335 0.080956 0.294684 0.00551098
0 0.143072 0.20181 0.106564 0.302301 0.00487859
0 0.259223 0.124667 0.0682034 0.244102 0.00470772
0 0.341794 0.256958 0.100958 0.324702 0.00423254
0 0.260561 0.196846 0.0777401 0.244285 0.00293225
0 0.0904582 0.135253 0.091297 0.262578 0.00260887
0 0.372286 0.261196 0.113316 0.318954 0.00225351
0 0.29002 0.257674 0.0754044 0.258867 0.00221152
0 0.216881 0.124583 0.0866432 0.249166 0.00123405
0 0.397403 0.258205 0.0918233 0.280522 0.00114908
0 0.13003 0.152347 0.0892266 0.258798 0.00112455
