0 0.752815 0.355389 0.0810818 0.207496 0.874565
0 0.108563 0.398912 0.0917601 0.27703 0.838948
0 0.0339917 0.403847 0.0662376 0.303538 0.812744
0 0.29012 0.198282 0.0897838 0.269108 0.423893
0 0.418796 0.249327 0.0547294 0.235746 0.104
0 0.117671 0.134687 0.0814366 0.220518 0.0918669
0 0.304559 0.240998 0.0965517 0.280926 0.0653777
0 0.268581 0.188859 0.0769484 0.258714 0.0315305
0 0.202102 0.14262 0.0815926 0.254938 0.0250994
0 0.0929821 0.127468 0.0850589 0.232884 0.0114414
0 0.269409 0.124552 0.0681757 0.243152 0.00608431
0 0.23245 0.186201 0.09508 0.267095 0.00534745
0 0.288931 0.274855 0.0999404 0.27447 0.00377543
0 0.314848 0.301796 0.108348 0.286742 0.00287871
0 0.031722 0.343623 0.0607624 0.2257 0.00239496
0 0.423187 0.233121 0.0806952 0.25942 0.00181485
0 0.126606 0.17554 0.0946463 0.239034 0.00174932
0 0.247806 0.135962 0.0784898 0.25449 0.00155743
0 0.327454 0.227602 0.100117 0.301767 0.00154029
0 0.38033 0.225167 0.0926909 0.280711 0.00127227
0 0.290792 0.120161 0.0709862 0.229919 0.00125265
