0 0.755892 0.141826 0.0815884 0.250612 0.884173
0 0.269684 0.180118 0.0856537 0.263901 0.187341
0 0.293464 0.218926 0.0980852 0.310193 0.0894286
0 0.257898 0.139772 0.0751585 0.259064 0.0461791
0 0.116921 0.194217 0.0866521 0.282773 0.0365775
0 0.246318 0.179497 0.0891206 0.265932 0.0215337
0 0.306653 0.299901 0.0917731 0.287251 0.0136501
0 0.107516 0.149331 0.0825861 0.261038 0.0125265
0 0.314222 0.239642 0.0831171 0.287984 0.00985572
0 0.200137 0.14763 0.0760592 0.256945 0.00689352
0 0.235749 0.134577 0.0870102 0.257712 0.00646159
0 0.331744 0.304295 0.0863724 0.280839 0.00575175
0 0.271217 0.112 0.0648881 0.215072 0.00538305
0 0.221858 0.180214 0.0861158 0.264029 0.00347425
0 0.34755 0.219558 0.0913033 0.301801 0.00270567
0 0.352013 0.288337 0.0971213 0.307869 0.00253389
0 0.368675 0.25038 0.09407 0.290767 0.00217904
0 0.28633 0.181333 0.0771102 0.225577 0.0013232
0 0.273824 0.23908 0.0960455 0.301152 0.00112255
0 0.283978 0.100257 0.0590439 0.196143 0.00111256
