0 0.70561 0.103023 0.0821918 0.199611 0.859936
0 0.115496 0.183335 0.101262 0.327195 0.643869
0 0.562743 0.0964774 0.0693875 0.129716 0.607047
0 0.297215 0.218529 0.0995645 0.302871 0.427845
0 0.417768 0.262034 0.0509962 0.234268 0.0275576
0 0.317423 0.299361 0.0899022 0.270384 0.0274384
0 0.560123 0.139217 0.0738727 0.212262 0.0221368
0 0.34204 0.302815 0.0790543 0.261363 0.0169892
0 0.101264 0.139645 0.0825191 0.2752 0.0107662
0 0.202036 0.132823 0.0830223 0.251652 0.00742563
0 0.258117 0.216506 0.103093 0.299219 0.00672212
0 0.26676 0.135486 0.075518 0.256054 0.00514429
0 0.368316 0.287713 0.112885 0.272132 0.00506783
0 0.222876 0.147626 0.0895631 0.275996 0.00459777
0 0.186396 0.150181 0.072072 0.258251 0.00402766
0 0.139258 0.206335 0.110226 0.294823 0.00400301
0 0.281 0.167225 0.0804709 0.267013 0.00378565
0 0.245713 0.134714 0.0748826 0.255435 0.00370804
0 0.231388 0.21504 0.0848136 0.285935 0.00359137
0 0.180241 0.196364 0.0982228 0.292379 0.00326619
0 0.351095 0.255436 0.10336 0.305176 0.00325635
0 0.276159 0.238074 0.0831826 0.278279 0.00218832
0 0.200716 0.215456 0.101857 0.28752 0.00174752
0 0.399871 0.259552 0.0720543 0.246238 0.00157552
0 0.328015 0.242556 0.0902613 0.295157 0.00138199
0 0.372687 0.226414 0.100933 0.300052 0.00133707
0 0.0892634 0.180081 0.113463 0.308616 0.00126613
0 0.117764 0.192987 0.0863977 0.229966 0.00114804
0 0.277715 0.109138 0.0680725 0.205707 0.00103994
