0 0.120676 0.298445 0.0783497 0.270265 0.830119
0 0.0203572 0.397618 0.0389745 0.275645 0.753666
0 0.418896 0.249013 0.054116 0.24106 0.392504
0 0.238327 0.217429 0.0776009 0.264936 0.321837
0 0.306471 0.231502 0.0800989 0.290655 0.305975
0 0.270735 0.159456 0.0607751 0.258359 0.211541
0 0.288337 0.212872 0.0829088 0.295149 0.0665194
0 0.256891 0.194781 0.0783991 0.2586 0.0211991
0 0.217249 0.215235 0.0823617 0.269263 0.0139718
0 0.26007 0.124891 0.06344 0.2362 0.0108461
0 0.323099 0.255346 0.0804133 0.271496 0.00838524
0 0.122435 0.154053 0.071497 0.230489 0.00758435
0 0.30827 0.284429 0.0673737 0.243105 0.00723377
0 0.233244 0.16391 0.0772029 0.264224 0.00676622
0 0.112806 0.120888 0.0716904 0.210594 0.00589884
0 0.19649 0.151774 0.0682587 0.258896 0.00571528
0 0.0274418 0.295572 0.0548836 0.25546 0.00496964
0 0.0153954 0.4248 0.0277786 0.265644 0.00256387
0 0.398347 0.243897 0.0744257 0.258285 0.00193066
0 0.541819 0.980809 0.0717258 0.0383817 0.00182579
0 0.0316512 0.394832 0.0633024 0.282019 0.00146262
0 0.0203234 0.39572 0.0376935 0.160075 0.00133872
0 0.0198138 0.34064 0.0382479 0.200358 0.0013126
0 0.192068 0.214695 0.0669613 0.261306 0.0012138
