0 0.738206 0.131972 0.0832231 0.235369 0.913583
0 0.967239 0.588595 0.0653221 0.231773 0.880021
0 0.538702 0.937295 0.116663 0.12541 0.866966
0 0.826566 0.468637 0.109842 0.207419 0.862953
0 0.052057 0.680748 0.0834763 0.302415 0.859855
0 0.281196 0.18425 0.0913645 0.278885 0.0665416
0 0.60263 0.106161 0.0887562 0.20736 0.0583456
0 0.605444 0.051566 0.0887238 0.0961726 0.0384088
0 0.312533 0.190701 0.109668 0.30936 0.00784892
0 0.625896 0.0443352 0.0522723 0.0816652 0.00705148
0 0.309645 0.285723 0.102879 0.237404 0.00394747
0 0.104056 0.167953 0.0911064 0.278849 0.00362915
0 0.329115 0.260246 0.123402 0.258496 0.0027471
0 0.347239 0.223572 0.12581 0.296849 0.00209819
0 0.0682149 0.126799 0.0918061 0.248696 0.00206787
0 0.269388 0.136819 0.0876397 0.259101 0.00160539
0 0.260067 0.206507 0.101366 0.271455 0.00134215
0 0.29346 0.222028 0.0913788 0.281803 0.00130132
0 0.970287 0.403131 0.0589966 0.145708 0.0010031
