0 0.336892 0.90282 0.0951736 0.194304 0.88925
0 0.13091 0.788326 0.0801196 0.279782 0.874135
0 0.230246 0.930646 0.108611 0.137812 0.858855
0 0.0823073 0.286438 0.0789195 0.262359 0.819258
0 0.023927 0.286053 0.0477079 0.232012 0.799488
0 0.961531 0.583538 0.0722404 0.221463 0.766733
0 0.26671 0.135712 0.0668999 0.244544 0.169065
0 0.281582 0.19447 0.091997 0.297222 0.0563656
0 0.192851 0.138755 0.067534 0.252721 0.0388448
0 0.040008 0.285182 0.080016 0.245385 0.0161368
0 0.417462 0.249078 0.0528872 0.239233 0.0157657
0 0.303141 0.224558 0.087818 0.306846 0.0147456
0 0.26018 0.19583 0.0834461 0.270252 0.010991
0 0.30656 0.302024 0.0885963 0.280425 0.0105647
0 0.217433 0.150821 0.0948967 0.273837 0.0066415
0 0.39629 0.244274 0.0861815 0.254036 0.00293843
0 0.18296 0.178293 0.0806269 0.285974 0.00258212
0 0.015025 0.300535 0.028541 0.249028 0.00252205
0 0.373284 0.284373 0.102851 0.284959 0.00211025
0 0.232507 0.214332 0.0992479 0.277892 0.00202408
0 0.250128 0.147915 0.0758954 0.260176 0.0019793
0 0.288187 0.105787 0.0623641 0.203777 0.00197094
0 0.974092 0.596501 0.0500563 0.226175 0.00153795
0 0.020814 0.25146 0.0400067 0.172953 0.00151356
0 0.328013 0.258351 0.100954 0.304632 0.00112697
