0 0.938817 0.526847 0.0970644 0.265052 0.904316
0 0.0570456 0.499281 0.0722912 0.267108 0.808318
0 0.0792344 0.427386 0.0914581 0.258508 0.615554
0 0.271487 0.149366 0.0844949 0.274666 0.0735976
0 0.410278 0.248622 0.0603543 0.248059 0.0394801
0 0.295294 0.223465 0.100193 0.302185 0.0237662
0 0.353141 0.255711 0.104748 0.32232 0.0157575
0 0.255683 0.189201 0.0980414 0.300082 0.0151474
0 0.0981987 0.415169 0.0703152 0.245186 0.010388
0 0.195555 0.137834 0.0771039 0.265 0.00906657
0 0.22645 0.193203 0.0958432 0.294302 0.00810442
0 0.325782 0.284274 0.107866 0.322335 0.0067492
0 0.219734 0.134162 0.0934237 0.264605 0.0031394
0 0.0894073 0.340956 0.073684 0.121985 0.00280409
0 0.302124 0.15169 0.0958576 0.270906 0.00188831
0 0.187089 0.186464 0.0883148 0.29113 0.0014844
0 0.0832034 0.386045 0.0758097 0.196847 0.00139597
0 0.378459 0.242839 0.0931499 0.273315 0.00117277
0 0.314474 0.198726 0.0927906 0.289542 0.00108489
