0 0.192552 0.456735 0.0702893 0.267848 0.89076
0 0.122772 0.46416 0.0748116 0.262249 0.880519
0 0.302963 0.233775 0.0795818 0.288873 0.433699
0 0.252348 0.178448 0.0892265 0.272494 0.300215
0 0.279248 0.181895 0.0719585 0.259237 0.0995942
0 0.418198 0.244597 0.0559058 0.253801 0.0663015
0 0.266782 0.144518 0.0740555 0.270195 0.0205758
0 0.194125 0.183899 0.087959 0.291346 0.0191653
0 0.178069 0.20919 0.0854958 0.256007 0.0179778
0 0.15751 0.213712 0.0917539 0.271434 0.0101328
0 0.237077 0.206967 0.0888544 0.27702 0.00928292
0 0.218268 0.165079 0.0941124 0.286965 0.0085328
0 0.314856 0.287418 0.0792162 0.286931 0.00575064
0 0.422657 0.204085 0.0789754 0.304865 0.00571028
0 0.324416 0.242117 0.0758938 0.275958 0.00448059
0 0.133427 0.21166 0.094607 0.274737 0.00405948
0 0.367783 0.230273 0.0934202 0.269514 0.00324923
0 0.346551 0.222788 0.0874138 0.29341 0.00220998
0 0.395583 0.242979 0.091353 0.261073 0.00208535
0 0.247236 0.124828 0.0798792 0.249656 0.00203374
0 0.289672 0.126715 0.072452 0.252151 0.00198515
0 0.268601 0.222246 0.0873547 0.277858 0.00181659
0 0.276422 0.108675 0.0670553 0.209279 0.00158537
0 0.314825 0.197109 0.0822983 0.300847 0.00155877
0 0.122576 0.163847 0.0859004 0.27311 0.0011864
0 0.331663 0.154012 0.0617609 0.244974 0.0010621
0 0.421197 0.122186 0.0722324 0.195297 0.0010597
0 0.441733 0.229287 0.0985742 0.267068 0.00101387
