0 0.0967143 0.428801 0.085936 0.277374 0.898959
0 0.177173 0.432189 0.0735599 0.269767 0.837293
0 0.736481 0.293584 0.0824068 0.21073 0.813487
0 0.243253 0.198594 0.0903984 0.263271 0.548532
0 0.29801 0.176135 0.086863 0.280084 0.1108
0 0.272171 0.183813 0.0962528 0.276909 0.107047
0 0.30495 0.255979 0.09315 0.321391 0.0246656
0 0.417144 0.248449 0.0566423 0.237953 0.0110129
0 0.27592 0.135016 0.0688461 0.25611 0.007829
0 0.193479 0.14879 0.07523 0.273252 0.00747965
0 0.213854 0.185728 0.0972158 0.275234 0.00698914
0 0.314777 0.153607 0.0880225 0.268289 0.00558603
0 0.316068 0.314102 0.105071 0.274542 0.00519232
0 0.328462 0.240879 0.113577 0.298469 0.00442687
0 0.176034 0.176314 0.0752223 0.267604 0.00308736
0 0.258038 0.151131 0.0900404 0.270771 0.00261775
0 0.345143 0.192067 0.101273 0.305647 0.00261698
0 0.156599 0.179032 0.0772434 0.264534 0.00261318
0 0.282032 0.0951191 0.0579268 0.189203 0.00233539
0 0.265861 0.0994724 0.0622723 0.195308 0.00209677
0 0.397234 0.244531 0.0763674 0.246713 0.00165749
0 0.368615 0.220825 0.104916 0.299635 0.00162744
0 0.19712 0.430623 0.0977815 0.283687 0.00131324
0 0.285332 0.22529 0.0974407 0.28968 0.00111439
