0 0.378298 0.94281 0.0711393 0.11438 0.86693
0 0.231184 0.917979 0.0856234 0.162998 0.866667
0 0.011498 0.215163 0.0217363 0.253061 0.271066
0 0.119736 0.197062 0.0845073 0.290986 0.138638
0 0.265548 0.138743 0.0650299 0.235084 0.124993
0 0.305341 0.287699 0.103534 0.282316 0.0862608
0 0.418523 0.251297 0.054042 0.231536 0.0608179
0 0.256654 0.180283 0.0881272 0.272199 0.0575316
0 0.109482 0.150833 0.0815147 0.293268 0.00749044
0 0.24154 0.154536 0.0884269 0.261306 0.00600417
0 0.305663 0.230959 0.08824 0.303327 0.00583712
0 0.141274 0.220942 0.0944826 0.269496 0.00550217
0 0.272179 0.210899 0.0898695 0.312144 0.00543717
0 0.3507 0.28151 0.0936518 0.302841 0.00509845
0 0.327107 0.259265 0.108446 0.295229 0.00489506
0 0.291275 0.194782 0.0889378 0.293912 0.00434023
0 0.279612 0.127178 0.0605587 0.22857 0.00297587
0 0.288738 0.260335 0.0844091 0.269855 0.00277605
0 0.0158301 0.23112 0.0316602 0.26623 0.00223853
0 0.376869 0.258311 0.108688 0.293089 0.00215679
0 0.407364 0.232589 0.0776622 0.275822 0.00204141
0 0.274848 0.179108 0.069906 0.224792 0.00158521
0 0.204282 0.150719 0.0902567 0.252135 0.00145289
0 0.293948 0.334521 0.106147 0.288543 0.00142954
0 0.238348 0.214243 0.0993431 0.285179 0.00141988
0 0.0897056 0.159304 0.0812293 0.293085 0.00130623
0 0.221225 0.180913 0.102393 0.280504 0.00124037
0 0.0994149 0.206761 0.0904173 0.303532 0.001196
0 0.0093795 0.268742 0.0178354 0.323277 0.00105506
