0 0.246107 0.491422 0.0910189 0.292954 0.876817
0 0.244721 0.895589 0.114278 0.208791 0.873249
0 0.105139 0.508287 0.0649672 0.254699 0.816425
0 0.166114 0.441064 0.0766088 0.239625 0.800555
0 0.165109 0.543638 0.0807709 0.251181 0.800074
0 0.0431387 0.543028 0.0720411 0.271729 0.751366
0 0.0773027 0.424471 0.0798746 0.258506 0.529344
0 0.428116 0.239958 0.0781448 0.259156 0.0827496
0 0.0271386 0.512708 0.0538681 0.244232 0.0606518
0 0.0450195 0.318167 0.087478 0.261373 0.0549932
0 0.296123 0.193073 0.0896536 0.298279 0.0443963
0 0.271434 0.15621 0.0731914 0.282888 0.0330944
0 0.317235 0.221162 0.104285 0.316394 0.0325809
0 0.233753 0.209821 0.0936406 0.261951 0.0316657
0 0.340824 0.250246 0.118896 0.298091 0.0164979
0 0.0193507 0.499752 0.0372123 0.210489 0.0159117
0 0.30903 0.273733 0.0803895 0.246447 0.0137802
0 0.0632681 0.45588 0.085918 0.30775 0.0130724
0 0.259127 0.123555 0.0773908 0.243271 0.00866066
0 0.199503 0.152881 0.0910642 0.289325 0.00810055
0 0.148443 0.446256 0.0751087 0.262395 0.00636631
0 0.253742 0.196411 0.0843462 0.261263 0.00535146
0 0.0640581 0.293702 0.104096 0.2435 0.00463079
0 0.340471 0.192887 0.100709 0.31156 0.00431906
0 0.0133336 0.521155 0.0252829 0.235905 0.00401731
0 0.0370972 0.481182 0.0684703 0.262524 0.00366621
0 0.230434 0.136915 0.101322 0.273831 0.00345423
0 0.414197 0.243555 0.0620749 0.228373 0.00291424
0 0.433125 0.119439 0.0822061 0.208849 0.00280945
0 0.0645025 0.386367 0.0841994 0.216769 0.00279712
0 0.289134 0.134904 0.0792959 0.260661 0.00252306
0 0.330819 0.0949525 0.0657969 0.177001 0.00248128
0 0.194968 0.208681 0.104195 0.263648 0.00231676
0 0.281362 0.194483 0.0657257 0.224303 0.0022889
0 0.106147 0.147804 0.0862351 0.259188 0.002181
0 0.317222 0.168051 0.0860203 0.278485 0.00199788
0 0.0936832 0.465208 0.0743485 0.308927 0.00171488
0 0.131197 0.440729 0.0599453 0.249287 0.00166624
0 0.0595963 0.551847 0.0655364 0.251116 0.00148746
0 0.364263 0.224678 0.114532 0.304634 0.00133738
0 0.169073 0.209953 0.0982431 0.264628 0.00126259
0 0.268804 0.221279 0.0855016 0.267183 0.00125987
0 0.117316 0.194209 0.0923937 0.28123 0.00118192
0 0.129967 0.121802 0.0792095 0.243286 0.00112371
0 0.327771 0.302258 0.103723 0.261692 0.00101799
