0 0.926873 0.50271 0.0902596 0.234837 0.884888
0 0.732671 0.253394 0.085866 0.197474 0.859653
0 0.279362 0.54058 0.103126 0.300015 0.835594
0 0.751012 0.157526 0.084926 0.178883 0.707167
0 0.250718 0.212257 0.0923404 0.29121 0.260987
0 0.15257 0.232053 0.0961454 0.29983 0.128592
0 0.293451 0.215579 0.0935485 0.294989 0.107977
0 0.267334 0.183901 0.0975717 0.29447 0.0359951
0 0.268415 0.137708 0.0803318 0.263677 0.0250843
0 0.748768 0.123269 0.0807746 0.116949 0.0212818
0 0.133016 0.213197 0.0932592 0.301075 0.0124839
0 0.312544 0.201083 0.0846305 0.299492 0.0102588
0 0.553626 0.934083 0.0593766 0.130118 0.00624274
0 0.198035 0.219805 0.110156 0.296525 0.00561818
0 0.225439 0.208454 0.0860102 0.275492 0.00540244
0 0.170217 0.206366 0.0969222 0.310352 0.00516455
0 0.108356 0.219055 0.107711 0.318499 0.00411353
0 0.0685888 0.124562 0.0957902 0.249124 0.00379787
0 0.550449 0.964809 0.0622588 0.0672583 0.00335616
0 0.411725 0.260354 0.0737431 0.281885 0.00263052
0 0.53889 0.975969 0.0813261 0.0478963 0.00234302
0 0.205109 0.165071 0.0812194 0.276518 0.0022227
0 0.248546 0.13656 0.0881345 0.273119 0.00171488
0 0.092915 0.147699 0.0955167 0.277257 0.00137167
0 0.335074 0.216564 0.086846 0.311886 0.00111729
0 0.28671 0.133811 0.0745543 0.250452 0.00104099
0 0.541353 0.984847 0.0654024 0.0303059 0.00102804
