0 0.13208 0.563097 0.0952001 0.280235 0.851003
0 0.309281 0.241811 0.0881772 0.28559 0.57322
0 0.272139 0.164033 0.0671761 0.267088 0.290359
0 0.119625 0.194722 0.0992811 0.294623 0.249911
0 0.417122 0.245464 0.0496577 0.246441 0.194103
0 0.255135 0.191846 0.0873792 0.268501 0.0499534
0 0.423661 0.203058 0.0774536 0.303593 0.0454629
0 0.25972 0.139411 0.0715774 0.264262 0.044343
0 0.227525 0.156337 0.0976195 0.286829 0.0406815
0 0.201924 0.148869 0.076614 0.284658 0.032285
0 0.286426 0.193309 0.0697099 0.27029 0.0266364
0 0.152088 0.197848 0.115402 0.3004 0.0166511
0 0.233887 0.208183 0.0821771 0.268729 0.0146947
0 0.0995958 0.167011 0.0955714 0.300533 0.0108435
0 0.438124 0.242154 0.0806152 0.259036 0.0105495
0 0.331972 0.245162 0.0967123 0.284661 0.00768264
0 0.384923 0.218103 0.0801442 0.287271 0.00623908
0 0.20841 0.20918 0.0917058 0.270031 0.00231179
0 0.35045 0.273562 0.0769101 0.291843 0.00176584
0 0.399625 0.255567 0.0642982 0.249091 0.0017653
0 0.347805 0.191029 0.075532 0.305469 0.00167718
0 0.11593 0.139211 0.0832238 0.271088 0.00156515
0 0.177979 0.195814 0.0921075 0.287217 0.00155931
0 0.316125 0.298083 0.0899165 0.277505 0.00155087
0 0.416635 0.26598 0.0421823 0.166936 0.00124628
0 0.358492 0.229485 0.0687545 0.274471 0.00119875
0 0.0858437 0.131898 0.0792514 0.25741 0.001072
0 0.374215 0.27632 0.0756658 0.276653 0.00105403
0 0.284931 0.1359 0.0839997 0.270846 0.00104742
