0 0.149845 0.506423 0.0884303 0.26087 0.893332
0 0.124929 0.373085 0.0708647 0.207391 0.878105
0 0.506779 0.0842631 0.0837216 0.150399 0.87079
0 0.236516 0.215097 0.0747448 0.265027 0.420514
0 0.305857 0.283944 0.0786837 0.25476 0.179791
0 0.672689 0.041791 0.0819119 0.0824029 0.0185513
0 0.264018 0.135505 0.0616794 0.229571 0.0179278
0 0.256084 0.212189 0.0721627 0.271341 0.0150568
0 0.600506 0.984596 0.0397914 0.0308077 0.00760756
0 0.131906 0.221916 0.0829631 0.267845 0.00531528
0 0.445936 0.0423263 0.0494306 0.0837578 0.00477398
0 0.327156 0.285592 0.0923301 0.258287 0.00438599
0 0.214085 0.19817 0.0846028 0.270637 0.00428586
0 0.112467 0.193194 0.077929 0.27023 0.00211671
0 0.597782 0.986201 0.0266262 0.0275975 0.00179042
0 0.292415 0.209736 0.0876907 0.289521 0.00176236
0 0.576897 0.0283267 0.0678267 0.0553964 0.00160242
0 0.18065 0.180489 0.0627162 0.248945 0.00139745
0 0.249534 0.123794 0.0683924 0.242791 0.00125571
0 0.613344 0.986024 0.0638207 0.0279489 0.0010264
