0 0.678359 0.206422 0.0915806 0.229107 0.899439
0 0.379748 0.856199 0.0769878 0.287603 0.870053
0 0.444604 0.859739 0.0789691 0.276138 0.867848
0 0.970431 0.432339 0.0587629 0.208931 0.849185
0 0.249107 0.219108 0.0969841 0.299125 0.0893035
0 0.119247 0.193678 0.0967707 0.292755 0.0644968
0 0.277879 0.197327 0.098639 0.309107 0.045268
0 0.0961561 0.166124 0.113644 0.297777 0.0289115
0 0.297951 0.166334 0.0923586 0.282214 0.0212878
0 0.139705 0.208613 0.0847074 0.272157 0.0177528
0 0.268566 0.136955 0.0723776 0.244892 0.0169616
0 0.295313 0.301989 0.0969188 0.271012 0.00548782
0 0.21281 0.218301 0.113486 0.296927 0.00440739
0 0.203546 0.146263 0.0913164 0.271632 0.00299528
0 0.295789 0.241675 0.0882189 0.291504 0.00288682
0 0.519616 0.877162 0.0923017 0.245677 0.00201695
0 0.233165 0.185023 0.09755 0.277186 0.00161493
0 0.168572 0.212252 0.0936987 0.285264 0.00155464
0 0.313823 0.139978 0.0821818 0.2513 0.00110873
0 0.281547 0.340252 0.0837898 0.272119 0.00107202
0 0.192554 0.196424 0.0967928 0.286008 0.0010066
