0 0.541908 0.938583 0.0760713 0.122834 0.884428
0 0.304154 0.289827 0.0889594 0.267116 0.405894
0 0.284508 0.103375 0.0558243 0.193917 0.134653
0 0.296948 0.196682 0.0905448 0.292481 0.103902
0 0.0939834 0.180024 0.110442 0.284624 0.0831152
0 0.416208 0.246031 0.0600811 0.260171 0.0654782
0 0.249397 0.162207 0.080713 0.266911 0.0589011
0 0.270155 0.165569 0.0862189 0.280255 0.0336336
0 0.273338 0.117129 0.0618687 0.226872 0.0159096
0 0.398445 0.24353 0.0842804 0.273904 0.0118109
0 0.230547 0.136215 0.0865928 0.25985 0.0116823
0 0.119177 0.193969 0.0994372 0.293773 0.0109432
0 0.0816879 0.134595 0.0864061 0.239497 0.00988345
0 0.236013 0.190839 0.0866093 0.248618 0.00909824
0 0.200367 0.134203 0.0757935 0.252744 0.00884186
0 0.38122 0.225444 0.0888372 0.293454 0.0035856
0 0.357612 0.251131 0.0898319 0.298105 0.00339487
0 0.256891 0.122828 0.064854 0.221948 0.00303347
0 0.118245 0.133562 0.0864335 0.24395 0.00251554
0 0.313484 0.243935 0.0925551 0.274419 0.00239413
0 0.815303 0.90346 0.0747156 0.183408 0.00225913
0 0.213213 0.181532 0.0968601 0.261835 0.0021067
0 0.357807 0.154641 0.066958 0.243551 0.00208133
0 0.286083 0.193158 0.0745034 0.226185 0.00177933
0 0.290417 0.262649 0.0827509 0.230583 0.00162254
0 0.298235 0.114054 0.0599455 0.212151 0.00149071
0 0.0677537 0.185901 0.0997942 0.298672 0.0011459
0 0.314394 0.170572 0.0919736 0.292524 0.00111155
0 0.380221 0.183281 0.0588652 0.268564 0.0010606
0 0.325259 0.292044 0.108551 0.291558 0.00100591
