0 0.060306 0.462672 0.0929852 0.217075 0.855586
0 0.5212 0.0810206 0.0602985 0.15868 0.268337
0 0.279536 0.149237 0.0799486 0.271293 0.0278107
0 0.336287 0.243724 0.114718 0.296452 0.00648402
0 0.409256 0.246017 0.0617934 0.247633 0.00519218
0 0.019232 0.369734 0.0373962 0.160071 0.0047638
0 0.294624 0.190821 0.097536 0.322085 0.00311629
0 0.10445 0.145313 0.0956072 0.263997 0.00210794
0 0.0342843 0.8549 0.0674413 0.207044 0.00177754
0 0.132284 0.133803 0.0794419 0.261203 0.00146193
0 0.513044 0.0613273 0.0603247 0.119513 0.00132119
0 0.366916 0.230721 0.0996602 0.272675 0.00130391
0 0.0194499 0.227634 0.0371504 0.231377 0.00119263
0 0.0131891 0.378542 0.0224943 0.174264 0.00114258
0 0.303348 0.138194 0.0914388 0.248261 0.00106387
0 0.535494 0.0723543 0.0748863 0.144292 0.00103332
