0 0.973845 0.655292 0.0516697 0.264526 0.81206
0 0.294405 0.211737 0.0923596 0.317543 0.246268
0 0.08255 0.146927 0.113643 0.283668 0.219394
0 0.304126 0.269441 0.0789547 0.258456 0.147558
0 0.279756 0.165684 0.0838725 0.289307 0.0838131
0 0.130775 0.197686 0.087972 0.306271 0.043774
0 0.104476 0.179006 0.121398 0.319097 0.0402747
0 0.270387 0.125417 0.0672322 0.244989 0.0215431
0 0.251253 0.221117 0.0897119 0.30391 0.0197472
0 0.218702 0.152143 0.0920153 0.287739 0.0061326
0 0.231552 0.234043 0.0924455 0.28637 0.00577033
0 0.290452 0.121987 0.0775911 0.243817 0.0053862
0 0.0711704 0.115104 0.0872696 0.219114 0.00511094
0 0.983674 0.649459 0.0315828 0.255095 0.00420335
0 0.0497718 0.136205 0.0950117 0.262879 0.00420161
0 0.150719 0.209327 0.0915729 0.287369 0.00408636
0 0.414189 0.257031 0.0583604 0.248475 0.00382856
0 0.307523 0.165503 0.0935462 0.299458 0.00354646
0 0.209373 0.217929 0.117046 0.302417 0.00310801
0 0.244915 0.149596 0.0832768 0.282221 0.00284997
0 0.325675 0.289706 0.091765 0.287009 0.00248951
0 0.37222 0.215658 0.0700242 0.256221 0.00218023
0 0.375672 0.248478 0.0992114 0.286304 0.00186464
0 0.34999 0.251582 0.105489 0.304625 0.00135484
0 0.0908811 0.135526 0.0840265 0.228133 0.00115828
