0 0.405411 0.85897 0.105618 0.282059 0.855418
0 0.910025 0.143953 0.0748934 0.270295 0.82753
0 0.418628 0.246103 0.0650352 0.265631 0.254423
0 0.278398 0.191058 0.0839199 0.283084 0.0445565
0 0.333736 0.216554 0.0833896 0.290402 0.0319883
0 0.0929093 0.148957 0.0901492 0.245328 0.0233463
0 0.234381 0.227058 0.0874955 0.278835 0.0229755
0 0.195806 0.133443 0.0639339 0.242786 0.00867386
0 0.25637 0.211015 0.0932594 0.288933 0.00848418
0 0.357559 0.225371 0.0974747 0.291782 0.00639679
0 0.303702 0.197135 0.0917973 0.302348 0.00533822
0 0.143716 0.216412 0.0966719 0.276174 0.00503857
0 0.261997 0.159193 0.0778787 0.277594 0.00484801
0 0.274233 0.130303 0.068478 0.244139 0.00393903
0 0.114896 0.148336 0.0829015 0.252956 0.00303178
0 0.213644 0.130318 0.08346 0.251115 0.00276948
0 0.0721492 0.137006 0.0922487 0.260453 0.00258364
0 0.322761 0.168593 0.0833198 0.282958 0.001854
0 0.398222 0.243985 0.0927478 0.275021 0.00171689
0 0.10728 0.192814 0.104498 0.321504 0.0016402
0 0.288894 0.0985387 0.0624971 0.191152 0.00145641
0 0.305927 0.288513 0.0882684 0.27012 0.00139236
0 0.343877 0.154267 0.067575 0.242275 0.00127848
0 0.433501 0.228902 0.0842945 0.293038 0.00116785
0 0.208953 0.242557 0.12515 0.303924 0.00105747
