0 0.36606 0.853645 0.0907824 0.292372 0.888592
0 0.29573 0.877127 0.0705651 0.245745 0.878645
0 0.96972 0.588937 0.0593159 0.213264 0.846886
0 0.30953 0.230365 0.0940878 0.30856 0.532339
0 0.0823991 0.13798 0.0905105 0.248519 0.23471
0 0.257385 0.162919 0.0847161 0.272287 0.0681722
0 0.271655 0.139334 0.0723086 0.262043 0.0341327
0 0.246977 0.206259 0.0899303 0.277012 0.0230929
0 0.132862 0.197496 0.0947408 0.308137 0.0142048
0 0.33039 0.247333 0.106526 0.31744 0.013413
0 0.418776 0.247435 0.0563231 0.263201 0.0101783
0 0.317433 0.296661 0.0998387 0.268993 0.00747275
0 0.108189 0.182736 0.100869 0.31767 0.00726232
0 0.102954 0.124843 0.084773 0.249686 0.00538272
0 0.294985 0.198641 0.08589 0.289095 0.00477861
0 0.984887 0.58686 0.0275869 0.210843 0.00404898
0 0.221543 0.181537 0.0993214 0.268794 0.0030748
0 0.205187 0.15428 0.0945672 0.272663 0.00262953
0 0.231661 0.13677 0.0950314 0.265497 0.00198854
0 0.16484 0.199632 0.113289 0.303561 0.00177685
0 0.266779 0.224349 0.101608 0.288399 0.00149378
0 0.354513 0.260151 0.0971217 0.327405 0.00142153
0 0.287245 0.118321 0.0693205 0.22856 0.00126419
