0 0.64048 0.207394 0.0846255 0.212212 0.891143
0 0.555375 0.937565 0.100829 0.12487 0.889813
0 0.469046 0.972213 0.0598998 0.0553948 0.725823
0 0.411017 0.972354 0.0507757 0.0546588 0.652315
0 0.274675 0.197186 0.114148 0.31152 0.188221
0 0.390349 0.970353 0.0887036 0.0588021 0.0790915
0 0.24572 0.197368 0.0976799 0.291369 0.0196194
0 0.27212 0.122184 0.0754172 0.238477 0.0160721
0 0.30107 0.21338 0.0993523 0.322045 0.0160634
0 0.308472 0.286193 0.0911751 0.269655 0.0115153
0 0.290921 0.150757 0.101315 0.290297 0.00669587
0 0.449719 0.972769 0.0633817 0.0541477 0.00492725
0 0.319338 0.132556 0.0749919 0.247025 0.00382964
0 0.410123 0.973222 0.0287548 0.0453446 0.00341826
0 0.220852 0.182967 0.102981 0.303073 0.00334268
0 0.480988 0.976991 0.0627835 0.046018 0.00325449
0 0.471281 0.973354 0.0287845 0.0455009 0.0028749
0 0.290981 0.106451 0.0737434 0.202659 0.00257639
0 0.459892 0.964753 0.0725498 0.0663524 0.00238384
0 0.248625 0.136393 0.0854562 0.271643 0.00229412
0 0.328359 0.257081 0.108487 0.299978 0.00218346
0 0.408975 0.962282 0.0664149 0.075043 0.00205704
0 0.414086 0.98164 0.0498487 0.0358707 0.00151355
0 0.47658 0.962142 0.0725637 0.074075 0.00150045
0 0.424711 0.969686 0.0725949 0.0606288 0.00131941
0 0.471219 0.981752 0.0564425 0.0353018 0.00127494
