0 0.932973 0.160134 0.0896099 0.270176 0.887635
0 0.506607 0.0861635 0.0867032 0.160378 0.850781
0 0.278765 0.194602 0.0915884 0.305684 0.1133
0 0.191446 0.140127 0.0592475 0.246923 0.0579263
0 0.267843 0.124958 0.0627312 0.240373 0.0401201
0 0.121909 0.195201 0.0949849 0.28595 0.0172074
0 0.220423 0.21911 0.0844153 0.298388 0.0136275
0 0.30699 0.285583 0.104699 0.263285 0.0106764
0 0.203208 0.192577 0.0817066 0.30871 0.0081897
0 0.216564 0.150735 0.0864156 0.271953 0.00612644
0 0.260016 0.152199 0.087587 0.284773 0.00586348
0 0.107601 0.147928 0.0859426 0.275446 0.00493465
0 0.154285 0.197171 0.106014 0.294571 0.00348916
0 0.414001 0.256535 0.0611847 0.217555 0.00254551
0 0.183512 0.179675 0.0771278 0.292229 0.00248212
0 0.247919 0.123513 0.0657459 0.247026 0.00240583
0 0.128053 0.136339 0.0881026 0.272677 0.00168825
0 0.288179 0.0960304 0.05963 0.18226 0.00118519
0 0.240876 0.195636 0.0914153 0.286985 0.0010401
