0 0.953511 0.445255 0.0906816 0.228175 0.886069
0 0.296752 0.289224 0.0919333 0.28724 0.21302
0 0.26897 0.182266 0.0811473 0.258341 0.19957
0 0.294371 0.219288 0.0948612 0.304282 0.175771
0 0.417759 0.24636 0.0621446 0.267404 0.0588871
0 0.934929 0.0417866 0.0648731 0.0812063 0.0440799
0 0.268688 0.124612 0.0697575 0.240294 0.032364
0 0.368451 0.29323 0.0984632 0.270521 0.019705
0 0.0971502 0.179708 0.0981317 0.295407 0.0195318
0 0.247829 0.167153 0.0943832 0.273082 0.013849
0 0.311178 0.255918 0.0911554 0.291269 0.00814212
0 0.393987 0.27807 0.0905902 0.278949 0.00474527
0 0.119369 0.207256 0.0997702 0.302954 0.00247783
0 0.0819123 0.149203 0.0884922 0.280779 0.00244116
0 0.274204 0.238775 0.101448 0.294292 0.00219877
0 0.221781 0.180221 0.0962482 0.269912 0.00180355
0 0.330376 0.302094 0.100214 0.28216 0.00137552
0 0.142248 0.21249 0.0885082 0.292902 0.00108066
