0 0.603144 0.137177 0.0775331 0.223617 0.915961
0 0.70228 0.101118 0.0777057 0.197809 0.871312
0 0.416067 0.246355 0.0567451 0.248578 0.367167
0 0.298801 0.190383 0.0969522 0.291709 0.272756
0 0.0950782 0.147711 0.100549 0.262013 0.0860955
0 0.235134 0.22613 0.0991696 0.281705 0.0717038
0 0.279178 0.166223 0.0835762 0.289875 0.0517964
0 0.269416 0.121684 0.0671475 0.235056 0.0339669
0 0.251518 0.195351 0.0905587 0.274861 0.0203658
0 0.114985 0.163644 0.0931052 0.294381 0.0151873
0 0.426028 0.199388 0.08144 0.307908 0.00822348
0 0.315032 0.223409 0.10046 0.310718 0.00595504
0 0.0730286 0.137919 0.0841372 0.251018 0.00488666
0 0.191789 0.141836 0.0682142 0.246754 0.00292012
0 0.283328 0.101143 0.063812 0.196712 0.00261222
0 0.396444 0.228983 0.0766209 0.282449 0.00214074
0 0.14265 0.182893 0.0781654 0.287486 0.00196906
0 0.356696 0.213827 0.0957846 0.284281 0.00190806
0 0.426094 0.272415 0.0646858 0.276806 0.00175578
0 0.432154 0.149066 0.0764574 0.223044 0.00174721
0 0.268786 0.248484 0.114059 0.356038 0.00158243
0 0.235817 0.163294 0.0853939 0.266486 0.00136283
0 0.43851 0.242582 0.0825953 0.265417 0.00119769
0 0.308607 0.288014 0.107412 0.290986 0.00118937
