0 0.359647 0.912139 0.102852 0.174077 0.883467
0 0.119803 0.197739 0.0892707 0.283284 0.468844
0 0.269521 0.183801 0.0814004 0.274644 0.464147
0 0.304883 0.241634 0.080286 0.273994 0.134539
0 0.247552 0.182032 0.0944807 0.271516 0.0429995
0 0.313811 0.28904 0.0911972 0.289479 0.0311323
0 0.115762 0.154784 0.0726488 0.254337 0.0305197
0 0.269119 0.124536 0.0625736 0.240881 0.0192111
0 0.102322 0.180713 0.081215 0.272319 0.0136043
0 0.197443 0.152377 0.0799799 0.276957 0.0121984
0 0.22947 0.161154 0.0943254 0.282834 0.00996297
0 0.285885 0.224576 0.0951949 0.318445 0.00591403
0 0.138271 0.221709 0.0957359 0.283774 0.00503715
0 0.184462 0.184049 0.0781577 0.28664 0.00215256
0 0.208303 0.193692 0.0967688 0.280842 0.00173567
0 0.288904 0.117974 0.0607011 0.229565 0.00142971
0 0.285488 0.181537 0.0750881 0.227044 0.00135002
0 0.342024 0.303684 0.0857316 0.268269 0.00113866
0 0.411254 0.245963 0.0756779 0.266511 0.00103836
