0 0.42318 0.887487 0.112923 0.22419 0.89236
0 0.719852 0.319253 0.0925783 0.212198 0.883996
0 0.17746 0.83361 0.100036 0.264523 0.818247
0 0.965644 0.411131 0.0684586 0.173618 0.643469
0 0.807032 0.907 0.0843596 0.181255 0.597522
0 0.323383 0.306581 0.111815 0.25562 0.220809
0 0.977042 0.0720057 0.0446905 0.142531 0.190278
0 0.986022 0.539212 0.0269337 0.16939 0.0419916
0 0.0278577 0.890919 0.0543103 0.134538 0.0285291
0 0.260129 0.131533 0.080566 0.243537 0.0161674
0 0.106735 0.166113 0.103967 0.311465 0.0156541
0 0.983651 0.511506 0.0326971 0.231342 0.00431352
0 0.825482 0.015043 0.0977303 0.0300861 0.00406169
0 0.14034 0.164887 0.112366 0.317819 0.00381196
0 0.73107 0.343305 0.0709257 0.161392 0.00189435
0 0.0199405 0.905965 0.0379514 0.145888 0.00162415
0 0.9892 0.513657 0.0207054 0.185035 0.00137987
0 0.0137846 0.897674 0.0242917 0.133982 0.00127373
0 0.0841655 0.151417 0.108488 0.302834 0.00126309
0 0.93462 0.0562042 0.0625614 0.110048 0.00123522
0 0.971223 0.46349 0.0568644 0.279317 0.00117089
0 0.977963 0.54898 0.039937 0.184454 0.00115956
0 0.350544 0.318636 0.128182 0.24038 0.00113664
0 0.849504 0.0126051 0.1236 0.0252103 0.00103985
