0 0.194297 0.669727 0.090979 0.275256 0.906883
0 0.113449 0.79305 0.0779015 0.290825 0.835622
0 0.495348 0.963324 0.0650822 0.0733529 0.782931
0 0.271525 0.153134 0.0767948 0.269199 0.410971
0 0.316178 0.288438 0.0928038 0.297053 0.0772336
0 0.285099 0.182552 0.0795279 0.260984 0.0425749
0 0.296989 0.240759 0.0864689 0.286752 0.0251881
0 0.343222 0.280622 0.101443 0.316086 0.0242697
0 0.399217 0.978243 0.0695545 0.0429829 0.0159458
0 0.41839 0.247983 0.0583684 0.245244 0.00412816
0 0.363273 0.261999 0.093636 0.310595 0.00363632
0 0.412375 0.981853 0.0650856 0.0362945 0.00359699
0 0.514361 0.956506 0.0968755 0.0828107 0.00345208
0 0.541414 0.966929 0.0646028 0.0637946 0.00262888
0 0.235885 0.152955 0.0936442 0.275953 0.00211582
0 0.308141 0.189853 0.0895301 0.283211 0.00172089
0 0.332147 0.328557 0.0959178 0.269623 0.00142158
0 0.299863 0.315399 0.0849865 0.273924 0.00135871
0 0.384113 0.971491 0.0917499 0.057018 0.00127268
0 0.204022 0.145399 0.0902578 0.264204 0.00114528
0 0.0323265 0.853639 0.0621973 0.225487 0.0011252
0 0.543879 0.95239 0.0732244 0.0942332 0.00111343
0 0.328142 0.243346 0.0859991 0.290885 0.00109714
0 0.260917 0.19133 0.0854607 0.256326 0.00107289
0 0.117949 0.195764 0.105022 0.302779 0.00104792
0 0.484683 0.972833 0.0779166 0.0543339 0.00103331
0 0.391148 0.984653 0.069453 0.0306237 0.00102058
0 0.409001 0.985425 0.0421071 0.0291494 0.00101437
