0 0.261228 0.817275 0.0844349 0.276592 0.891647
0 0.147219 0.780594 0.109442 0.304867 0.886236
0 0.10718 0.357417 0.079766 0.265925 0.859936
0 0.464094 0.957553 0.0778684 0.0843415 0.813366
0 0.58033 0.951669 0.0924608 0.096285 0.721848
0 0.249515 0.185304 0.0915955 0.271747 0.59143
0 0.124428 0.189516 0.0862914 0.276672 0.581607
0 0.301921 0.215612 0.0860001 0.29348 0.0453313
0 0.267788 0.123746 0.058634 0.231974 0.0440488
0 0.19934 0.185529 0.0852146 0.274637 0.03734
0 0.306965 0.291633 0.0903232 0.276978 0.0305123
0 0.219325 0.20752 0.0882726 0.249273 0.0193615
0 0.108206 0.149759 0.0776419 0.268801 0.0183952
0 0.276742 0.180429 0.0817097 0.265602 0.0178519
0 0.933531 0.0474022 0.0680479 0.0929285 0.0100401
0 0.369388 0.260268 0.112631 0.293991 0.00498408
0 0.221838 0.141821 0.0938406 0.283641 0.00441004
0 0.183663 0.209235 0.0799912 0.242999 0.00440657
0 0.152355 0.209084 0.0742691 0.249444 0.00413653
0 0.250529 0.136439 0.0755489 0.265012 0.00403382
0 0.628642 0.0988578 0.0540919 0.186869 0.00378017
0 0.18807 0.139655 0.0758212 0.278509 0.00353322
0 0.0890271 0.12819 0.0778378 0.245108 0.00346734
0 0.465157 0.959454 0.0481055 0.0793093 0.00332893
0 0.140427 0.149986 0.0824845 0.291039 0.00301962
0 0.409655 0.245026 0.0699991 0.253866 0.00286722
0 0.278161 0.104416 0.0584304 0.196018 0.00256935
0 0.099331 0.205449 0.0945817 0.293683 0.00243533
0 0.0322899 0.856029 0.0629181 0.207927 0.00207957
0 0.603385 0.947394 0.112862 0.104998 0.00149801
0 0.442428 0.953657 0.118017 0.0888754 0.0014233
0 0.167858 0.180606 0.0654059 0.277942 0.00133596
0 0.263137 0.20414 0.0756442 0.220795 0.00116481
