0 0.922225 0.558613 0.0941875 0.24007 0.894414
0 0.438847 0.622051 0.0886189 0.279075 0.859373
0 0.668469 0.956976 0.0815884 0.085484 0.709996
0 0.305716 0.224451 0.0876519 0.297405 0.37076
0 0.107409 0.19324 0.105185 0.290686 0.288034
0 0.0948635 0.149516 0.105133 0.280137 0.125314
0 0.418979 0.249826 0.0529193 0.244174 0.0912604
0 0.247426 0.196283 0.0879582 0.292547 0.0787448
0 0.271761 0.190731 0.084835 0.300155 0.0290827
0 0.130375 0.206343 0.09481 0.308235 0.0241505
0 0.251454 0.13287 0.0761322 0.24391 0.0195137
0 0.234673 0.15445 0.0876034 0.272341 0.0146957
0 0.291779 0.18261 0.0890528 0.28497 0.00810884
0 0.32413 0.238371 0.0858071 0.281093 0.00702056
0 0.266873 0.124287 0.062004 0.24587 0.00612452
0 0.153897 0.210965 0.0967994 0.295824 0.00596611
0 0.203644 0.13255 0.0882081 0.247852 0.00516645
0 0.207435 0.194103 0.114878 0.309298 0.00478805
0 0.670886 0.957408 0.0483606 0.0847073 0.00422121
0 0.0748964 0.177743 0.124947 0.290258 0.0028483
0 0.116293 0.124571 0.0807965 0.249142 0.00266219
0 0.072434 0.126079 0.0894215 0.252157 0.00208242
0 0.305395 0.286964 0.0783503 0.254177 0.00184819
0 0.0982136 0.116453 0.0806673 0.22433 0.00180472
0 0.186601 0.151614 0.0822154 0.272654 0.00132437
0 0.270089 0.180321 0.0654481 0.22614 0.00130206
0 0.285498 0.126332 0.066906 0.243339 0.00126616
0 0.178529 0.19778 0.108259 0.296267 0.00106305
