0 0.442728 0.889997 0.0899024 0.220005 0.894857
0 0.664256 0.218794 0.0950051 0.20766 0.882055
0 0.300546 0.216337 0.0908401 0.302458 0.643243
0 0.251849 0.147925 0.0828383 0.266955 0.218203
0 0.107856 0.197411 0.103197 0.316298 0.208842
0 0.417189 0.248917 0.0559917 0.256752 0.194568
0 0.129889 0.21022 0.0891374 0.291846 0.142666
0 0.285104 0.183265 0.0818078 0.261095 0.0559286
0 0.266853 0.124844 0.0659145 0.241403 0.0302289
0 0.235575 0.180447 0.0783888 0.253431 0.0239372
0 0.0927544 0.153504 0.0813971 0.244775 0.0166779
0 0.398454 0.257628 0.0847118 0.270208 0.0143862
0 0.358672 0.280134 0.0892634 0.308563 0.00987631
0 0.284782 0.124654 0.0682798 0.244728 0.00718077
0 0.304934 0.284886 0.0837407 0.260702 0.00682107
0 0.0729338 0.151712 0.0759842 0.236512 0.00660079
0 0.328113 0.239748 0.0863363 0.28677 0.00372696
0 0.269707 0.180499 0.0724724 0.225735 0.00346513
0 0.235571 0.122828 0.0722322 0.243372 0.00236259
0 0.210739 0.179989 0.0838512 0.256017 0.00226442
0 0.380892 0.229546 0.0906701 0.289901 0.00220527
0 0.113866 0.152612 0.0783395 0.254625 0.00197404
0 0.333806 0.302708 0.0924133 0.278866 0.00185688
0 0.40384 0.200644 0.0747103 0.302911 0.00162249
0 0.160414 0.219417 0.109846 0.28128 0.0016162
0 0.311978 0.171572 0.0873607 0.299803 0.00106412
0 0.281173 0.0826696 0.0621535 0.152525 0.0010613
0 0.355678 0.215216 0.0806142 0.294908 0.00102271
