0 0.734576 0.309586 0.0955991 0.231825 0.913896
0 0.361193 0.869865 0.0989827 0.259069 0.910515
0 0.295266 0.164337 0.101307 0.287156 0.131199
0 0.270664 0.124334 0.0736238 0.241454 0.0228043
0 0.27292 0.180627 0.0875023 0.277012 0.0225173
0 0.322672 0.143972 0.0885633 0.267375 0.0138178
0 0.354742 0.231571 0.11011 0.261056 0.00631895
0 0.366271 0.32055 0.0884702 0.245933 0.00506837
0 0.289425 0.119333 0.0792714 0.233304 0.00259768
0 0.420061 0.246216 0.0636809 0.246601 0.00259419
0 0.816266 0.908855 0.0768412 0.182124 0.00222837
0 0.323864 0.285095 0.113306 0.294049 0.00219583
0 0.33192 0.22204 0.107253 0.295534 0.00203696
0 0.244608 0.180989 0.10115 0.280787 0.00185865
0 0.305096 0.290299 0.0955504 0.248254 0.00177248
0 0.205354 0.149567 0.0901549 0.289506 0.0013891
