0 0.106256 0.37379 0.0784972 0.239798 0.845863
0 0.258216 0.135738 0.0675375 0.245914 0.219579
0 0.246864 0.197228 0.0820317 0.290324 0.064758
0 0.298042 0.222196 0.0894285 0.298969 0.0576806
0 0.118341 0.183002 0.0765775 0.268555 0.0547347
0 0.274164 0.198142 0.0923138 0.304201 0.0299886
0 0.0731697 0.124287 0.0701415 0.235658 0.0293408
0 0.194434 0.153741 0.0811557 0.277264 0.00816071
0 0.145536 0.154694 0.0672532 0.267969 0.00794938
0 0.232977 0.228117 0.0761083 0.275597 0.00741381
0 0.297144 0.283542 0.0808972 0.256909 0.00717142
0 0.313715 0.255504 0.0824032 0.278066 0.006075
0 0.0889171 0.132797 0.0707726 0.244167 0.00568721
0 0.214627 0.210818 0.0924201 0.272079 0.00426245
0 0.177952 0.137539 0.081771 0.256125 0.00414227
0 0.420457 0.24952 0.0580556 0.260295 0.00397567
0 0.276088 0.118865 0.0681634 0.229252 0.00345928
0 0.0997612 0.192468 0.0936894 0.294417 0.00295791
0 0.330678 0.230315 0.080732 0.275614 0.00276053
0 0.935152 0.042571 0.0626081 0.0825314 0.00252884
0 0.139145 0.205924 0.0866967 0.267713 0.00221552
0 0.107358 0.135141 0.0665287 0.248901 0.00213703
0 0.130049 0.134929 0.0673356 0.26067 0.00169414
0 0.23509 0.13507 0.0779682 0.260412 0.00162733
0 0.165297 0.180096 0.0647652 0.273085 0.00156592
0 0.0555723 0.113102 0.089221 0.218275 0.00128845
0 0.552132 0.934098 0.0639064 0.129476 0.00125396
0 0.288225 0.164559 0.0844164 0.288979 0.00108019
0 0.21724 0.149225 0.0797598 0.275688 0.00104555
