0 0.30258 0.745756 0.0903623 0.2835 0.904453
0 0.78093 0.334705 0.091074 0.244812 0.897805
0 0.117898 0.193584 0.0967093 0.291061 0.279241
0 0.282686 0.179223 0.0837116 0.272676 0.103502
0 0.258145 0.16297 0.0865786 0.274462 0.0446151
0 0.301738 0.193018 0.0947411 0.291399 0.0362689
0 0.0976689 0.167903 0.0973782 0.300489 0.0305101
0 0.237254 0.154204 0.0831884 0.27473 0.0139357
0 0.256878 0.12482 0.0665606 0.24658 0.00764904
0 0.349154 0.169287 0.0873377 0.284015 0.00600063
0 0.316761 0.240471 0.0953546 0.281711 0.00498275
0 0.930842 0.0476404 0.0707212 0.0937257 0.00491019
0 0.27585 0.103812 0.0632696 0.198404 0.00365242
0 0.210221 0.1508 0.0928308 0.264542 0.00301319
0 0.349545 0.215255 0.115015 0.314476 0.00239426
0 0.542211 0.981273 0.0774397 0.0374536 0.00200499
0 0.306176 0.28834 0.0918974 0.262552 0.00192438
0 0.293766 0.136376 0.0907615 0.265472 0.00170467
0 0.114353 0.141158 0.0833489 0.267231 0.00150122
0 0.40996 0.24354 0.0791693 0.262385 0.00119368
0 0.14018 0.222942 0.102811 0.305177 0.00116112
0 0.328527 0.131842 0.0792364 0.241702 0.00106063
0 0.221017 0.194483 0.0892159 0.275723 0.0010144
