0 0.978103 0.633852 0.0422997 0.241975 0.767096
0 0.267968 0.181691 0.0940726 0.276533 0.149803
0 0.320292 0.233397 0.116012 0.348113 0.139409
0 0.292645 0.181933 0.0969148 0.284036 0.0711588
0 0.252589 0.216774 0.102606 0.314444 0.0231905
0 0.310672 0.160569 0.0857144 0.288982 0.00980161
0 0.35368 0.244334 0.110351 0.310979 0.00841177
0 0.282705 0.240666 0.118987 0.344942 0.00733641
0 0.57412 0.0966493 0.0809524 0.185871 0.0068941
0 0.278843 0.13791 0.0739977 0.269848 0.0067553
0 0.297896 0.100754 0.0752775 0.195269 0.00674312
0 0.370513 0.167485 0.0681468 0.266655 0.00550141
0 0.0332176 0.852667 0.0648722 0.212858 0.00538252
0 0.243602 0.157769 0.0875505 0.283133 0.00459235
0 0.310063 0.298998 0.113627 0.278647 0.00337944
0 0.316327 0.097286 0.0687877 0.189047 0.00308002
0 0.376593 0.214804 0.0575703 0.266181 0.00276303
0 0.380754 0.0446488 0.0795397 0.0852766 0.00153804
0 0.25887 0.108027 0.0725592 0.20811 0.00141973
0 0.967919 0.633387 0.0641616 0.244744 0.00136923
0 0.321476 0.0683142 0.0625039 0.12846 0.00118622
