0 0.281641 0.533506 0.0625875 0.243705 0.882554
0 0.203615 0.534556 0.0801294 0.278319 0.877016
0 0.21877 0.646558 0.0725499 0.243393 0.87348
0 0.333346 0.602522 0.0835965 0.291135 0.86692
0 0.104804 0.658632 0.0713342 0.300105 0.808874
0 0.146761 0.609144 0.0652236 0.274531 0.774797
0 0.355923 0.213152 0.101633 0.2901 0.0272609
0 0.274321 0.191598 0.0897743 0.293357 0.026596
0 0.330327 0.192111 0.0981238 0.313912 0.0199215
0 0.118813 0.609554 0.0827634 0.288912 0.0148387
0 0.25193 0.213813 0.101708 0.291485 0.0136962
0 0.294867 0.208999 0.104389 0.308513 0.0108706
0 0.306156 0.285785 0.0755431 0.195969 0.0107031
0 0.430264 0.207147 0.091443 0.270025 0.00683821
0 0.40709 0.243277 0.071078 0.254709 0.00675975
0 0.379436 0.19952 0.0834032 0.270732 0.00615028
0 0.343791 0.154165 0.0791039 0.265897 0.00467279
0 0.0313529 0.868593 0.0610764 0.207425 0.00409869
0 0.273507 0.1361 0.0756614 0.256365 0.00366992
0 0.221788 0.211265 0.105161 0.283543 0.00298822
0 0.407751 0.220748 0.101844 0.286982 0.00218624
0 0.443493 0.138754 0.0651927 0.156692 0.0019946
0 0.193357 0.136009 0.0867592 0.267294 0.00193108
0 0.292622 0.133676 0.0796223 0.256286 0.00169611
0 0.0967436 0.701052 0.0618339 0.252958 0.00130022
0 0.0801939 0.143502 0.102673 0.285137 0.0012651
0 0.360846 0.167296 0.0807233 0.282546 0.0011474
0 0.290313 0.0985006 0.0650985 0.190102 0.00102658
