0 0.667285 0.133773 0.0801028 0.215148 0.909074
0 0.872109 0.399437 0.0835382 0.192017 0.754653
0 0.303976 0.224359 0.100693 0.292797 0.162132
0 0.412862 0.243081 0.0570647 0.266959 0.0446015
0 0.339541 0.225056 0.114675 0.298241 0.0128543
0 0.28123 0.191196 0.085727 0.286885 0.0125628
0 0.2485 0.153991 0.0846411 0.27111 0.0109224
0 0.313629 0.272746 0.0974633 0.27819 0.00836416
0 0.204916 0.148938 0.0858497 0.274449 0.00710371
0 0.155428 0.197085 0.123786 0.308856 0.00667019
0 0.233206 0.175757 0.0650087 0.244417 0.00653097
0 0.266763 0.136815 0.0729401 0.255149 0.00613242
0 0.542536 0.981252 0.0737652 0.0374951 0.00610097
0 0.98114 0.556632 0.0365843 0.187576 0.00357003
0 0.229404 0.138417 0.084333 0.26145 0.00354134
0 0.373351 0.225584 0.103147 0.296192 0.00282426
0 0.428832 0.225726 0.0883063 0.291077 0.00269513
0 0.398148 0.229163 0.0774608 0.286859 0.00116146
0 0.190074 0.129168 0.074081 0.241135 0.00108288
