0 0.795505 0.219258 0.0842497 0.21021 0.891396
0 0.301654 0.759723 0.0880447 0.304205 0.882318
0 0.172069 0.680941 0.0817753 0.280354 0.875409
0 0.304017 0.22786 0.0884883 0.30765 0.520649
0 0.243248 0.212156 0.0759488 0.288045 0.495206
0 0.416695 0.247972 0.0599837 0.266909 0.1288
0 0.0945472 0.149954 0.0986045 0.272764 0.114078
0 0.270982 0.195044 0.0851668 0.293552 0.100958
0 0.291288 0.186622 0.0856809 0.262982 0.0427413
0 0.115183 0.181926 0.0943043 0.301498 0.0374081
0 0.312976 0.284638 0.0834116 0.262343 0.0352345
0 0.27071 0.124412 0.0661853 0.239882 0.0248993
0 0.226024 0.221991 0.0763087 0.280025 0.00994693
0 0.0726352 0.137146 0.089367 0.260227 0.00983151
0 0.345406 0.248838 0.100103 0.308759 0.00699998
0 0.142941 0.199944 0.0894196 0.294794 0.00511734
0 0.287058 0.120303 0.0646936 0.231926 0.00344669
0 0.373535 0.257476 0.0997521 0.29993 0.00323578
0 0.166343 0.214028 0.0973097 0.278294 0.00278347
0 0.400804 0.257583 0.0780942 0.275925 0.00277224
0 0.356861 0.291468 0.0774469 0.262398 0.00269707
0 0.255855 0.183153 0.0809653 0.226527 0.00180154
0 0.114799 0.125174 0.0795714 0.250349 0.00119162
0 0.327599 0.215459 0.103635 0.319932 0.00115254
0 0.193137 0.21212 0.109898 0.284861 0.00114249
0 0.422315 0.23781 0.0876451 0.310197 0.00101418
