0 0.779844 0.300675 0.0816004 0.225259 0.896477
0 0.274067 0.192754 0.0678621 0.247286 0.18884
0 0.167402 0.208497 0.127418 0.318786 0.0792315
0 0.287941 0.168199 0.091059 0.277522 0.0239406
0 0.134798 0.207596 0.100994 0.318778 0.0183451
0 0.262332 0.161888 0.090847 0.283305 0.0154877
0 0.207079 0.150616 0.107459 0.291108 0.0151854
0 0.232592 0.180001 0.100788 0.285349 0.00485341
0 0.320349 0.185469 0.0911308 0.282129 0.00480499
0 0.542189 0.978725 0.0695731 0.0425491 0.00336737
0 0.303285 0.25929 0.0898748 0.266803 0.00280348
0 0.285235 0.239074 0.0857985 0.297747 0.00260376
0 0.220788 0.216834 0.134543 0.301928 0.00156424
0 0.281804 0.118106 0.0684163 0.22958 0.0015057
0 0.803865 0.0139692 0.0813847 0.0279385 0.00141257
0 0.112882 0.189324 0.101151 0.341724 0.00118315
0 0.338183 0.170316 0.0774342 0.263244 0.00116118
