0 0.313541 0.834594 0.0829843 0.293842 0.88322
0 0.216847 0.762255 0.0810223 0.299736 0.873544
0 0.634172 0.0707441 0.0939445 0.13708 0.474079
0 0.253486 0.176249 0.0921658 0.268703 0.341961
0 0.0926915 0.148732 0.109631 0.285011 0.262874
0 0.274975 0.180456 0.0779316 0.267284 0.0474928
0 0.116127 0.185077 0.0973984 0.31599 0.0337556
0 0.416757 0.247868 0.0567771 0.268338 0.0326496
0 0.304267 0.214908 0.0923017 0.295558 0.0183181
0 0.320263 0.298825 0.10017 0.272882 0.0169575
0 0.349062 0.284743 0.113956 0.288051 0.0166146
0 0.429385 0.270431 0.0789974 0.282961 0.0128652
0 0.226236 0.180297 0.0796906 0.261153 0.00529214
0 0.32882 0.243539 0.109363 0.28018 0.00328941
0 0.156005 0.199543 0.110355 0.293289 0.00276621
0 0.266799 0.13765 0.0728611 0.25698 0.00271321
0 0.204214 0.150906 0.0874212 0.270023 0.00263212
0 0.0684492 0.132498 0.0950528 0.2603 0.00173736
0 0.397694 0.272926 0.0924007 0.285339 0.00151936
0 0.367228 0.227104 0.10508 0.300624 0.00148688
0 0.275859 0.104195 0.0582448 0.191114 0.00148564
0 0.184292 0.151744 0.0771128 0.25172 0.00134588
