0 0.280318 0.602423 0.0967031 0.278077 0.87125
0 0.133742 0.225247 0.0923764 0.28251 0.367359
0 0.27261 0.195995 0.0775482 0.277231 0.184248
0 0.251615 0.21824 0.0982597 0.292095 0.137816
0 0.290374 0.212145 0.0988201 0.306906 0.040226
0 0.334504 0.220849 0.0799839 0.297767 0.0349667
0 0.93558 0.0421202 0.0672329 0.0832485 0.0213785
0 0.22447 0.226614 0.0992605 0.281341 0.0158193
0 0.352238 0.237875 0.0902621 0.27432 0.00809234
0 0.305654 0.258463 0.0861269 0.269832 0.00655302
0 0.409673 0.244511 0.0774804 0.249074 0.00481429
0 0.131102 0.1682 0.0768532 0.280207 0.00443463
0 0.158661 0.224022 0.123882 0.297017 0.00432951
0 0.11409 0.211 0.0900176 0.28787 0.00366283
0 0.240904 0.270335 0.0908451 0.294793 0.00331842
0 0.274327 0.136487 0.0714649 0.257 0.00326453
0 0.315644 0.167406 0.0806972 0.289813 0.00230131
0 0.295442 0.133353 0.0764491 0.249624 0.00178998
0 0.201028 0.146955 0.0664832 0.233385 0.00158477
0 0.258312 0.122913 0.068458 0.235743 0.00143785
0 0.225969 0.160381 0.0830486 0.267376 0.00129506
0 0.209104 0.19484 0.0854382 0.281872 0.00118085
