0 0.123102 0.689544 0.0915779 0.292136 0.902438
0 0.0494602 0.706892 0.0762101 0.276402 0.879739
0 0.120005 0.210039 0.10294 0.30039 0.0692759
0 0.297389 0.219356 0.09962 0.301837 0.0584713
0 0.935792 0.0423404 0.0613754 0.0832745 0.0294214
0 0.277843 0.191842 0.0922335 0.29454 0.0275366
0 0.253468 0.180151 0.0873601 0.272718 0.0219467
0 0.266143 0.136776 0.0785093 0.256908 0.0131577
0 0.303156 0.285623 0.0959009 0.269922 0.0129847
0 0.154037 0.216178 0.120385 0.303994 0.0096044
0 0.222105 0.180405 0.0934736 0.269946 0.00828503
0 0.546374 0.983777 0.0530037 0.0324168 0.00778855
0 0.278268 0.105577 0.061711 0.196949 0.00323367
0 0.101175 0.183251 0.096718 0.309629 0.00175354
0 0.541504 0.977095 0.0671602 0.0458102 0.00144061
0 0.803999 0.0135917 0.0712008 0.0271834 0.00110096
0 0.822768 0.0144411 0.0731377 0.0288557 0.00109146
0 0.236077 0.137461 0.0844838 0.260697 0.00104994
