0 0.880213 0.401109 0.0890881 0.203375 0.90153
0 0.308534 0.285237 0.0995496 0.268901 0.408251
0 0.283847 0.184411 0.0779788 0.252675 0.322196
0 0.118145 0.183591 0.0842183 0.282741 0.310244
0 0.261309 0.152853 0.0751408 0.269063 0.12752
0 0.301109 0.210339 0.0924478 0.293088 0.0377606
0 0.239714 0.153785 0.0902904 0.272146 0.011709
0 0.138537 0.197193 0.0942953 0.288757 0.011073
0 0.19505 0.149136 0.073044 0.251195 0.0088877
0 0.27828 0.12219 0.0671234 0.239558 0.00808046
0 0.61372 0.909573 0.10296 0.180853 0.00784005
0 0.106554 0.14328 0.0831641 0.261961 0.00521281
0 0.333482 0.275562 0.10983 0.290493 0.00486056
0 0.41853 0.246161 0.0550959 0.2444 0.00407465
0 0.0947129 0.186139 0.102565 0.297625 0.00332399
0 0.395697 0.244278 0.0949708 0.270476 0.00219213
0 0.414611 0.193097 0.0690612 0.307399 0.00217054
0 0.255764 0.200511 0.0928222 0.248586 0.00190262
0 0.0819459 0.133564 0.087602 0.257847 0.001435
0 0.289537 0.101281 0.0644726 0.195755 0.0012263
0 0.216084 0.149392 0.0803841 0.263333 0.00112866
0 0.367009 0.257805 0.0941785 0.293482 0.00111601
