0 0.777727 0.240792 0.0992561 0.226792 0.893575
0 0.422284 0.76933 0.10148 0.299459 0.887908
0 0.896099 0.387156 0.0904829 0.183207 0.876066
0 0.918736 0.596761 0.0858694 0.263226 0.85194
0 0.182801 0.469205 0.0817263 0.278281 0.825663
0 0.0807718 0.762896 0.087539 0.28536 0.811545
0 0.859098 0.366356 0.0563705 0.190911 0.4368
0 0.247945 0.212975 0.0921815 0.29258 0.374807
0 0.310568 0.215637 0.0777374 0.291921 0.122433
0 0.32002 0.299148 0.09336 0.27429 0.0542249
0 0.857787 0.327501 0.0558432 0.110973 0.0309574
0 0.342723 0.303286 0.0868096 0.259227 0.0218392
0 0.342469 0.256837 0.111321 0.323873 0.0185852
0 0.271994 0.159599 0.074414 0.283361 0.014646
0 0.280191 0.105395 0.0623049 0.205339 0.00841518
0 0.295068 0.170349 0.0824 0.292204 0.00819384
0 0.418718 0.246509 0.0565982 0.246872 0.00793506
0 0.877466 0.371459 0.085825 0.180409 0.00713547
0 0.278987 0.207995 0.0979098 0.289529 0.00564781
0 0.259523 0.123101 0.0698356 0.239465 0.00486397
0 0.216579 0.211792 0.112407 0.289153 0.00447636
0 0.156178 0.209709 0.100735 0.265238 0.00378
0 0.233808 0.16723 0.0952389 0.29345 0.00265751
0 0.143794 0.272942 0.109373 0.314913 0.00246778
0 0.0980697 0.155684 0.100938 0.296641 0.00188037
0 0.30069 0.274326 0.0802803 0.287483 0.00165141
0 0.366108 0.274019 0.115951 0.283636 0.00127644
0 0.338254 0.213847 0.0873294 0.282203 0.00117221
