0 0.908968 0.503486 0.107005 0.235004 0.879543
0 0.717168 0.148138 0.0900446 0.221858 0.861721
0 0.556965 0.12786 0.0978168 0.181924 0.847845
0 0.0960596 0.136572 0.0915088 0.272906 0.218513
0 0.254645 0.200643 0.0931365 0.280609 0.138762
0 0.116088 0.17892 0.0902509 0.296692 0.0293435
0 0.259572 0.123739 0.0695089 0.236464 0.0191743
0 0.071353 0.136083 0.082527 0.254122 0.00797999
0 0.290488 0.192087 0.105317 0.293362 0.00535883
0 0.0832004 0.192509 0.108682 0.310777 0.00448444
0 0.326798 0.185189 0.104957 0.301013 0.00364112
0 0.175978 0.148984 0.0813222 0.263294 0.00353995
0 0.141675 0.197045 0.0961825 0.297852 0.00347832
0 0.203365 0.194091 0.107428 0.300211 0.00277052
0 0.236988 0.167647 0.09118 0.296142 0.00217945
0 0.564291 0.175417 0.0923474 0.286526 0.001812
0 0.274744 0.119566 0.0637395 0.220455 0.00169903
0 0.144037 0.135319 0.0887749 0.260948 0.00168154
0 0.529867 0.1174 0.0582787 0.158395 0.00106942
0 0.171543 0.214058 0.105328 0.299231 0.00105702
