0 0.871565 0.444029 0.0976828 0.194924 0.888665
0 0.761786 0.210752 0.0928899 0.240985 0.882096
0 0.155993 0.473158 0.0745618 0.252265 0.88067
0 0.0513 0.546589 0.06761 0.254617 0.851757
0 0.0950319 0.455675 0.0526415 0.261318 0.779689
0 0.0406006 0.473911 0.0657452 0.229203 0.661459
0 0.016433 0.576823 0.030707 0.251301 0.645634
0 0.292176 0.221259 0.112255 0.308774 0.432994
0 0.418996 0.257445 0.0497528 0.257343 0.255989
0 0.266774 0.132856 0.0727502 0.246259 0.0649906
0 0.265059 0.21564 0.115552 0.30452 0.0302582
0 0.304779 0.287803 0.093798 0.28783 0.0230493
0 0.0549216 0.454611 0.0872587 0.225732 0.0196678
0 0.879834 0.518779 0.0911318 0.138505 0.0194648
0 0.0721517 0.458384 0.078337 0.25474 0.0151741
0 0.172413 0.211363 0.108335 0.26302 0.0147752
0 0.229444 0.195074 0.080911 0.287374 0.0135903
0 0.356932 0.292339 0.100164 0.286891 0.0103532
0 0.198859 0.1948 0.0973349 0.28718 0.00960129
0 0.330454 0.317159 0.103691 0.291411 0.0094042
0 0.442356 0.248222 0.0897206 0.260227 0.00923753
0 0.124729 0.462039 0.0817954 0.265735 0.00845634
0 0.198417 0.153436 0.074471 0.28268 0.00620068
0 0.0231124 0.555494 0.0418133 0.226029 0.005872
0 0.234894 0.128857 0.0835693 0.246485 0.00405064
0 0.0375004 0.571805 0.0750009 0.264113 0.00399767
0 0.377078 0.256915 0.109095 0.290197 0.00390079
0 0.300376 0.356647 0.0897542 0.287508 0.00294338
0 0.109915 0.448491 0.0513401 0.251274 0.0019316
0 0.40988 0.251405 0.0807927 0.267676 0.00191055
0 0.136092 0.209087 0.113672 0.267763 0.00186723
0 0.0335473 0.424555 0.0490069 0.131324 0.00170908
0 0.279079 0.106823 0.0660131 0.201827 0.00153628
0 0.2867 0.319597 0.0949964 0.295593 0.0015359
0 0.279331 0.166483 0.0891097 0.28739 0.00152559
0 0.346544 0.222589 0.0999431 0.302041 0.00147948
