0 0.0284551 0.159084 0.0557321 0.23156 0.874096
0 0.0340378 0.418214 0.0675566 0.278591 0.770013
0 0.305945 0.300108 0.0985078 0.286746 0.197237
0 0.299716 0.220173 0.0947246 0.299444 0.140912
0 0.271243 0.181986 0.0863766 0.2864 0.121649
0 0.247219 0.179584 0.0961092 0.273029 0.0308567
0 0.107682 0.122077 0.0699243 0.238888 0.00847675
0 0.202652 0.149964 0.0963813 0.270742 0.00748515
0 0.130468 0.200057 0.0785197 0.28094 0.00677153
0 0.260171 0.139168 0.0829724 0.274519 0.0036688
0 0.18375 0.134502 0.0885993 0.258083 0.00356318
0 0.154771 0.212778 0.102753 0.2719 0.00336237
0 0.222453 0.179418 0.0981194 0.272502 0.00329741
0 0.128268 0.120923 0.0764195 0.241846 0.0032808
0 0.111545 0.195851 0.0721038 0.277753 0.00292744
0 0.32526 0.241778 0.100584 0.284676 0.00252427
0 0.338988 0.284153 0.112686 0.311803 0.00230332
0 0.147743 0.144647 0.0780491 0.264412 0.00146732
0 0.409922 0.245471 0.0641701 0.2638 0.00130894
0 0.287347 0.152538 0.082866 0.269184 0.00128733
0 0.0219876 0.389103 0.0429222 0.254244 0.00105105
