0 0.175858 0.327136 0.0694995 0.241605 0.874838
0 0.427068 0.967569 0.0761865 0.0648618 0.763663
0 0.0430882 0.453182 0.0820316 0.228778 0.450881
0 0.0253414 0.44858 0.0487462 0.223816 0.048378
0 0.673908 0.0958428 0.104059 0.14019 0.0464366
0 0.685993 0.102317 0.0751964 0.111673 0.0315416
0 0.685527 0.148117 0.086793 0.205258 0.0149593
0 0.655041 0.0855027 0.105699 0.168774 0.00796248
0 0.0152109 0.446162 0.0278506 0.221221 0.00220104
0 0.0457915 0.881912 0.0876533 0.201649 0.00216351
0 0.602178 0.907729 0.124521 0.184541 0.00100739
