0 0.50476 0.89282 0.0970719 0.210338 0.876993
0 0.269315 0.137429 0.0702385 0.242434 0.227911
0 0.344616 0.251872 0.100087 0.319233 0.0664557
0 0.257803 0.181614 0.0927375 0.286694 0.0210327
0 0.407882 0.242772 0.0722024 0.272862 0.015135
0 0.334778 0.299705 0.0847237 0.28531 0.0119328
0 0.118711 0.167342 0.098339 0.287002 0.00895696
0 0.198526 0.134152 0.0758318 0.247112 0.00840751
0 0.368396 0.268543 0.125719 0.319185 0.00626693
0 0.127105 0.116997 0.0964087 0.230086 0.00616478
0 0.2983 0.107297 0.0738318 0.20742 0.00612362
0 0.227771 0.13023 0.08842 0.251688 0.00498954
0 0.167748 0.19858 0.107732 0.297343 0.00474459
0 0.286454 0.182949 0.0860028 0.299639 0.00338319
0 0.318832 0.251846 0.090496 0.322464 0.00335096
0 0.328724 0.198826 0.076238 0.30611 0.00332238
0 0.14218 0.18261 0.101733 0.298916 0.00272835
0 0.247757 0.122741 0.0853707 0.245483 0.00268556
0 0.418993 0.190948 0.0903511 0.312977 0.00265552
0 0.314393 0.119777 0.0609629 0.225478 0.00259234
0 0.391943 0.248258 0.104759 0.317844 0.00220327
0 0.19403 0.180038 0.0929818 0.299997 0.00134594
0 0.235074 0.184331 0.093399 0.293807 0.00107596
