0 0.360345 0.817262 0.0921376 0.299175 0.87747
0 0.428909 0.803032 0.0723729 0.312016 0.871623
0 0.282127 0.186207 0.0702402 0.24751 0.250476
0 0.407551 0.246513 0.0733278 0.2506 0.0900883
0 0.308553 0.288897 0.0856851 0.277259 0.0609595
0 0.265935 0.18583 0.0735709 0.271774 0.048066
0 0.231238 0.222933 0.0962634 0.277662 0.0425521
0 0.323347 0.256313 0.103205 0.318412 0.0114385
0 0.25972 0.138167 0.0713981 0.254582 0.00877772
0 0.295306 0.222477 0.0810768 0.280977 0.00473993
0 0.130203 0.196584 0.0936886 0.303681 0.00472756
0 0.314834 0.192473 0.096669 0.279991 0.00455963
0 0.340151 0.223761 0.090737 0.28595 0.00371672
0 0.242604 0.184043 0.0827015 0.26471 0.0033683
0 0.207476 0.19549 0.0998685 0.292072 0.00325605
0 0.199139 0.1504 0.0773164 0.253913 0.00325367
0 0.337722 0.305 0.101753 0.276414 0.00191726
0 0.17533 0.217788 0.122055 0.303869 0.00166112
0 0.110422 0.181066 0.088808 0.288444 0.00162109
0 0.183726 0.182765 0.0843994 0.290302 0.001205
0 0.815505 0.0133652 0.0857507 0.0267303 0.00107274
0 0.387 0.248432 0.103314 0.275417 0.00100231
