0 0.274275 0.885903 0.0726993 0.225386 0.877044
0 0.234808 0.831926 0.0721497 0.268345 0.860295
0 0.250584 0.185702 0.0982772 0.286575 0.476024
0 0.417032 0.248023 0.0569207 0.273823 0.307603
0 0.107576 0.184037 0.100286 0.304027 0.237683
0 0.265975 0.152963 0.0755444 0.271499 0.0359154
0 0.0960842 0.139199 0.0978821 0.278398 0.0356122
0 0.356887 0.242701 0.108754 0.291937 0.0260136
0 0.287451 0.189803 0.0838556 0.294338 0.0137292
0 0.224791 0.207672 0.0878982 0.272176 0.012393
0 0.399114 0.243967 0.0817965 0.278405 0.00969225
0 0.124543 0.152609 0.0901491 0.286716 0.00769877
0 0.327452 0.219494 0.0914902 0.291009 0.00750042
0 0.197917 0.143678 0.0767353 0.266091 0.00572329
0 0.296392 0.238482 0.0792791 0.270401 0.00467318
0 0.342929 0.304907 0.0960894 0.26501 0.00421472
0 0.268841 0.220823 0.101183 0.284308 0.00323489
0 0.138031 0.198121 0.102091 0.29426 0.00267874
0 0.373434 0.204684 0.0977603 0.306887 0.0026706
0 0.407317 0.198994 0.0682848 0.281513 0.00237811
0 0.07452 0.149522 0.0969909 0.27392 0.00237118
0 0.271087 0.111263 0.0624184 0.202586 0.00220032
0 0.220671 0.134853 0.0914251 0.262583 0.00218265
0 0.249864 0.137758 0.0792748 0.259356 0.002026
0 0.54093 0.983867 0.0627362 0.0322486 0.00165741
0 0.379859 0.271546 0.113068 0.282533 0.00111195
0 0.285958 0.129426 0.0684637 0.247525 0.00105505
0 0.320466 0.289735 0.0950808 0.284424 0.001029
