0 0.162737 0.501008 0.106669 0.310304 0.86941
0 0.0539612 0.214429 0.0766321 0.259439 0.867897
0 0.621774 0.156495 0.0765999 0.173293 0.851519
0 0.313151 0.281749 0.0995347 0.277858 0.624076
0 0.269727 0.157744 0.071527 0.266161 0.401894
0 0.418017 0.245056 0.0561551 0.251134 0.340257
0 0.0120895 0.244153 0.0228094 0.215414 0.286082
0 0.281374 0.191032 0.0698127 0.232954 0.0835858
0 0.14396 0.21242 0.0727082 0.259321 0.0574073
0 0.296074 0.226429 0.0857131 0.28466 0.0436777
0 0.194884 0.150982 0.0626968 0.249261 0.0349644
0 0.344224 0.279059 0.0898649 0.272604 0.0294879
0 0.984741 0.555109 0.0286278 0.2135 0.0185585
0 0.372098 0.278128 0.0787333 0.267814 0.0171966
0 0.16663 0.210749 0.0891225 0.25789 0.0119106
0 0.22522 0.15625 0.0952321 0.268068 0.0107454
0 0.398067 0.243789 0.0841847 0.263095 0.00787185
0 0.125298 0.211456 0.0665988 0.263779 0.00342278
0 0.0274587 0.203487 0.0495392 0.245918 0.0028933
0 0.248429 0.164237 0.0839115 0.259918 0.00262991
0 0.988106 0.528536 0.0222755 0.187965 0.00215682
0 0.258294 0.20455 0.0833763 0.25311 0.00197357
0 0.0217991 0.240887 0.0407436 0.247609 0.00178831
0 0.358288 0.289131 0.0688313 0.227235 0.00169356
0 0.420404 0.213415 0.0819126 0.287829 0.00147948
0 0.189025 0.210624 0.0888151 0.263669 0.00144931
0 0.389373 0.303582 0.0883411 0.262483 0.00138939
0 0.298187 0.33615 0.0837988 0.292598 0.00134846
0 0.0118272 0.198234 0.021086 0.17616 0.00104511
