0 0.748275 0.352786 0.085731 0.213757 0.903003
0 0.527168 0.0915703 0.0921885 0.176388 0.798051
0 0.116804 0.196114 0.0860959 0.307961 0.346777
0 0.304029 0.223968 0.0987826 0.297699 0.250574
0 0.419111 0.25933 0.0484565 0.251562 0.214374
0 0.988896 0.68138 0.0214569 0.214459 0.139432
0 0.265916 0.145379 0.0654082 0.247649 0.0740448
0 0.141693 0.209843 0.111896 0.301017 0.0230727
0 0.10033 0.168104 0.0905307 0.308349 0.0210702
0 0.983143 0.675699 0.0337142 0.220884 0.0189345
0 0.248728 0.150008 0.0775142 0.253299 0.0119618
0 0.113431 0.137802 0.0737225 0.265596 0.0114589
0 0.547913 0.0536425 0.0641211 0.103732 0.0102612
0 0.27561 0.18767 0.0900257 0.296013 0.00965333
0 0.317871 0.301174 0.10066 0.258657 0.00878723
0 0.280187 0.126724 0.0672536 0.240888 0.00482283
0 0.201236 0.136943 0.083392 0.25665 0.00459387
0 0.236099 0.180718 0.0799757 0.263385 0.00439403
0 0.277959 0.033411 0.0547383 0.0613499 0.00329158
0 0.342664 0.304552 0.0790361 0.251404 0.00324374
0 0.165987 0.198945 0.10345 0.303825 0.00270285
0 0.251719 0.21445 0.0943342 0.291885 0.0022524
0 0.0992619 0.124092 0.0651253 0.248183 0.00208178
0 0.33787 0.225093 0.104441 0.294085 0.00191237
0 0.372526 0.285471 0.107265 0.271481 0.00182079
0 0.184146 0.155503 0.0859779 0.280949 0.00179286
0 0.219398 0.15034 0.0794614 0.260401 0.00142801
0 0.399798 0.258848 0.0764062 0.260039 0.00127205
0 0.530155 0.0579908 0.0920141 0.108888 0.00125806
0 0.541889 0.977037 0.0854485 0.0459256 0.00109146
0 0.442255 0.244921 0.0873223 0.257841 0.00107185
