0 0.653507 0.231459 0.0841385 0.212196 0.899259
0 0.906467 0.540308 0.100011 0.226292 0.695747
0 0.121269 0.195178 0.101926 0.32078 0.340423
0 0.917536 0.48765 0.0943008 0.133017 0.234732
0 0.0970914 0.181412 0.117403 0.328518 0.176327
0 0.151383 0.210282 0.120669 0.294918 0.0919498
0 0.466066 0.0665504 0.0753126 0.12847 0.0830255
0 0.302277 0.222435 0.0999251 0.302241 0.0737987
0 0.418363 0.248911 0.0514866 0.254781 0.0592319
0 0.251835 0.148411 0.0808434 0.248088 0.0276949
0 0.346103 0.302971 0.0776901 0.256105 0.0177468
0 0.315206 0.289603 0.0981333 0.271297 0.0169206
0 0.367406 0.290016 0.103107 0.272505 0.0102103
0 0.106986 0.139498 0.0819802 0.266675 0.00797477
0 0.275059 0.192286 0.101625 0.291768 0.00599454
0 0.268187 0.122643 0.0654861 0.237198 0.0042281
0 0.0670471 0.18196 0.105347 0.320489 0.00388663
0 0.398527 0.257765 0.0830676 0.25793 0.00335109
0 0.238259 0.174475 0.0762688 0.258092 0.00314814
0 0.901713 0.494769 0.0997057 0.165491 0.00247464
0 0.348131 0.257273 0.0987958 0.302107 0.00238879
0 0.0828798 0.137011 0.0871099 0.255392 0.00164005
0 0.20556 0.15097 0.0930193 0.270745 0.00158209
0 0.435486 0.247755 0.0732674 0.259488 0.00147944
0 0.0571662 0.139279 0.0796755 0.244477 0.00139252
0 0.326109 0.242639 0.08396 0.275976 0.00133156
0 0.284676 0.101082 0.0620193 0.195097 0.00119873
0 0.541567 0.978104 0.0820361 0.0437921 0.00107039
0 0.293791 0.306919 0.102581 0.266331 0.00101148
