0 0.415308 0.840251 0.090312 0.285546 0.904927
0 0.105154 0.537235 0.0765558 0.275317 0.85952
0 0.196444 0.542376 0.0933294 0.284404 0.852074
0 0.244549 0.18291 0.0757352 0.26277 0.285135
0 0.0933762 0.135443 0.0913061 0.255656 0.229969
0 0.305152 0.226941 0.0748505 0.27812 0.149022
0 0.256262 0.13914 0.0733588 0.247965 0.126331
0 0.418324 0.24991 0.0493725 0.241771 0.0872599
0 0.282388 0.103005 0.0559795 0.195991 0.0652506
0 0.316754 0.28844 0.0823097 0.276696 0.0639401
0 0.26988 0.122707 0.0636507 0.235056 0.0356451
0 0.264982 0.180472 0.0968726 0.277341 0.0262641
0 0.286307 0.214072 0.0909159 0.29247 0.0234832
0 0.347439 0.284942 0.105777 0.298834 0.0177379
0 0.106334 0.179543 0.0895062 0.287447 0.0160397
0 0.0670549 0.132273 0.0905643 0.251557 0.013098
0 0.371846 0.263466 0.126425 0.300894 0.0060709
0 0.227857 0.179641 0.066075 0.24965 0.00603706
0 0.203097 0.149638 0.0814823 0.261021 0.00577582
0 0.324949 0.241344 0.0746307 0.275353 0.00376599
0 0.125895 0.195838 0.0877566 0.290052 0.00264035
0 0.235941 0.230966 0.0671239 0.27579 0.00261965
0 0.11416 0.125386 0.0783132 0.250771 0.00176703
0 0.330662 0.301643 0.0776034 0.228598 0.00113568
0 0.295985 0.277041 0.0697575 0.28846 0.00106892
0 0.234975 0.136216 0.0821916 0.265122 0.00106439
