0 0.170738 0.591423 0.0889031 0.303411 0.871671
0 0.0534904 0.451406 0.062147 0.234712 0.841814
0 0.0835105 0.599261 0.0789647 0.246289 0.838853
0 0.103988 0.427016 0.0494317 0.216291 0.830317
0 0.167825 0.437207 0.0885508 0.295754 0.590729
0 0.418281 0.248612 0.0487604 0.228033 0.427175
0 0.283297 0.206519 0.0845918 0.284266 0.30599
0 0.251192 0.194375 0.0883379 0.272975 0.172934
0 0.305936 0.25872 0.0800686 0.260852 0.144212
0 0.315907 0.302818 0.0820367 0.288926 0.054531
0 0.224361 0.193733 0.0952816 0.263418 0.026445
0 0.432997 0.244347 0.0707542 0.241391 0.0250408
0 0.316104 0.203397 0.0834373 0.300429 0.0230683
0 0.118384 0.178202 0.0894377 0.267177 0.0202656
0 0.335402 0.22022 0.0725014 0.283163 0.0164985
0 0.204281 0.157168 0.0937406 0.277575 0.0146283
0 0.294495 0.348041 0.0906632 0.265179 0.0144771
0 0.173172 0.388667 0.0778486 0.207393 0.0125707
0 0.269581 0.123889 0.0641523 0.234929 0.0107258
0 0.324759 0.25432 0.0663429 0.270056 0.00892052
0 0.144578 0.179726 0.0840967 0.253756 0.00723808
0 0.271801 0.185503 0.0712813 0.226489 0.00639102
0 0.378116 0.220489 0.0752845 0.269926 0.00532953
0 0.405885 0.230193 0.0824378 0.265479 0.00501511
0 0.165622 0.181688 0.0712471 0.241032 0.00494959
0 0.343946 0.288095 0.0869294 0.294403 0.00430299
0 0.356432 0.228 0.0800464 0.2664 0.00401035
0 0.285798 0.121702 0.065745 0.23189 0.00277878
0 0.108778 0.137214 0.0786878 0.264825 0.00198946
0 0.235009 0.235389 0.0802669 0.261588 0.00131468
0 0.186707 0.140028 0.0826714 0.265759 0.0011455
0 0.0888368 0.43 0.068672 0.22164 0.0011404
0 0.370492 0.284301 0.0926047 0.274869 0.00113228
