0 0.84537 0.475629 0.0898865 0.204423 0.862748
0 0.269555 0.147004 0.0813684 0.279053 0.249905
0 0.253324 0.187316 0.0954378 0.316093 0.110787
0 0.281981 0.214558 0.102055 0.32014 0.079351
0 0.434739 0.227103 0.0920416 0.26356 0.0498888
0 0.0931625 0.167282 0.117692 0.296708 0.0367087
0 0.303259 0.239968 0.0946041 0.293306 0.0342931
0 0.280476 0.119391 0.0651561 0.221813 0.0275097
0 0.354727 0.243535 0.0928837 0.297276 0.0243498
0 0.219102 0.180172 0.104249 0.310006 0.0191313
0 0.315612 0.197475 0.0865884 0.308278 0.0124079
0 0.330541 0.256178 0.105088 0.303122 0.00789602
0 0.41771 0.243624 0.0692314 0.256663 0.00706788
0 0.93778 0.0451143 0.0643255 0.0881407 0.00690913
0 0.203349 0.153055 0.0778154 0.279588 0.00648699
0 0.29224 0.0948285 0.0684885 0.184656 0.00554003
0 0.240824 0.134811 0.0864574 0.262756 0.00498508
0 0.432666 0.116362 0.0856919 0.199033 0.00395211
0 0.368455 0.214565 0.0698744 0.270193 0.00352223
0 0.315483 0.0975204 0.0683825 0.189561 0.00343088
0 0.175796 0.191308 0.0996271 0.303925 0.00318577
0 0.355424 0.153379 0.0702557 0.258454 0.00317549
0 0.3142 0.288079 0.0978789 0.285198 0.00313825
0 0.235279 0.222464 0.0921399 0.302283 0.00280403
0 0.0730812 0.137203 0.099062 0.262109 0.00264304
0 0.144617 0.184846 0.0894078 0.305059 0.00204032
0 0.413805 0.197608 0.0950878 0.284956 0.00187269
0 0.343275 0.198526 0.077353 0.304276 0.00161263
0 0.330651 0.150298 0.074795 0.274593 0.0015975
0 0.430462 0.162735 0.0943219 0.21169 0.00128501
0 0.349661 0.101842 0.0683051 0.193317 0.0012417
0 0.305957 0.151993 0.0745579 0.281864 0.00107503
