0 0.940254 0.601305 0.0888845 0.268277 0.900005
0 0.754546 0.343757 0.0825768 0.232462 0.88963
0 0.294765 0.22449 0.0938233 0.304537 0.589343
0 0.146824 0.225516 0.0974011 0.280779 0.0507239
0 0.118645 0.210174 0.0900019 0.298823 0.0207505
0 0.282792 0.185161 0.0834206 0.272575 0.0193262
0 0.269542 0.125205 0.0608859 0.235164 0.01375
0 0.0977401 0.196053 0.105056 0.303404 0.0137374
0 0.378425 0.257703 0.11067 0.304823 0.0104109
0 0.256061 0.152575 0.0769728 0.26601 0.00981712
0 0.189256 0.225713 0.142387 0.295422 0.00917763
0 0.407276 0.247846 0.0763748 0.262649 0.00906735
0 0.254718 0.217998 0.0997545 0.297253 0.00730967
0 0.231859 0.221913 0.0934281 0.282616 0.00598388
0 0.35741 0.230433 0.0835288 0.275504 0.00585088
0 0.306129 0.287244 0.0906529 0.29277 0.00264345
0 0.166045 0.202664 0.103212 0.293383 0.00208896
0 0.234168 0.135453 0.0844138 0.248914 0.00192853
0 0.314954 0.197595 0.0918597 0.299923 0.0018683
0 0.289455 0.11903 0.068188 0.219566 0.00140157
0 0.204992 0.149202 0.0910954 0.257253 0.00126512
0 0.081196 0.161321 0.0996825 0.304456 0.00118691
0 0.342698 0.197915 0.0791959 0.301385 0.00104715
