0 0.0466677 0.541752 0.0780624 0.288262 0.863391
0 0.238149 0.789334 0.0856238 0.281618 0.859907
0 0.314363 0.740988 0.0940899 0.286647 0.856313
0 0.305939 0.239474 0.0910536 0.298844 0.328658
0 0.419414 0.259607 0.0508718 0.249752 0.125303
0 0.119324 0.194846 0.0862834 0.294424 0.0865429
0 0.255585 0.160321 0.0791812 0.278913 0.0420981
0 0.204875 0.151253 0.0877312 0.277262 0.0389532
0 0.271892 0.184969 0.0808815 0.294848 0.0315157
0 0.230578 0.179265 0.0904336 0.280761 0.0222116
0 0.267859 0.134816 0.0636724 0.251828 0.0187762
0 0.0994401 0.180965 0.097092 0.303879 0.016061
0 0.14217 0.210265 0.100122 0.295459 0.0158711
0 0.315974 0.296766 0.0943614 0.275594 0.0156461
0 0.340825 0.253228 0.10382 0.301282 0.0068734
0 0.369466 0.277708 0.0918199 0.287447 0.00314083
0 0.178671 0.189942 0.101547 0.306169 0.00262121
0 0.0766894 0.134433 0.0858319 0.253336 0.0025575
0 0.283945 0.098352 0.0577106 0.191512 0.00181361
0 0.345503 0.302537 0.0770825 0.258463 0.0017584
0 0.290112 0.273285 0.0867858 0.272986 0.001286
