0 0.145672 0.786158 0.0920897 0.283107 0.868336
0 0.290794 0.60496 0.0903754 0.281632 0.855293
0 0.24806 0.779174 0.0809633 0.268753 0.853139
0 0.22311 0.648891 0.0605134 0.237781 0.795381
0 0.130332 0.645483 0.0943448 0.251779 0.75976
0 0.278077 0.179691 0.0683744 0.250012 0.544842
0 0.196764 0.132573 0.0743472 0.247141 0.0342432
0 0.304615 0.261276 0.0880233 0.260878 0.0291355
0 0.292773 0.209497 0.0793745 0.264478 0.0261131
0 0.261578 0.163341 0.0877794 0.282696 0.0255849
0 0.136661 0.71179 0.094866 0.386345 0.0168434
0 0.212659 0.149222 0.0870678 0.269808 0.00933206
0 0.0941968 0.196578 0.117375 0.313645 0.00708924
0 0.418778 0.246814 0.0571269 0.255327 0.00525297
0 0.132473 0.213295 0.102329 0.30804 0.00466746
0 0.28784 0.137655 0.070118 0.265501 0.00320363
0 0.247069 0.123776 0.0795045 0.247552 0.00275913
0 0.541401 0.980688 0.073546 0.0386249 0.00230816
0 0.601077 0.905323 0.131978 0.189354 0.00213692
0 0.231351 0.67873 0.0841103 0.302846 0.00209005
0 0.268638 0.121831 0.068567 0.224657 0.00173329
0 0.235048 0.181734 0.0896326 0.261523 0.00170701
0 0.19608 0.0811161 0.0621811 0.152159 0.00164291
0 0.310665 0.194062 0.083784 0.274311 0.00163954
0 0.352909 0.227156 0.0972765 0.284565 0.00156226
0 0.293992 0.0987422 0.0641569 0.188434 0.00144251
0 0.332348 0.0969967 0.0584715 0.181534 0.00144048
0 0.157696 0.127654 0.0757928 0.247904 0.00123492
0 0.211003 0.105103 0.0726747 0.203265 0.00117344
0 0.325927 0.256907 0.109211 0.286484 0.00117212
0 0.279074 0.190928 0.0620293 0.164514 0.00116776
0 0.186182 0.104795 0.0651301 0.208124 0.00107744
