0 0.246366 0.618442 0.0799196 0.270249 0.888915
0 0.153881 0.703069 0.0807972 0.263983 0.887418
0 0.170682 0.609039 0.0671477 0.278306 0.849998
0 0.0244402 0.602063 0.0478552 0.273997 0.847097
0 0.0907944 0.709114 0.0692056 0.263137 0.825227
0 0.122985 0.614263 0.0553704 0.229265 0.704613
0 0.983439 0.685631 0.0322083 0.210412 0.435986
0 0.417779 0.247802 0.0603191 0.24659 0.203846
0 0.306753 0.219211 0.10229 0.296333 0.0984548
0 0.107459 0.191887 0.0839945 0.284146 0.0952583
0 0.249857 0.213471 0.0965841 0.290913 0.0633999
0 0.50356 0.0338843 0.0857797 0.0673379 0.0237638
0 0.315052 0.270309 0.0907386 0.22923 0.0191292
0 0.119435 0.564999 0.0450534 0.151515 0.0166283
0 0.103473 0.139487 0.0712098 0.252246 0.0099719
0 0.0437413 0.818294 0.0827259 0.284513 0.00919035
0 0.333922 0.224205 0.0934103 0.292335 0.00897663
0 0.256843 0.148432 0.0826226 0.257419 0.00768815
0 0.280885 0.233258 0.11994 0.281433 0.00631529
0 0.129101 0.207909 0.104421 0.304803 0.0052829
0 0.237941 0.159495 0.0843467 0.271099 0.00483889
0 0.065811 0.806686 0.0993245 0.317945 0.00441057
0 0.127631 0.632716 0.0810942 0.256385 0.002445
0 0.01613 0.612335 0.0302136 0.274284 0.00231662
0 0.481001 0.0370169 0.113578 0.0732145 0.00231498
0 0.223865 0.209847 0.0942476 0.27798 0.00227696
0 0.196622 0.153754 0.0881852 0.266219 0.00225859
0 0.176408 0.191927 0.0937589 0.289422 0.00217407
0 0.518443 0.027669 0.0825412 0.055338 0.00202074
0 0.988672 0.721028 0.0207821 0.196972 0.00198995
0 0.973728 0.687786 0.0457331 0.21707 0.00185597
0 0.98636 0.654662 0.0260166 0.172079 0.0016454
0 0.277331 0.182372 0.0903414 0.272635 0.00150759
0 0.27445 0.133713 0.0682288 0.238193 0.00131186
0 0.0885637 0.164722 0.0838747 0.273862 0.00129448
0 0.139437 0.604829 0.0704305 0.244629 0.00123364
0 0.0379054 0.868194 0.0700837 0.216901 0.00114542
0 0.257209 0.114725 0.0653795 0.21199 0.00109534
0 0.400825 0.243857 0.0769326 0.260936 0.00108038
0 0.154333 0.223552 0.0983953 0.28149 0.00100207
