0 0.046894 0.249631 0.0773026 0.277574 0.848234
0 0.267097 0.151719 0.0688916 0.253975 0.678873
0 0.205468 0.151383 0.0887331 0.277087 0.144597
0 0.283622 0.180908 0.0800117 0.246111 0.112867
0 0.306242 0.283529 0.104534 0.280975 0.0496283
0 0.127082 0.221661 0.0747664 0.301686 0.0266482
0 0.296962 0.215143 0.0910792 0.301819 0.0190986
0 0.377036 0.252982 0.10468 0.301376 0.00840135
0 0.833604 0.0149236 0.0769634 0.0293363 0.00839061
0 0.328058 0.26048 0.10387 0.303974 0.00412162
0 0.350159 0.270404 0.0931832 0.300474 0.00330593
0 0.112463 0.196391 0.0695077 0.287011 0.00318048
0 0.931925 0.0531671 0.0603437 0.103242 0.00282811
0 0.406327 0.244508 0.0916368 0.283439 0.00282128
0 0.187336 0.13882 0.0802669 0.277641 0.00275332
0 0.247144 0.177549 0.0931065 0.258791 0.00223909
0 0.25197 0.136891 0.0702014 0.256099 0.00221515
0 0.16581 0.225346 0.0910724 0.284455 0.0020689
0 0.803875 0.0141161 0.075964 0.0282321 0.00197821
0 0.819902 0.0179851 0.0787997 0.0359703 0.00130438
0 0.333867 0.102003 0.0526521 0.177268 0.00127978
0 0.228473 0.149392 0.097311 0.268923 0.00123926
