0 0.9193 0.496875 0.0847679 0.233691 0.885709
0 0.294545 0.225009 0.0940398 0.290995 0.103115
0 0.26902 0.12351 0.0733402 0.240748 0.0127626
0 0.11953 0.184045 0.105315 0.317565 0.0111565
0 0.354669 0.2311 0.106176 0.286611 0.0090635
0 0.313004 0.200441 0.101774 0.324431 0.00703441
0 0.282726 0.185666 0.0841183 0.284211 0.00523058
0 0.155505 0.185424 0.10914 0.328836 0.00392247
0 0.411272 0.244755 0.0725777 0.266384 0.00383024
0 0.194249 0.137547 0.0722267 0.259997 0.00324535
0 0.24796 0.12441 0.0802745 0.24882 0.00280855
0 0.305979 0.288376 0.091267 0.290747 0.00279413
0 0.264746 0.219935 0.105103 0.30793 0.00274273
0 0.817758 0.906162 0.0866184 0.179099 0.00265824
0 0.287548 0.125085 0.0768252 0.246234 0.00215635
0 0.192704 0.198581 0.116806 0.324799 0.00163137
0 0.331687 0.254762 0.110724 0.30423 0.00158324
0 0.0837236 0.181146 0.125542 0.314306 0.00105936
