0 0.18022 0.749061 0.0760942 0.290511 0.881632
0 0.293573 0.720955 0.105742 0.290156 0.867244
0 0.249338 0.155694 0.0857852 0.263918 0.428849
0 0.305885 0.289741 0.0854992 0.271959 0.355549
0 0.121191 0.196867 0.0792176 0.28604 0.286952
0 0.417939 0.251038 0.0563054 0.247436 0.0619822
0 0.265742 0.138429 0.0745362 0.257074 0.0401851
0 0.222869 0.163808 0.0953964 0.266325 0.0149556
0 0.205541 0.139883 0.0799086 0.268019 0.00620214
0 0.30286 0.228922 0.0779953 0.27658 0.00498059
0 0.268411 0.191893 0.0858126 0.249658 0.00330316
0 0.286389 0.209957 0.0781529 0.265224 0.00260814
0 0.11077 0.154773 0.0660051 0.255927 0.0024663
0 0.152879 0.210521 0.114503 0.287459 0.00246494
0 0.326272 0.302785 0.103084 0.28203 0.00120611
0 0.17509 0.195898 0.0890336 0.285369 0.00114123
0 0.283552 0.15675 0.0909946 0.275573 0.0010476
