0 0.122781 0.444483 0.075491 0.286245 0.897431
0 0.764223 0.371192 0.0908345 0.227602 0.88073
0 0.82789 0.271135 0.0898594 0.198172 0.84316
0 0.0162606 0.416439 0.0306274 0.271043 0.266793
0 0.254043 0.199415 0.103953 0.291733 0.101238
0 0.0855288 0.132504 0.0936215 0.263697 0.0729887
0 0.354812 0.306365 0.110376 0.270658 0.0544131
0 0.29438 0.196293 0.0992245 0.308095 0.0220029
0 0.268481 0.134164 0.0817587 0.247711 0.0175694
0 0.113529 0.125272 0.0987419 0.250544 0.0109999
0 0.323615 0.212052 0.114391 0.320639 0.0107121
0 0.226718 0.160362 0.0948348 0.297138 0.00877509
0 0.202132 0.188166 0.0919946 0.291389 0.00824659
0 0.233175 0.220787 0.0886781 0.280594 0.00654722
0 0.17519 0.190879 0.0840661 0.286793 0.0062957
0 0.344749 0.244242 0.124515 0.295919 0.00599219
0 0.305368 0.246597 0.0975024 0.287925 0.00369799
0 0.320737 0.300602 0.113973 0.28152 0.00356116
0 0.786192 0.35188 0.0589124 0.191069 0.00337564
0 0.247821 0.134579 0.0889208 0.262172 0.00321629
0 0.81405 0.905232 0.0726658 0.189535 0.00309641
0 0.0627524 0.138548 0.0947247 0.264422 0.00253094
0 0.185584 0.132015 0.0804034 0.25526 0.00209878
0 0.206192 0.125808 0.0874567 0.251616 0.00179532
0 0.15698 0.182095 0.0738928 0.274531 0.00141971
0 0.0266091 0.412068 0.045546 0.290452 0.00117751
