0 0.44074 0.809116 0.0806199 0.294756 0.901707
0 0.0736598 0.70929 0.0743139 0.279204 0.863978
0 0.106561 0.183909 0.104372 0.321526 0.546346
0 0.249604 0.190332 0.0943772 0.295591 0.220245
0 0.274378 0.188891 0.0910009 0.292889 0.176632
0 0.295342 0.195802 0.0867449 0.293484 0.152687
0 0.307218 0.288244 0.0929551 0.276016 0.105622
0 0.127816 0.204833 0.095704 0.311513 0.0392134
0 0.089265 0.148183 0.107841 0.287029 0.0278017
0 0.411983 0.245404 0.0677083 0.252401 0.0216868
0 0.33846 0.285751 0.11642 0.30033 0.0157079
0 0.26726 0.136807 0.0638734 0.247496 0.00981346
0 0.233449 0.222538 0.0972929 0.30557 0.00902538
0 0.6187 0.0706522 0.0657533 0.138636 0.00699719
0 0.202063 0.146061 0.0838733 0.2867 0.00555674
0 0.314302 0.225067 0.0953784 0.310686 0.00532067
0 0.576581 0.838971 0.0928957 0.321043 0.0034669
0 0.169863 0.218489 0.0888273 0.295131 0.00277708
0 0.211569 0.189819 0.106904 0.314273 0.00276154
0 0.356622 0.153616 0.0762639 0.253736 0.00256259
0 0.248207 0.136485 0.0782351 0.259582 0.00223817
0 0.361407 0.303191 0.102314 0.284557 0.00179862
0 0.289554 0.260324 0.0818186 0.25818 0.00162237
0 0.104584 0.149694 0.0844531 0.228545 0.00148355
0 0.342499 0.217823 0.106653 0.31908 0.00141985
0 0.37493 0.259177 0.107407 0.298871 0.00134614
0 0.183523 0.148385 0.0714767 0.267363 0.00130659
0 0.556739 0.847379 0.0771503 0.305242 0.00111336
0 0.287791 0.128778 0.066487 0.245637 0.00107739
0 0.394816 0.229532 0.0846467 0.283854 0.00106503
0 0.156292 0.185297 0.0767415 0.312123 0.00101466
