0 0.0358781 0.2864 0.0706536 0.284134 0.814864
0 0.127043 0.194221 0.0835447 0.295088 0.432963
0 0.418448 0.247133 0.0566504 0.246252 0.205342
0 0.934234 0.0546537 0.0745319 0.106819 0.193586
0 0.193508 0.154589 0.0622813 0.270234 0.148371
0 0.29558 0.202095 0.104969 0.307558 0.108879
0 0.258501 0.183074 0.0845759 0.266583 0.0824953
0 0.252838 0.131746 0.0731177 0.235886 0.0406152
0 0.150814 0.209277 0.0871282 0.274182 0.0348403
0 0.229478 0.188261 0.103496 0.2911 0.0330293
0 0.121284 0.131499 0.0721161 0.254356 0.0217065
0 0.180624 0.183959 0.0861702 0.300067 0.0162471
0 0.132796 0.0364657 0.0885538 0.0700413 0.00998339
0 0.434854 0.23212 0.0800236 0.271452 0.00768714
0 0.313552 0.240119 0.0944572 0.296071 0.00703688
0 0.146002 0.129238 0.0733299 0.252585 0.00679911
0 0.098637 0.191223 0.0990189 0.310655 0.00669499
0 0.20015 0.203683 0.0938978 0.287576 0.00663789
0 0.134863 0.251254 0.0836718 0.288171 0.00442738
0 0.408918 0.231296 0.0858397 0.272071 0.00411286
0 0.075146 0.163508 0.087627 0.289177 0.00395558
0 0.107322 0.109395 0.0592488 0.206938 0.00387013
0 0.181396 0.105779 0.0627343 0.205404 0.00339425
0 0.307459 0.302212 0.10159 0.289404 0.00330639
0 0.341825 0.219659 0.0824164 0.295244 0.0031363
0 0.267068 0.11309 0.065635 0.212841 0.00298384
0 0.234864 0.123601 0.0771277 0.242141 0.00246291
0 0.242566 0.240173 0.098375 0.32691 0.00243188
0 0.278715 0.169389 0.0860275 0.278334 0.00243087
0 0.0849241 0.125143 0.0683339 0.237039 0.00222706
0 0.165483 0.133249 0.0580685 0.253587 0.00173793
0 0.197313 0.0795286 0.0589851 0.150446 0.001537
0 0.383721 0.248574 0.101734 0.277229 0.00153675
0 0.180647 0.208238 0.0648289 0.229462 0.00152536
0 0.216892 0.15038 0.0799675 0.267227 0.00134443
0 0.349242 0.283342 0.0955309 0.312741 0.00112144
0 0.344641 0.0830224 0.0568137 0.148772 0.00108339
0 0.113831 0.180474 0.0724534 0.227428 0.00100143
