0 0.0338692 0.301821 0.0655562 0.237894 0.819211
0 0.31908 0.275642 0.0961305 0.304717 0.624915
0 0.117574 0.193737 0.080302 0.282108 0.380095
0 0.278592 0.184764 0.0707196 0.256663 0.134861
0 0.107857 0.149434 0.0695562 0.263875 0.113165
0 0.306867 0.230435 0.0869549 0.300218 0.0562724
0 0.264154 0.155506 0.0704474 0.272142 0.0531721
0 0.143778 0.217208 0.0757091 0.293518 0.0323726
0 0.162583 0.221577 0.0712923 0.288148 0.0230268
0 0.279758 0.122229 0.065045 0.229495 0.0159668
0 0.337305 0.300276 0.0824639 0.267379 0.0155714
0 0.227242 0.226927 0.096891 0.275889 0.0127965
0 0.2294 0.157718 0.0924499 0.275463 0.0105226
0 0.197935 0.151585 0.0932025 0.28024 0.00969122
0 0.252361 0.213675 0.0885898 0.267494 0.00886774
0 0.147396 0.160321 0.0634446 0.283621 0.00677269
0 0.203379 0.223466 0.110838 0.290131 0.00622378
0 0.179353 0.138204 0.0800371 0.267877 0.00501424
0 0.301717 0.299788 0.0883163 0.285179 0.00322146
0 0.286633 0.237339 0.082464 0.294397 0.00251892
0 0.355288 0.273114 0.0860034 0.295199 0.00234284
0 0.248529 0.123357 0.0697135 0.243166 0.00139821
0 0.0963547 0.184574 0.0737187 0.288831 0.00113965
