0 0.0468925 0.240613 0.0849096 0.256108 0.831314
0 0.115566 0.180708 0.0876784 0.313542 0.44609
0 0.298595 0.223747 0.0948502 0.331954 0.353225
0 0.317744 0.286057 0.0900003 0.277972 0.0880375
0 0.282461 0.180248 0.080716 0.282337 0.0620899
0 0.247481 0.222694 0.0936491 0.307362 0.0347931
0 0.34197 0.260243 0.105465 0.309725 0.0343063
0 0.272087 0.141386 0.0724266 0.262362 0.0320124
0 0.0958557 0.157203 0.100223 0.290425 0.0299007
0 0.195835 0.134083 0.0837365 0.256234 0.0167849
0 0.129519 0.22062 0.0934628 0.298988 0.016094
0 0.36956 0.259564 0.10657 0.309363 0.0131946
0 0.816418 0.0151477 0.0806921 0.0302954 0.0102958
0 0.259411 0.180531 0.090047 0.284501 0.00718994
0 0.591867 0.90764 0.133021 0.18472 0.00493852
0 0.219086 0.147468 0.0988249 0.276809 0.00473948
0 0.270666 0.235899 0.102079 0.312119 0.00369698
0 0.409999 0.248573 0.0691994 0.258606 0.00339054
0 0.172476 0.221483 0.100357 0.303262 0.00302103
0 0.205743 0.221968 0.112233 0.298665 0.00245231
0 0.839494 0.0147069 0.084355 0.0294138 0.00191589
0 0.305335 0.240468 0.0777216 0.227296 0.00176738
0 0.0644409 0.212823 0.0997035 0.314329 0.00152291
0 0.175457 0.149579 0.073537 0.262373 0.00144242
0 0.311174 0.167038 0.0873857 0.295892 0.00118785
0 0.327199 0.215333 0.0818776 0.310453 0.00118193
0 0.248975 0.135782 0.0835243 0.264811 0.00117122
0 0.354798 0.301265 0.0792228 0.258167 0.00112796
0 0.347841 0.098885 0.0626096 0.171382 0.00111335
0 0.357595 0.216584 0.0841068 0.291399 0.00101812
