0 0.39785 0.889066 0.0784868 0.221362 0.878753
0 0.331152 0.887451 0.0789303 0.224356 0.870616
0 0.461338 0.879585 0.0719318 0.24083 0.867291
0 0.289307 0.19709 0.0868648 0.279078 0.223225
0 0.303355 0.25873 0.0841798 0.257395 0.0722495
0 0.26547 0.189021 0.0752131 0.265081 0.0442235
0 0.418074 0.24838 0.0581374 0.259674 0.0420807
0 0.0105842 0.583943 0.0191359 0.17862 0.0286079
0 0.247011 0.218039 0.0881876 0.274086 0.0209478
0 0.257083 0.124688 0.0621523 0.239154 0.0132324
0 0.115735 0.19956 0.0800438 0.296695 0.0122103
0 0.0141436 0.570704 0.0282871 0.198582 0.0079205
0 0.356097 0.152864 0.0734005 0.234327 0.00556001
0 0.305955 0.31398 0.0981629 0.289811 0.00508418
0 0.483078 0.877411 0.106825 0.245177 0.00355015
0 0.374537 0.25521 0.109255 0.296596 0.00284924
0 0.235075 0.183001 0.0815158 0.256722 0.00251765
0 0.354929 0.284264 0.084578 0.279167 0.00251268
0 0.0111382 0.527698 0.0209374 0.295588 0.00184087
0 0.349339 0.22665 0.0861672 0.293754 0.00176549
0 0.23928 0.130679 0.0760825 0.241631 0.00171087
0 0.277966 0.117658 0.0603871 0.225741 0.00163853
0 0.311498 0.198511 0.094577 0.29371 0.00147519
0 0.328467 0.255605 0.0872387 0.274104 0.00122053
0 0.225595 0.226199 0.096599 0.278389 0.00104138
