0 0.353457 0.826712 0.0927442 0.278227 0.902186
0 0.249993 0.834042 0.0796663 0.279738 0.891972
0 0.0500864 0.429153 0.0894042 0.261165 0.866563
0 0.19833 0.91526 0.0733539 0.169479 0.352636
0 0.272059 0.183425 0.0790555 0.254595 0.00708604
0 0.266249 0.12305 0.0663388 0.236482 0.00524264
0 0.83428 0.0137862 0.0814262 0.0270966 0.00427003
0 0.183677 0.899233 0.0995592 0.201534 0.0037499
0 0.419564 0.24903 0.0575609 0.253247 0.00332109
0 0.231155 0.181687 0.103088 0.265805 0.0027188
0 0.306961 0.275055 0.0853136 0.266599 0.00260815
0 0.803916 0.0137031 0.0712919 0.0274062 0.00180282
0 0.820574 0.0168554 0.0852018 0.0337108 0.00147807
0 0.254928 0.157891 0.0802034 0.273397 0.00144379
0 0.290587 0.207633 0.0937919 0.284074 0.00132763
