0 0.960494 0.440971 0.0784296 0.249627 0.896351
0 0.773277 0.238481 0.0904978 0.190597 0.895111
0 0.818542 0.44124 0.0846613 0.22122 0.893387
0 0.378443 0.689936 0.0974338 0.302752 0.868477
0 0.613937 0.0918228 0.0885495 0.178461 0.867631
0 0.0335928 0.676489 0.0662069 0.269491 0.858425
0 0.23017 0.567824 0.096278 0.288634 0.839696
0 0.735932 0.227975 0.0411709 0.190488 0.436428
0 0.255669 0.193753 0.0931401 0.280981 0.43035
0 0.275793 0.181739 0.0690321 0.258458 0.155412
0 0.417794 0.25033 0.0508518 0.237942 0.14818
0 0.735386 0.1916 0.0394181 0.111081 0.0985468
0 0.10556 0.191271 0.0966783 0.30439 0.0649988
0 0.306451 0.29158 0.0847421 0.273161 0.0463509
0 0.268491 0.124369 0.0666005 0.239384 0.039055
0 0.300236 0.208615 0.0791412 0.286254 0.0354736
0 0.147578 0.253413 0.103998 0.278288 0.0344779
0 0.235585 0.220876 0.0991092 0.288278 0.0317612
0 0.0869907 0.156592 0.101824 0.291536 0.0196239
0 0.356345 0.155673 0.0710884 0.244702 0.016231
0 0.193075 0.134697 0.0624499 0.246716 0.0101778
0 0.282876 0.0990042 0.0556527 0.189909 0.00822179
0 0.314932 0.239571 0.0696296 0.281219 0.00685716
0 0.427233 0.0383323 0.046091 0.0738629 0.00675826
0 0.328166 0.30125 0.0902279 0.278087 0.00611924
0 0.42635 0.1459 0.0560269 0.201028 0.00580363
0 0.419492 0.181379 0.0644151 0.271803 0.00575729
0 0.24916 0.122863 0.0756368 0.245154 0.00429738
0 0.335083 0.164591 0.0752023 0.272552 0.00376751
0 0.165675 0.225986 0.0905126 0.302964 0.00315015
0 0.352629 0.259112 0.100061 0.313726 0.00281347
0 0.222087 0.131572 0.0918218 0.258015 0.00266785
0 0.0698062 0.124715 0.10082 0.249429 0.0026314
0 0.113099 0.138975 0.0861024 0.256146 0.0026207
0 0.209133 0.191084 0.0943978 0.291387 0.00224056
0 0.285785 0.238578 0.0912912 0.314188 0.00199583
0 0.0331975 0.862253 0.0639141 0.21765 0.00154054
0 0.128729 0.209566 0.0990121 0.310567 0.00130023
