0 0.769681 0.35875 0.092237 0.211727 0.88391
0 0.966924 0.433912 0.0657164 0.258726 0.856796
0 0.017878 0.207514 0.033975 0.237498 0.700219
0 0.30075 0.224994 0.0952559 0.291361 0.521428
0 0.415906 0.258504 0.0527226 0.233212 0.440297
0 0.256881 0.147936 0.0791396 0.245089 0.0297742
0 0.106409 0.1484 0.0721527 0.244506 0.0276549
0 0.277663 0.205128 0.113246 0.307288 0.0198288
0 0.120444 0.128617 0.0794866 0.240078 0.0167801
0 0.130723 0.19691 0.0912469 0.285941 0.0142986
0 0.146032 0.129569 0.0718384 0.241823 0.0135915
0 0.0936653 0.126129 0.0649168 0.236234 0.0104147
0 0.198427 0.135532 0.0904618 0.247746 0.010342
0 0.233325 0.152078 0.0893157 0.253493 0.00942166
0 0.174045 0.13117 0.0885832 0.249779 0.00942032
0 0.244357 0.195457 0.088898 0.273045 0.00936721
0 0.154105 0.210811 0.0903236 0.269136 0.0077382
0 0.421035 0.236713 0.0806931 0.265108 0.00647579
0 0.380525 0.226607 0.0954933 0.28746 0.00373404
0 0.109935 0.205584 0.0851496 0.281405 0.00351112
0 0.305343 0.298482 0.0939218 0.25254 0.0034302
0 0.399505 0.245495 0.0748424 0.261244 0.00284837
0 0.345696 0.222647 0.0973346 0.296076 0.00251419
0 0.324002 0.240272 0.0866531 0.277245 0.00232136
0 0.266901 0.116746 0.0667864 0.220819 0.00222972
0 0.201272 0.184666 0.10498 0.278687 0.00209744
0 0.258438 0.236025 0.114075 0.31194 0.00179297
0 0.091295 0.183751 0.0763274 0.277982 0.00178337
0 0.222805 0.209143 0.0979977 0.278597 0.00145592
0 0.178367 0.1981 0.0960353 0.276396 0.00119529
0 0.35676 0.276792 0.0868315 0.275612 0.00108426
0 0.0140208 0.237831 0.0244252 0.281866 0.00106257
