0 0.871121 0.49701 0.0987129 0.229664 0.883233
0 0.418075 0.246521 0.0566494 0.250226 0.220929
0 0.256895 0.135419 0.0856019 0.267977 0.092364
0 0.26751 0.18014 0.0912611 0.266359 0.0302982
0 0.238096 0.155802 0.0968238 0.294614 0.0184956
0 0.217067 0.179451 0.114657 0.296094 0.0103287
0 0.286287 0.160273 0.093752 0.285153 0.008515
0 0.250883 0.208404 0.0909578 0.273142 0.00839573
0 0.2746 0.110854 0.0743108 0.215134 0.00720225
0 0.166931 0.19513 0.124707 0.313482 0.00617056
0 0.620805 0.113081 0.0487954 0.22206 0.00395899
0 0.330458 0.154905 0.0825488 0.264251 0.00395796
0 0.353531 0.154925 0.0833023 0.251424 0.00273858
0 0.349115 0.229227 0.0880555 0.262023 0.00238298
0 0.195163 0.154616 0.0933415 0.306614 0.00153202
0 0.398357 0.24319 0.0758973 0.257794 0.00132081
0 0.289751 0.104296 0.0634328 0.196933 0.00129432
0 0.373269 0.226233 0.0728193 0.256301 0.00116718
0 0.134405 0.199339 0.114786 0.315287 0.0010694
