0 0.176695 0.597871 0.0809684 0.276533 0.86604
0 0.948544 0.315199 0.0880907 0.230152 0.847548
0 0.0281674 0.386515 0.0543483 0.234637 0.803473
0 0.209465 0.527872 0.0804113 0.283043 0.75789
0 0.06332 0.712851 0.0685878 0.288996 0.745747
0 0.0773484 0.680058 0.0809203 0.257466 0.538199
0 0.2702 0.150702 0.0685615 0.257406 0.163173
0 0.308971 0.286365 0.087586 0.26432 0.069226
0 0.0825075 0.131846 0.0894852 0.252968 0.0527445
0 0.25783 0.17926 0.0840236 0.274707 0.0221961
0 0.290347 0.183559 0.0916264 0.301428 0.0123358
0 0.29726 0.242287 0.0907486 0.262095 0.0118578
0 0.419474 0.249842 0.0619361 0.237675 0.00901
0 0.366131 0.331162 0.087333 0.231065 0.00346352
0 0.324682 0.259742 0.0831391 0.25024 0.0032581
0 0.109016 0.127607 0.0981346 0.251639 0.00323235
0 0.0168629 0.4779 0.0322255 0.241432 0.00291067
0 0.0189617 0.424064 0.0366785 0.323043 0.00257235
0 0.239634 0.213217 0.0881139 0.276143 0.00216466
0 0.0978837 0.679087 0.0525095 0.258547 0.00160303
0 0.311276 0.158574 0.0935073 0.287953 0.00156176
0 0.0615942 0.143534 0.0878595 0.244326 0.00155435
0 0.341014 0.289312 0.0977281 0.271834 0.00153726
0 0.407789 0.233306 0.0916077 0.273015 0.00100446
