0 0.735419 0.386274 0.0958669 0.199253 0.875622
0 0.0884877 0.785499 0.0683775 0.278262 0.869216
0 0.0596994 0.177457 0.0718057 0.248484 0.859821
0 0.136863 0.742938 0.0624801 0.263916 0.84591
0 0.0659466 0.439485 0.0836415 0.274907 0.721774
0 0.415927 0.246932 0.0553201 0.256505 0.357344
0 0.0688039 0.375186 0.0806986 0.250848 0.223153
0 0.011664 0.191632 0.023328 0.24294 0.131862
0 0.349931 0.204436 0.0991391 0.313492 0.0443272
0 0.321033 0.212287 0.102994 0.312873 0.0287032
0 0.202803 0.147304 0.0895837 0.273265 0.0283077
0 0.247429 0.195919 0.097799 0.286055 0.020973
0 0.282301 0.213409 0.107656 0.300302 0.0127989
0 0.305924 0.285377 0.0893583 0.225876 0.0110988
0 0.269125 0.13593 0.0764554 0.253966 0.00473665
0 0.202656 0.211803 0.0939568 0.269051 0.00445631
0 0.00783923 0.118558 0.0138689 0.181131 0.00403913
0 0.219134 0.181055 0.0811331 0.264645 0.00389133
0 0.40197 0.256756 0.071228 0.256496 0.00346564
0 0.418039 0.203606 0.0708787 0.303782 0.003115
0 0.180493 0.215453 0.0839329 0.262427 0.00267727
0 0.37916 0.241275 0.112278 0.277967 0.00239261
0 0.00872425 0.192003 0.0174485 0.232278 0.00214164
0 0.538225 0.978141 0.0789172 0.043718 0.00210182
0 0.540888 0.983874 0.0636655 0.0322513 0.00148604
0 0.052599 0.39814 0.0927992 0.313801 0.00137805
0 0.546365 0.906147 0.0774427 0.185465 0.00124354
0 0.0175959 0.176893 0.0351918 0.237258 0.00123353
0 0.363848 0.168792 0.0818857 0.277976 0.0011961
0 0.551316 0.937804 0.064658 0.122105 0.00116997
0 0.378213 0.197376 0.0741709 0.278195 0.00115839
0 0.0102855 0.149511 0.0196683 0.19595 0.00112488
0 0.278479 0.102792 0.0641178 0.19117 0.00112054
0 0.299364 0.170531 0.0941751 0.291365 0.00109701
