0 0.101392 0.243769 0.0741641 0.266204 0.855275
0 0.0364267 0.271825 0.0684596 0.263205 0.796091
0 0.299533 0.230346 0.0993467 0.324789 0.511419
0 0.258418 0.150477 0.0768008 0.277626 0.369764
0 0.308221 0.285053 0.0977531 0.271779 0.29611
0 0.197193 0.151384 0.073295 0.275887 0.264471
0 0.417753 0.243571 0.0549712 0.255316 0.214311
0 0.285214 0.187092 0.0877255 0.280973 0.122046
0 0.219354 0.152276 0.0969955 0.285866 0.100235
0 0.798058 0.206342 0.102922 0.275587 0.09936
0 0.376764 0.258037 0.0944507 0.295545 0.0513662
0 0.113214 0.214803 0.0708379 0.261384 0.046522
0 0.273923 0.13597 0.0731113 0.258433 0.0300913
0 0.398251 0.26639 0.0852034 0.270723 0.0165195
0 0.243621 0.18932 0.0872035 0.25365 0.0147092
0 0.123636 0.183269 0.0586172 0.236583 0.0134408
0 0.43211 0.228847 0.0755709 0.266668 0.00867675
0 0.705216 0.110006 0.0663448 0.201439 0.00840724
0 0.180389 0.195243 0.0806855 0.265391 0.0062423
0 0.324646 0.24353 0.10265 0.302177 0.00579175
0 0.149926 0.222814 0.0782752 0.273322 0.00524164
0 0.34664 0.257593 0.0952936 0.307238 0.00318443
0 0.168397 0.241477 0.0867825 0.273421 0.00274728
0 0.0993577 0.183866 0.0730503 0.235885 0.00251688
0 0.144462 0.160057 0.0726476 0.27352 0.00222414
0 0.131993 0.240133 0.0722975 0.270251 0.00218628
0 0.685038 0.118197 0.0672351 0.216575 0.00202672
0 0.29992 0.19737 0.0837335 0.226257 0.00202444
0 0.411861 0.20303 0.0749476 0.307085 0.00196716
0 0.28932 0.118974 0.0735174 0.234053 0.00157238
0 0.22159 0.208054 0.0786866 0.263206 0.00145788
0 0.72247 0.148347 0.0292262 0.110237 0.00100942
0 0.271776 0.222749 0.102539 0.273929 0.0010034
