0 0.858458 0.460536 0.0926577 0.226798 0.884698
0 0.461842 0.90534 0.0676806 0.189321 0.852581
0 0.426219 0.949798 0.06842 0.0996001 0.788118
0 0.268536 0.182032 0.0811543 0.259923 0.134515
0 0.11836 0.197942 0.0878522 0.305097 0.0831878
0 0.270406 0.123968 0.0658266 0.236456 0.0493221
0 0.143138 0.210335 0.0905617 0.286082 0.0424051
0 0.305263 0.288297 0.0948122 0.277768 0.0420336
0 0.291601 0.21453 0.0939415 0.309337 0.0213595
0 0.238364 0.159339 0.0957887 0.282181 0.00459264
0 0.410059 0.244456 0.0767028 0.263103 0.00439211
0 0.286659 0.117151 0.0650598 0.219768 0.00313271
0 0.328092 0.258106 0.105717 0.302076 0.00260274
0 0.201631 0.156308 0.0832654 0.255534 0.0023399
0 0.0991445 0.169022 0.0967504 0.29806 0.0019467
0 0.287259 0.151129 0.0856687 0.275597 0.00190002
0 0.311745 0.192474 0.0909948 0.302383 0.00162819
0 0.249458 0.122369 0.0736732 0.244084 0.0012794
0 0.376333 0.251179 0.120513 0.305585 0.00105429
