0 0.6989 0.156857 0.0824439 0.20876 0.878926
0 0.3225 0.262337 0.115532 0.323381 0.400308
0 0.254252 0.159098 0.0848235 0.265357 0.337998
0 0.26908 0.131258 0.0733023 0.252366 0.141051
0 0.0697342 0.138444 0.0949758 0.262805 0.126933
0 0.281147 0.105152 0.0580289 0.201452 0.069428
0 0.303972 0.19867 0.0881128 0.282332 0.0460659
0 0.239049 0.179828 0.0757934 0.253655 0.0235275
0 0.281629 0.180068 0.064341 0.259126 0.0191289
0 0.302884 0.286281 0.0874063 0.27154 0.010656
0 0.193952 0.147946 0.0638342 0.256867 0.00717957
0 0.353066 0.258764 0.10166 0.311625 0.00691719
0 0.273804 0.204235 0.0946248 0.285569 0.0045636
0 0.268343 0.190094 0.0692511 0.223615 0.00264856
0 0.182034 0.180284 0.0789569 0.286727 0.0018963
0 0.194034 0.0957948 0.0617178 0.185772 0.00186195
0 0.249323 0.222459 0.0828325 0.287382 0.00183706
0 0.378034 0.27218 0.0756042 0.282419 0.00168135
0 0.223681 0.211956 0.0950682 0.295333 0.00149564
0 0.155248 0.197223 0.101627 0.301826 0.00141225
0 0.223323 0.164734 0.0768324 0.267716 0.00127995
0 0.0866655 0.147648 0.0801256 0.227551 0.00127398
0 0.232304 0.105495 0.0763282 0.20941 0.00121495
0 0.540914 0.978279 0.0754257 0.043442 0.00119927
0 0.326061 0.215261 0.0816473 0.294822 0.00105311
0 0.258294 0.081175 0.0664102 0.153141 0.00102065
