0 0.899725 0.540838 0.0924479 0.232204 0.902669
0 0.100079 0.380454 0.0744625 0.24692 0.876278
0 0.147194 0.348625 0.0759947 0.267082 0.874443
0 0.254268 0.162898 0.0872262 0.285837 0.524945
0 0.300495 0.217509 0.087387 0.289483 0.312951
0 0.990661 0.529596 0.0181189 0.167274 0.214561
0 0.412376 0.255288 0.0554959 0.230358 0.162267
0 0.281725 0.179445 0.0784548 0.26406 0.0982427
0 0.26663 0.126363 0.0649299 0.241423 0.0787601
0 0.306295 0.286957 0.0920334 0.278818 0.0580241
0 0.398384 0.243646 0.0802316 0.256428 0.0249812
0 0.238323 0.189983 0.0852552 0.262933 0.0141383
0 0.266704 0.177331 0.0710848 0.228924 0.0125504
0 0.222145 0.150421 0.0776282 0.266482 0.00536267
0 0.326751 0.256345 0.1051 0.299393 0.00466662
0 0.281068 0.132687 0.0645633 0.265375 0.00438099
0 0.348951 0.222168 0.0897585 0.291317 0.00406981
0 0.367755 0.228775 0.0776927 0.267835 0.00295643
0 0.204093 0.134554 0.073117 0.262913 0.00267687
0 0.415346 0.211067 0.0687514 0.293486 0.00229159
0 0.986427 0.540106 0.0271468 0.184208 0.00210024
0 0.993593 0.535308 0.0128139 0.171284 0.00189327
0 0.379726 0.272442 0.101053 0.271823 0.00158968
0 0.311807 0.170633 0.0898831 0.297092 0.0010101
