0 0.17584 0.80696 0.0632281 0.261837 0.850259
0 0.117316 0.271135 0.0631465 0.241015 0.850032
0 0.122965 0.839466 0.073802 0.285771 0.839474
0 0.909833 0.556971 0.0873186 0.210983 0.82171
0 0.0197171 0.300954 0.038786 0.264976 0.787314
0 0.0701331 0.291908 0.0604692 0.239737 0.741269
0 0.0670972 0.183468 0.0695439 0.278574 0.361811
0 0.266812 0.137879 0.0674849 0.249869 0.291228
0 0.244498 0.184983 0.0936659 0.274685 0.231455
0 0.224515 0.194038 0.0842357 0.249021 0.0196971
0 0.211737 0.151429 0.0827693 0.279701 0.0176527
0 0.105595 0.167049 0.0904622 0.277569 0.017274
0 0.264717 0.192954 0.0804093 0.261361 0.0170703
0 0.40759 0.24611 0.0742674 0.24489 0.0160583
0 0.459764 0.0410785 0.0851491 0.0764617 0.0132763
0 0.160744 0.830827 0.0717029 0.29025 0.00656482
0 0.134892 0.223673 0.0657735 0.248426 0.00569728
0 0.288821 0.186627 0.082238 0.282902 0.00502073
0 0.0170668 0.259792 0.0318058 0.199116 0.00453483
0 0.303949 0.228538 0.0856756 0.302068 0.0034112
0 0.0507237 0.206947 0.0743178 0.267895 0.00319045
0 0.233473 0.23759 0.0887109 0.267351 0.0029446
0 0.252056 0.135704 0.0688941 0.224273 0.00290164
0 0.286171 0.134867 0.0645136 0.248782 0.00234382
0 0.549979 0.928742 0.0702868 0.14037 0.00231465
0 0.231031 0.136992 0.0837527 0.266413 0.00226575
0 0.031835 0.301827 0.0636699 0.268029 0.00226355
0 0.306074 0.288681 0.096656 0.271145 0.00215123
0 0.0142399 0.243323 0.0257141 0.143947 0.00214555
0 0.0459346 0.291181 0.0764081 0.276031 0.00172484
0 0.388024 0.250216 0.100154 0.26603 0.00163219
0 0.102168 0.834769 0.0971255 0.289674 0.00162116
0 0.143996 0.811093 0.0893507 0.284491 0.001394
0 0.193232 0.149705 0.0695066 0.271289 0.00124324
0 0.119037 0.135385 0.0891086 0.257232 0.00118962
0 0.0289742 0.862613 0.0570065 0.202638 0.00112689
