0 0.684218 0.160222 0.0888863 0.233802 0.913948
0 0.0846817 0.178286 0.105116 0.295172 0.184201
0 0.344179 0.306774 0.0829192 0.257706 0.116832
0 0.25495 0.163371 0.086139 0.283338 0.0944878
0 0.327774 0.283791 0.0981042 0.29688 0.0786407
0 0.413525 0.260239 0.0582096 0.249831 0.0672592
0 0.316786 0.218235 0.078515 0.319927 0.0446437
0 0.309007 0.286629 0.0802856 0.270561 0.0173586
0 0.364465 0.28545 0.116421 0.290247 0.0159828
0 0.268204 0.204102 0.0964164 0.291553 0.0126654
0 0.23647 0.1932 0.0997194 0.281921 0.00995941
0 0.291161 0.167792 0.087536 0.290884 0.00916449
0 0.267452 0.12506 0.0612766 0.242587 0.00828372
0 0.0727396 0.140502 0.0815292 0.244774 0.00718173
0 0.338633 0.225611 0.0989891 0.330662 0.00624579
0 0.396526 0.245828 0.0875233 0.265888 0.00428
0 0.108967 0.162462 0.110026 0.30201 0.00372946
0 0.839657 0.0139381 0.0864035 0.027309 0.00316347
0 0.209932 0.151096 0.0975683 0.28062 0.00219081
0 0.300235 0.242663 0.0750815 0.268877 0.00176677
0 0.144165 0.210667 0.0788102 0.278778 0.00172191
0 0.0930826 0.125896 0.092311 0.251792 0.00139673
0 0.284772 0.131222 0.0676507 0.252644 0.00135238
