0 0.220029 0.932282 0.0859085 0.135435 0.874369
0 0.0242446 0.283044 0.0478546 0.247 0.77547
0 0.296303 0.226239 0.0981055 0.307064 0.508463
0 0.118521 0.197143 0.091056 0.299564 0.0798493
0 0.410932 0.242955 0.0693058 0.256761 0.0671127
0 0.142212 0.200659 0.0894822 0.298962 0.0428706
0 0.283816 0.183474 0.0908836 0.274517 0.0142773
0 0.25404 0.182175 0.0926048 0.275397 0.0135858
0 0.164572 0.212188 0.108722 0.290277 0.00711104
0 0.395436 0.228944 0.090375 0.292946 0.00631908
0 0.30382 0.284309 0.0912075 0.280958 0.00571264
0 0.421944 0.207523 0.0856304 0.298786 0.0030943
0 0.222117 0.179869 0.110074 0.280272 0.00295508
0 0.268525 0.150766 0.0791666 0.275779 0.00263027
0 0.357723 0.244098 0.0912421 0.287776 0.0026273
0 0.552203 0.934008 0.062958 0.131454 0.00249794
0 0.441057 0.221432 0.0968459 0.265414 0.00227427
0 0.0338075 0.275097 0.067615 0.248451 0.00189938
0 0.0138725 0.299064 0.0257434 0.268337 0.00169155
0 0.118993 0.123006 0.0890391 0.246011 0.00144359
0 0.0218217 0.248652 0.0417742 0.162819 0.00135694
0 0.381759 0.200794 0.0669427 0.264568 0.00127335
0 0.374617 0.274078 0.102983 0.287564 0.00123311
0 0.204813 0.134751 0.092247 0.252463 0.00117268
0 0.549994 0.961892 0.0637885 0.0734631 0.0011323
0 0.274859 0.256413 0.10516 0.283458 0.00103715
