0 0.777112 0.349303 0.0872214 0.207023 0.88839
0 0.240074 0.700065 0.0844502 0.30533 0.836534
0 0.185965 0.738854 0.0818289 0.274562 0.818899
0 0.298066 0.189098 0.0935381 0.287933 0.234206
0 0.315167 0.288702 0.10501 0.273283 0.120508
0 0.274238 0.163327 0.0856592 0.285524 0.094823
0 0.259099 0.130358 0.0793201 0.253181 0.0702187
0 0.255562 0.18269 0.091018 0.287161 0.0567284
0 0.316305 0.228373 0.0902887 0.300533 0.0362305
0 0.273969 0.112725 0.0699256 0.21713 0.0260689
0 0.238751 0.157642 0.0883624 0.282581 0.0178136
0 0.143836 0.197294 0.0972581 0.301878 0.0137697
0 0.419004 0.247858 0.0579165 0.250995 0.0109598
0 0.168058 0.196861 0.1101 0.326541 0.00471768
0 0.207178 0.164792 0.0956181 0.288895 0.00434184
0 0.0796701 0.137484 0.0909489 0.259465 0.00315776
0 0.339132 0.256386 0.124596 0.311321 0.00298844
0 0.326975 0.180396 0.0897785 0.288696 0.00291917
0 0.122439 0.18114 0.0984488 0.30561 0.00232987
0 0.287343 0.133521 0.0739186 0.260059 0.00198281
0 0.282254 0.219781 0.0962203 0.288363 0.00159448
0 0.288331 0.0935679 0.0614549 0.180496 0.00123707
0 0.339761 0.306283 0.100465 0.255242 0.00108522
0 0.0951347 0.179403 0.111005 0.31115 0.00106936
0 0.340634 0.152224 0.079342 0.254317 0.001046
0 0.221856 0.206759 0.103649 0.298255 0.00104478
0 0.423922 0.11983 0.0734584 0.199021 0.00103606
0 0.185175 0.150068 0.0760489 0.279121 0.00102287
