0 0.148734 0.617266 0.089211 0.299829 0.884528
0 0.0342727 0.655727 0.0649055 0.301621 0.868471
0 0.255532 0.613772 0.0860488 0.308324 0.863536
0 0.282503 0.187418 0.0809381 0.263252 0.313455
0 0.117371 0.197827 0.0812639 0.290721 0.278947
0 0.304871 0.289372 0.097222 0.262324 0.0518719
0 0.418472 0.249985 0.0513219 0.240842 0.0457068
0 0.221388 0.154482 0.0930675 0.272838 0.0421998
0 0.26166 0.184709 0.0922325 0.269483 0.0376988
0 0.20352 0.137345 0.082245 0.255307 0.0309971
0 0.299458 0.210055 0.0927488 0.280586 0.0161072
0 0.240329 0.179691 0.0818832 0.257819 0.0139888
0 0.250729 0.136562 0.076556 0.254399 0.0120033
0 0.138998 0.210301 0.094934 0.294413 0.0118914
0 0.0947354 0.190947 0.0953961 0.29367 0.00743704
0 0.267714 0.123122 0.0645248 0.234738 0.00677531
0 0.213285 0.212972 0.0983866 0.268106 0.00256358
0 0.108028 0.152027 0.0780536 0.263155 0.00232926
0 0.164146 0.217421 0.0991741 0.283713 0.00178094
0 0.18055 0.190253 0.0896976 0.281851 0.00147661
0 0.406229 0.225172 0.0709283 0.268317 0.00144072
0 0.378053 0.221405 0.0886337 0.266126 0.00140539
0 0.542058 0.981493 0.0788493 0.037014 0.0011098
