0 0.230044 0.692867 0.0777713 0.295926 0.892676
0 0.311331 0.693634 0.0704058 0.264761 0.88305
0 0.197678 0.794183 0.0633651 0.249799 0.867391
0 0.639281 0.136943 0.0976229 0.202487 0.841094
0 0.0611591 0.668156 0.077522 0.267544 0.832878
0 0.168091 0.703777 0.0571207 0.240289 0.828533
0 0.137484 0.7918 0.0684843 0.271061 0.823025
0 0.302763 0.217018 0.102259 0.293173 0.0443053
0 0.0432221 0.841878 0.079503 0.236993 0.0137211
0 0.307623 0.275781 0.0866515 0.208788 0.0126059
0 0.418939 0.247934 0.0611912 0.252831 0.0109953
0 0.149947 0.76555 0.0688447 0.289328 0.00638706
0 0.256416 0.164491 0.0908546 0.263471 0.00348339
0 0.166962 0.639204 0.0468445 0.109804 0.00288771
0 0.0655459 0.847624 0.0815962 0.24863 0.0026949
0 0.16875 0.750152 0.0743096 0.311349 0.00268572
0 0.0328445 0.887905 0.061156 0.175825 0.00244603
0 0.60103 0.133392 0.0414721 0.198286 0.00234255
0 0.0975304 0.180932 0.0924789 0.294527 0.00201732
0 0.181114 0.711612 0.0733247 0.270745 0.00168145
0 0.258645 0.212844 0.10994 0.289772 0.00167303
0 0.105105 0.869848 0.0649844 0.24557 0.00161186
0 0.233767 0.188888 0.0862787 0.267507 0.0013914
0 0.326225 0.258995 0.105385 0.247413 0.00105981
0 0.343448 0.217972 0.124388 0.305731 0.00104147
