0 0.124238 0.412538 0.0934913 0.302594 0.888599
0 0.79921 0.366458 0.0946203 0.200682 0.880402
0 0.02088 0.178598 0.0401844 0.274432 0.637593
0 0.251777 0.174416 0.0890571 0.26563 0.448292
0 0.417082 0.244961 0.0638748 0.255571 0.335309
0 0.30415 0.291073 0.0932103 0.276579 0.0846675
0 0.275787 0.180655 0.0766003 0.257784 0.0742058
0 0.194757 0.148401 0.0669847 0.262682 0.0345477
0 0.296455 0.227056 0.0892988 0.290155 0.0228103
0 0.267651 0.137819 0.074915 0.26808 0.0122129
0 0.399144 0.254214 0.0956827 0.260816 0.0101187
0 0.222268 0.164668 0.0833769 0.262326 0.00781222
0 0.280011 0.118062 0.0633267 0.226302 0.00522292
0 0.103808 0.126059 0.0694044 0.243433 0.00519863
0 0.119345 0.143826 0.0746691 0.25916 0.00470437
0 0.236961 0.16677 0.075397 0.222428 0.00465985
0 0.35017 0.290735 0.0956944 0.297666 0.00447054
0 0.382989 0.226811 0.0979229 0.280789 0.00438136
0 0.0149175 0.208105 0.02706 0.326387 0.00344116
0 0.373559 0.292117 0.105454 0.281957 0.00334775
0 0.353146 0.218774 0.0872848 0.299761 0.0031745
0 0.324881 0.194735 0.083426 0.307371 0.00298618
0 0.328384 0.301415 0.0989313 0.274766 0.00261305
0 0.344589 0.153609 0.0742251 0.248139 0.00250438
0 0.0292067 0.205666 0.0550493 0.325618 0.00234863
0 0.422487 0.21194 0.088478 0.289547 0.00160147
0 0.14504 0.146171 0.0786287 0.264667 0.00159627
0 0.535536 0.97963 0.0819984 0.040739 0.00140338
0 0.0207279 0.165789 0.0390514 0.161164 0.00138156
0 0.107792 0.193583 0.088793 0.274996 0.0013757
0 0.832463 0.0146098 0.071524 0.0285898 0.00105677
