0 0.544284 0.0730849 0.0747538 0.143149 0.889714
0 0.128105 0.655675 0.0780638 0.305848 0.888129
0 0.0524885 0.671629 0.0822706 0.250837 0.872378
0 0.118593 0.196856 0.0910043 0.296018 0.471181
0 0.240725 0.219889 0.0866275 0.289913 0.253152
0 0.300839 0.221462 0.08764 0.30414 0.24719
0 0.416446 0.250004 0.0550195 0.252637 0.0568072
0 0.138226 0.209687 0.0906883 0.283426 0.025494
0 0.349663 0.222015 0.108161 0.309146 0.0166221
0 0.35642 0.154237 0.0692234 0.24252 0.013916
0 0.313958 0.254225 0.0783388 0.273253 0.0106497
0 0.368594 0.193143 0.0860863 0.316536 0.0098406
0 0.253425 0.182075 0.0886545 0.279307 0.00951825
0 0.26816 0.223339 0.102411 0.293754 0.00926269
0 0.397013 0.244857 0.0809261 0.266997 0.00798595
0 0.374679 0.248553 0.110418 0.291657 0.0073543
0 0.282252 0.182445 0.0852165 0.278521 0.00635974
0 0.266075 0.150165 0.0741463 0.272872 0.00510569
0 0.102289 0.166623 0.0846539 0.280702 0.00493912
0 0.222891 0.183392 0.0885106 0.273259 0.00413756
0 0.116131 0.13866 0.0790433 0.264175 0.00394344
0 0.333047 0.163635 0.0835321 0.281467 0.00260706
0 0.288103 0.254917 0.081621 0.267571 0.00237301
0 0.404159 0.198148 0.0691936 0.270482 0.00227914
0 0.328732 0.229326 0.0802109 0.28359 0.00211476
0 0.383023 0.198787 0.0667581 0.267479 0.00152393
0 0.274585 0.105711 0.0608783 0.198637 0.00148678
0 0.208443 0.151383 0.0951703 0.267653 0.00128817
0 0.247154 0.123044 0.0753778 0.246089 0.001149
0 0.358033 0.307673 0.0911547 0.257455 0.00111298
