0 0.968374 0.531886 0.0617479 0.238022 0.876395
0 0.297669 0.224876 0.0925078 0.305822 0.37483
0 0.240939 0.209167 0.0880529 0.298861 0.248021
0 0.305693 0.304012 0.0949791 0.289083 0.118274
0 0.410208 0.244963 0.0699286 0.244908 0.0827011
0 0.142701 0.210336 0.100214 0.298696 0.0697261
0 0.278292 0.196815 0.0948517 0.306989 0.0589107
0 0.217856 0.21447 0.0988434 0.30513 0.0189861
0 0.256617 0.166898 0.0873936 0.282213 0.0107596
0 0.166366 0.201153 0.105912 0.330655 0.00995638
0 0.120903 0.185101 0.0926744 0.30924 0.00778742
0 0.204179 0.157203 0.0848446 0.279983 0.00478938
0 0.2706 0.132163 0.0683163 0.251407 0.00363787
0 0.393018 0.225319 0.0915318 0.274708 0.0034518
0 0.290135 0.153337 0.0887698 0.279826 0.00270734
0 0.227423 0.137403 0.0879662 0.258304 0.0013379
0 0.310989 0.258617 0.0780047 0.225575 0.00125715
0 0.325451 0.25621 0.0956623 0.290268 0.00112821
