0 0.381825 0.78751 0.0978318 0.306747 0.898988
0 0.840718 0.285418 0.0886259 0.206718 0.894135
0 0.144642 0.455887 0.0886035 0.270636 0.852922
0 0.0568464 0.460742 0.079772 0.269129 0.840098
0 0.100459 0.151811 0.0862792 0.285158 0.40742
0 0.314195 0.280476 0.0986128 0.297593 0.373491
0 0.24462 0.189945 0.0861358 0.281022 0.133874
0 0.418617 0.248486 0.0531274 0.252213 0.117676
0 0.350491 0.286427 0.101535 0.288145 0.0792282
0 0.26738 0.123928 0.0593324 0.238426 0.0587605
0 0.304519 0.228156 0.0913793 0.319223 0.0378177
0 0.113526 0.191694 0.0833874 0.279719 0.0264857
0 0.442455 0.24203 0.0922677 0.268431 0.0140781
0 0.0862946 0.125161 0.0792284 0.250322 0.0121552
0 0.266493 0.148988 0.0876943 0.273517 0.0115406
0 0.0867335 0.192958 0.0969152 0.297369 0.00684904
0 0.230003 0.130489 0.0906277 0.25383 0.00672734
0 0.282616 0.100761 0.059265 0.192267 0.00547689
0 0.249594 0.123437 0.0745084 0.246873 0.00496085
0 0.204138 0.132402 0.0782256 0.255939 0.00460966
0 0.294041 0.16811 0.0849497 0.287958 0.00454793
0 0.327572 0.230973 0.0919934 0.305808 0.00400414
0 0.215087 0.18586 0.0920423 0.2867 0.00357518
0 0.37405 0.289885 0.0948411 0.275709 0.00301015
0 0.0646827 0.15519 0.0875644 0.270648 0.00294664
0 0.267629 0.207312 0.105572 0.289567 0.00282679
0 0.423641 0.19703 0.071705 0.306507 0.00275458
0 0.331822 0.313118 0.0929585 0.276616 0.00265172
0 0.172847 0.192622 0.0811016 0.272509 0.00181962
0 0.34682 0.304176 0.0731533 0.226799 0.00167341
0 0.123534 0.150323 0.0827276 0.281194 0.00146622
0 0.284828 0.121666 0.082403 0.23471 0.00126591
0 0.617788 0.906977 0.0887161 0.18504 0.00116635
