0 0.297616 0.590929 0.0876599 0.268737 0.878486
0 0.375699 0.846962 0.0908174 0.301061 0.855617
0 0.275575 0.878165 0.0955676 0.203138 0.844863
0 0.250434 0.949907 0.0868107 0.0990378 0.695498
0 0.503204 0.0828936 0.0787746 0.14176 0.667167
0 0.356771 0.771891 0.0812542 0.3045 0.309883
0 0.35608 0.715104 0.0784335 0.18637 0.181512
0 0.304983 0.284815 0.0798602 0.262386 0.0457336
0 0.2532 0.134569 0.0738602 0.247341 0.0420566
0 0.245527 0.216697 0.0871985 0.300648 0.0188086
0 0.293356 0.220145 0.0943483 0.331476 0.0159236
0 0.435271 0.0439642 0.0576107 0.0855551 0.013362
0 0.235567 0.1246 0.0765814 0.249199 0.00680266
0 0.107129 0.164776 0.0964367 0.288644 0.00620263
0 0.269553 0.19729 0.0914658 0.280349 0.00601488
0 0.273234 0.948297 0.105466 0.10254 0.0044522
0 0.329237 0.287306 0.0956958 0.268293 0.00359236
0 0.248215 0.950243 0.0482311 0.098284 0.00332641
0 0.127435 0.182055 0.103446 0.288089 0.00219331
0 0.272186 0.10975 0.0617669 0.206985 0.00203942
0 0.225207 0.209864 0.0842019 0.272209 0.00185302
0 0.203936 0.131604 0.0747853 0.240399 0.00169568
