0 0.673604 0.160022 0.0938154 0.185959 0.883184
0 0.291646 0.19298 0.093877 0.314049 0.245539
0 0.270878 0.166396 0.0979319 0.284721 0.0680025
0 0.329682 0.289897 0.117682 0.286133 0.0355844
0 0.812668 0.912722 0.0737383 0.173523 0.0303508
0 0.312771 0.211873 0.0959398 0.310193 0.0125688
0 0.422504 0.2454 0.0626296 0.254509 0.0116352
0 0.179662 0.182941 0.0996647 0.310603 0.00850879
0 0.269544 0.124436 0.0734838 0.241894 0.00810561
0 0.362874 0.284073 0.113752 0.308515 0.0070579
0 0.219093 0.180936 0.11878 0.318095 0.00659658
0 0.246716 0.151098 0.0935895 0.288223 0.00631637
0 0.442329 0.243819 0.0884532 0.258938 0.00572071
0 0.255585 0.207751 0.109026 0.300901 0.00527403
0 0.300579 0.286473 0.0902783 0.270319 0.00523129
0 0.286665 0.13761 0.0795332 0.265391 0.00359009
0 0.147566 0.184308 0.0936353 0.315135 0.00232983
0 0.194349 0.152358 0.0802942 0.289923 0.00190467
0 0.0361147 0.84908 0.0699298 0.218988 0.00189222
0 0.28376 0.192898 0.0769851 0.226853 0.00116971
0 0.218619 0.139643 0.0933415 0.279285 0.00110538
