0 0.306161 0.754074 0.111518 0.256525 0.843255
0 0.121448 0.197269 0.0996822 0.340719 0.501021
0 0.296426 0.226301 0.101846 0.303896 0.0840088
0 0.152481 0.20835 0.124588 0.324086 0.020437
0 0.0949026 0.191246 0.114818 0.341833 0.0120838
0 0.307349 0.269609 0.0897316 0.259983 0.00961785
0 0.10163 0.129723 0.0893036 0.245889 0.00800972
0 0.229828 0.190646 0.09195 0.30764 0.00793883
0 0.268581 0.122825 0.0763075 0.239001 0.00634145
0 0.20468 0.192257 0.108293 0.327181 0.00623361
0 0.249819 0.154399 0.0844387 0.292659 0.0052699
0 0.204025 0.151347 0.0816008 0.281498 0.00481314
0 0.34776 0.234246 0.120311 0.305613 0.00430797
0 0.28242 0.184907 0.0861951 0.278507 0.00361201
0 0.249515 0.213528 0.100308 0.312339 0.00318187
