0 0.899645 0.478549 0.101514 0.20988 0.868152
0 0.0850977 0.150142 0.107939 0.266175 0.304834
0 0.265464 0.139833 0.0671711 0.246257 0.171722
0 0.129842 0.196997 0.0932489 0.309254 0.049308
0 0.248148 0.181189 0.0945489 0.290105 0.0464584
0 0.105606 0.184895 0.113287 0.320499 0.0249433
0 0.233034 0.218838 0.0976019 0.271518 0.0091959
0 0.152789 0.207778 0.0987305 0.279867 0.00724002
0 0.282595 0.156955 0.0775167 0.278186 0.00523425
0 0.34263 0.15365 0.0742374 0.250022 0.00455574
0 0.239522 0.134016 0.0892442 0.261041 0.00411693
0 0.409684 0.245385 0.0714971 0.252219 0.00405338
0 0.191282 0.149043 0.0678876 0.259415 0.00392126
0 0.102935 0.13041 0.0974713 0.260821 0.00332034
0 0.541253 0.984534 0.061843 0.0309325 0.0032925
0 0.211986 0.191912 0.106336 0.286932 0.00257848
0 0.339462 0.102376 0.0555551 0.153908 0.00255532
0 0.934972 0.0442192 0.0745476 0.0856174 0.00210563
0 0.308112 0.28949 0.0902904 0.261465 0.00203489
0 0.169469 0.183893 0.0782709 0.301797 0.00108492
0 0.297402 0.244919 0.0882203 0.288257 0.00100218
