0 0.895909 0.461572 0.0827311 0.208761 0.90819
0 0.302113 0.78251 0.0917805 0.299702 0.892034
0 0.235627 0.813353 0.076773 0.279455 0.870299
0 0.316489 0.240241 0.0964629 0.312733 0.537254
0 0.247964 0.18912 0.0918071 0.280449 0.188362
0 0.0937755 0.134322 0.092247 0.268644 0.123352
0 0.270309 0.162013 0.0724159 0.280271 0.12023
0 0.30225 0.203571 0.0915363 0.306489 0.0464524
0 0.224696 0.208333 0.0985674 0.282161 0.0247218
0 0.617106 0.09115 0.0697738 0.17564 0.0242757
0 0.419646 0.243315 0.0593833 0.263307 0.0219326
0 0.14349 0.200546 0.0938132 0.303609 0.0196748
0 0.27359 0.207538 0.0952903 0.296202 0.019575
0 0.341282 0.257432 0.106421 0.32591 0.016225
0 0.118458 0.18316 0.100587 0.314083 0.016206
0 0.285367 0.13402 0.0680444 0.267921 0.00560548
0 0.206947 0.15458 0.0955159 0.277003 0.00311884
0 0.229556 0.137714 0.0932196 0.267551 0.0019687
0 0.300741 0.270122 0.0823698 0.300701 0.00189273
0 0.0955865 0.208382 0.121282 0.30501 0.00155866
0 0.423866 0.197183 0.0760217 0.299004 0.00152719
0 0.258707 0.124418 0.0796136 0.248835 0.00136744
0 0.168372 0.1995 0.113704 0.320186 0.00123421
