0 0.160012 0.721822 0.105115 0.317331 0.882295
0 0.308467 0.215603 0.0921348 0.282153 0.0583371
0 0.114045 0.182439 0.0883644 0.301776 0.0286523
0 0.251869 0.14957 0.0775003 0.252053 0.0209516
0 0.237778 0.187206 0.083521 0.253944 0.0118479
0 0.26667 0.123178 0.0638459 0.233627 0.00876276
0 0.201868 0.134812 0.0838595 0.245498 0.00670907
0 0.229553 0.132576 0.09053 0.246757 0.00594741
0 0.272032 0.192153 0.0998726 0.282096 0.00573147
0 0.130605 0.209027 0.0835446 0.283789 0.00272884
0 0.333641 0.219954 0.0911954 0.286593 0.00239392
0 0.08836 0.180028 0.102389 0.303383 0.00161693
0 0.420564 0.250552 0.0628801 0.277469 0.00157669
0 0.213178 0.179974 0.0929458 0.25561 0.00148955
0 0.30832 0.271677 0.0784379 0.239593 0.00114162
0 0.333968 0.0798191 0.054349 0.13917 0.00104673
