0 0.159445 0.420205 0.084437 0.244751 0.90509
0 0.456473 0.900636 0.0880198 0.197832 0.878804
0 0.0312946 0.414899 0.0616179 0.271087 0.862619
0 0.776762 0.203328 0.0954318 0.194911 0.856368
0 0.777137 0.370481 0.113376 0.214661 0.786705
0 0.252521 0.199076 0.0899717 0.284204 0.415475
0 0.307839 0.244322 0.0835 0.293085 0.207804
0 0.315231 0.302047 0.0954064 0.296147 0.0736381
0 0.277612 0.194745 0.0819222 0.275767 0.0639331
0 0.554757 0.927099 0.0568 0.143222 0.0287584
0 0.0850783 0.133075 0.0957394 0.258572 0.022491
0 0.117635 0.162845 0.0853828 0.27209 0.019505
0 0.204148 0.182024 0.0981134 0.303619 0.0152312
0 0.345234 0.350398 0.0993462 0.295546 0.0108387
0 0.184931 0.158818 0.0795651 0.283128 0.010306
0 0.14125 0.164605 0.0848518 0.274093 0.00737282
0 0.341593 0.246561 0.105932 0.297452 0.00699734
0 0.224183 0.207323 0.0951404 0.281526 0.00633123
0 0.273595 0.137171 0.0752022 0.262974 0.00579678
0 0.618368 0.906046 0.0855313 0.182787 0.00510831
0 0.099253 0.176919 0.0900857 0.267781 0.00472824
0 0.168657 0.178765 0.0803158 0.275711 0.00411543
0 0.367321 0.230694 0.095878 0.265972 0.00263112
0 0.411254 0.246758 0.0677522 0.251274 0.00256823
0 0.302401 0.184008 0.100124 0.292636 0.00254237
0 0.354259 0.293111 0.0846786 0.271935 0.00170892
0 0.0340833 0.849906 0.0658316 0.227422 0.0015932
0 0.0641652 0.144257 0.0945333 0.263562 0.00158431
0 0.536126 0.93311 0.0878726 0.132177 0.00154108
0 0.0137081 0.414044 0.0260445 0.267298 0.00100784
