0 0.566399 0.0827887 0.0765833 0.163175 0.903814
0 0.26871 0.639598 0.0713321 0.298824 0.826119
0 0.334689 0.642169 0.0745961 0.270361 0.800973
0 0.258111 0.178103 0.0786409 0.261371 0.317069
0 0.275768 0.208781 0.0898973 0.289897 0.0600427
0 0.417279 0.249544 0.0579143 0.256585 0.0479352
0 0.301547 0.223696 0.0827823 0.296941 0.0468621
0 0.104533 0.148865 0.0931821 0.261401 0.0431157
0 0.26844 0.12302 0.0610069 0.231964 0.0196971
0 0.240836 0.218699 0.0923176 0.28177 0.0188743
0 0.114935 0.206022 0.0999785 0.289702 0.00909486
0 0.277122 0.191147 0.0683752 0.222224 0.00656389
0 0.193184 0.135002 0.0688761 0.25562 0.00554481
0 0.0348274 0.849665 0.0674064 0.240057 0.00417161
0 0.0876865 0.178984 0.106611 0.294008 0.00409055
0 0.289517 0.169778 0.0890853 0.271386 0.00401519
0 0.232543 0.136492 0.0911891 0.266251 0.00240071
0 0.398933 0.245063 0.0796741 0.266288 0.00208757
0 0.93415 0.0412059 0.0676392 0.0818278 0.00199901
0 0.0852857 0.125879 0.0945768 0.251758 0.00191817
0 0.327922 0.240554 0.0813969 0.281484 0.00182874
0 0.221928 0.181902 0.0918841 0.266384 0.00161117
0 0.283898 0.0961389 0.0575513 0.186375 0.00160255
0 0.306967 0.286203 0.0734379 0.258306 0.00123181
