0 0.0540622 0.569755 0.0755679 0.265381 0.885422
0 0.174557 0.534071 0.104051 0.277039 0.873478
0 0.316649 0.274663 0.0992614 0.281453 0.55977
0 0.25251 0.166286 0.0892387 0.262991 0.55678
0 0.305057 0.23108 0.0890654 0.297018 0.0986643
0 0.276177 0.181753 0.0893432 0.27111 0.0365054
0 0.237647 0.178122 0.070642 0.227094 0.0213167
0 0.222912 0.165599 0.0837483 0.2632 0.0120222
0 0.418242 0.249467 0.058049 0.243291 0.00863036
0 0.270466 0.124515 0.0665697 0.244058 0.00727141
0 0.117047 0.18461 0.0915664 0.297059 0.00391511
0 0.447785 0.519711 0.0897924 0.254216 0.00372647
0 0.336551 0.288625 0.0847906 0.258008 0.00354454
0 0.19832 0.164308 0.0925679 0.274363 0.00183628
0 0.553556 0.927409 0.059246 0.142839 0.00125864
0 0.154424 0.210096 0.110621 0.278634 0.0010407
