0 0.817815 0.375464 0.0853607 0.226172 0.884114
0 0.279008 0.183156 0.0769026 0.247002 0.47878
0 0.109067 0.19797 0.0811356 0.29322 0.307641
0 0.302942 0.242134 0.0822718 0.272242 0.1446
0 0.416257 0.247067 0.0505553 0.26029 0.0647448
0 0.305391 0.299651 0.0919907 0.289925 0.0356585
0 0.354936 0.29368 0.0873667 0.29711 0.0241849
0 0.259919 0.16806 0.0872355 0.268119 0.0157957
0 0.157849 0.213931 0.0936587 0.278091 0.00888431
0 0.0848195 0.182975 0.112419 0.314822 0.00884034
0 0.333173 0.304055 0.0949327 0.287626 0.00826003
0 0.218524 0.166707 0.0876109 0.270186 0.00824121
0 0.430516 0.229656 0.0793917 0.274421 0.00656038
0 0.135368 0.19935 0.0838835 0.29552 0.00654598
0 0.373707 0.256089 0.103706 0.302795 0.00631092
0 0.234057 0.191757 0.0785595 0.267567 0.0037873
0 0.116277 0.152736 0.0696682 0.223028 0.00343557
0 0.103872 0.130186 0.0758732 0.248789 0.00311892
0 0.0701124 0.146839 0.086114 0.255918 0.0030794
0 0.201334 0.138899 0.0818762 0.249201 0.0026182
0 0.298468 0.183166 0.0887717 0.259422 0.00249296
0 0.397877 0.245012 0.0743927 0.265704 0.00228392
0 0.354628 0.225334 0.0841393 0.283426 0.00196724
0 0.540917 0.984594 0.0661037 0.0308113 0.00143133
0 0.268568 0.120573 0.0639093 0.233242 0.00117549
