0 0.798147 0.292717 0.0912285 0.242756 0.904985
0 0.0965765 0.179591 0.112087 0.301776 0.16977
0 0.307588 0.288819 0.084727 0.285539 0.137126
0 0.271441 0.149136 0.0739539 0.277696 0.0881341
0 0.0846914 0.136414 0.0881421 0.271971 0.0658104
0 0.306006 0.212454 0.0846256 0.320253 0.0543944
0 0.330582 0.302647 0.0966 0.290183 0.0400891
0 0.41388 0.257952 0.0508209 0.227804 0.0335622
0 0.217381 0.135289 0.103535 0.265709 0.0276931
0 0.114583 0.151125 0.0981394 0.289768 0.024685
0 0.11746 0.205586 0.116009 0.300594 0.0216802
0 0.252444 0.185922 0.093677 0.296562 0.0192154
0 0.285043 0.123972 0.0619213 0.243188 0.0185645
0 0.341509 0.25215 0.11279 0.335121 0.00893445
0 0.289586 0.166586 0.0831252 0.282313 0.00727429
0 0.350272 0.306768 0.0836099 0.264911 0.0067404
0 0.234015 0.217726 0.0989864 0.290134 0.00669476
0 0.0637652 0.128272 0.0880463 0.25075 0.00505102
0 0.194379 0.132 0.0802984 0.258133 0.00412467
0 0.069246 0.182955 0.103338 0.310547 0.00369834
0 0.375047 0.247924 0.111296 0.301153 0.00342611
0 0.403125 0.22822 0.075343 0.279279 0.00295378
0 0.263429 0.111288 0.0663224 0.218224 0.00295269
0 0.246681 0.125589 0.0869565 0.251178 0.00292417
0 0.313706 0.0937595 0.0646327 0.184074 0.00285722
0 0.139888 0.182194 0.0988096 0.294657 0.00264319
0 0.298742 0.0859106 0.0610864 0.163886 0.00209282
0 0.280797 0.0876355 0.0520216 0.164898 0.00189705
0 0.326293 0.200148 0.0906938 0.305706 0.00178046
0 0.290914 0.247141 0.0969343 0.341822 0.00175832
0 0.53855 0.976859 0.0786876 0.0462718 0.00172967
0 0.209804 0.194332 0.107496 0.282844 0.00100821
