0 0.5319 0.0819794 0.07497 0.157763 0.835842
0 0.277024 0.216811 0.114921 0.319413 0.58773
0 0.0185858 0.383159 0.0369156 0.267436 0.397991
0 0.119156 0.197589 0.0954738 0.298317 0.161938
0 0.301024 0.240247 0.084865 0.290556 0.0654034
0 0.990658 0.661949 0.0177332 0.189971 0.0325176
0 0.258686 0.18529 0.0945027 0.293978 0.0179062
0 0.258176 0.123364 0.0776698 0.240884 0.010326
0 0.418897 0.248468 0.0601132 0.256629 0.00984082
0 0.109901 0.152104 0.0829875 0.262488 0.00797894
0 0.986344 0.653486 0.0273129 0.203613 0.00774181
0 0.140643 0.221992 0.0989302 0.274206 0.00636228
0 0.0136421 0.426668 0.024644 0.296606 0.00560903
0 0.016252 0.341862 0.030415 0.209933 0.00476685
0 0.23727 0.209683 0.0891635 0.302216 0.00357229
0 0.276031 0.11929 0.0638988 0.230052 0.00342055
0 0.379149 0.253793 0.120105 0.311555 0.00338689
0 0.307016 0.301439 0.0912188 0.286612 0.00290757
0 0.404471 0.250894 0.0880729 0.295941 0.00235484
0 0.345013 0.303936 0.0889999 0.275844 0.00201222
0 0.198981 0.129673 0.0834538 0.24572 0.0018435
0 0.0334919 0.382442 0.0669838 0.276382 0.00170486
0 0.278562 0.169322 0.0857106 0.286654 0.00142918
0 0.539086 0.0439747 0.0702439 0.0824898 0.00133751
0 0.988695 0.619915 0.0216715 0.22951 0.00130458
0 0.228414 0.127373 0.0863318 0.242687 0.00117857
0 0.0236327 0.338333 0.0454931 0.257355 0.00117215
0 0.0936838 0.187647 0.103928 0.303743 0.00113221
