0 0.833979 0.27357 0.077157 0.183027 0.887528
0 0.192676 0.568145 0.11041 0.292844 0.864433
0 0.05597 0.57251 0.0801768 0.275729 0.863738
0 0.672886 0.10375 0.0759683 0.17935 0.859429
0 0.638034 0.0959718 0.0437045 0.181467 0.524547
0 0.2678 0.146417 0.0824003 0.274687 0.289694
0 0.325567 0.2443 0.106187 0.290242 0.131955
0 0.294289 0.197804 0.101933 0.329496 0.0197255
0 0.352442 0.257768 0.121094 0.297945 0.0103757
0 0.258422 0.207463 0.0911881 0.305901 0.00804205
0 0.241038 0.153601 0.0983515 0.288165 0.00488045
0 0.653291 0.0933788 0.0726973 0.180384 0.00372692
0 0.333263 0.301796 0.102858 0.283029 0.00367603
0 0.0931245 0.177975 0.0997775 0.274433 0.00366343
0 0.28677 0.134188 0.0869389 0.256723 0.00361641
0 0.198929 0.148448 0.086652 0.268566 0.00220474
0 0.296421 0.0967522 0.0770087 0.188581 0.00211344
0 0.322337 0.0640035 0.0680616 0.123689 0.00169151
0 0.117495 0.148172 0.0940251 0.272139 0.0014524
0 0.143748 0.149534 0.0761277 0.253722 0.0011472
0 0.482836 0.041785 0.0699217 0.0795045 0.00112079
0 0.319049 0.123915 0.0743892 0.237319 0.00106632
0 0.312032 0.241371 0.0822258 0.227765 0.00106183
