0 0.197515 0.545607 0.0792266 0.2631 0.892271
0 0.0951688 0.624851 0.0715065 0.254334 0.88715
0 0.0421646 0.646004 0.0682438 0.265403 0.873722
0 0.127954 0.531731 0.0664357 0.273271 0.866279
0 0.940549 0.369707 0.0895264 0.229099 0.842774
0 0.072959 0.536148 0.0581384 0.227918 0.744721
0 0.303636 0.225105 0.0979884 0.294773 0.457811
0 0.938663 0.529068 0.0794794 0.137479 0.409089
0 0.116351 0.164797 0.0821849 0.257991 0.320581
0 0.940385 0.324454 0.0882524 0.140746 0.267216
0 0.943775 0.565308 0.0916613 0.214045 0.099664
0 0.418379 0.247288 0.0566783 0.259934 0.0465099
0 0.0722225 0.493662 0.0542096 0.154601 0.0267815
0 0.257472 0.130172 0.0734973 0.244913 0.026105
0 0.245707 0.193979 0.0883106 0.292789 0.0207477
0 0.19791 0.148252 0.0763135 0.266758 0.01969
0 0.306559 0.283188 0.0870476 0.211471 0.0175687
0 0.227221 0.153703 0.0912187 0.269138 0.0142645
0 0.277707 0.20172 0.10675 0.315129 0.0140642
0 0.130717 0.207795 0.103399 0.283401 0.0133996
0 0.0119192 0.567086 0.0228221 0.221212 0.00737079
0 0.928626 0.552645 0.0653193 0.17716 0.00566857
0 0.0631172 0.638688 0.0773395 0.264461 0.0052834
0 0.137815 0.13863 0.0891209 0.26391 0.00512654
0 0.324239 0.240656 0.0937124 0.281378 0.00496273
0 0.377463 0.284797 0.0919972 0.278496 0.00424209
0 0.27481 0.132588 0.0659696 0.243852 0.00385537
0 0.0966223 0.154747 0.0821168 0.252904 0.00378559
0 0.343024 0.216178 0.11131 0.315949 0.00328008
0 0.01775 0.559219 0.0355 0.219385 0.00322102
0 0.4034 0.273086 0.0623188 0.266285 0.00278912
0 0.177559 0.185015 0.0885533 0.286339 0.00272269
0 0.440474 0.247836 0.0883191 0.259907 0.00203212
0 0.367235 0.192392 0.090752 0.314029 0.00202278
0 0.230958 0.230271 0.0930629 0.279846 0.00199984
0 0.154445 0.199262 0.0986667 0.288492 0.00162175
0 0.210288 0.212737 0.107867 0.288295 0.00142707
0 0.394815 0.229637 0.0745296 0.27384 0.00103614
