0 0.910753 0.57623 0.10238 0.246065 0.685379
0 0.302923 0.228118 0.101041 0.295395 0.520161
0 0.115066 0.155953 0.0936702 0.274375 0.441564
0 0.419805 0.250727 0.051389 0.243714 0.18071
0 0.100036 0.193328 0.106948 0.323552 0.0218298
0 0.131462 0.187093 0.106822 0.33454 0.016277
0 0.229936 0.148935 0.0854267 0.249096 0.0162425
0 0.249435 0.134347 0.0770899 0.241581 0.0154154
0 0.204178 0.135782 0.0869187 0.251428 0.0145212
0 0.0850088 0.136731 0.0956877 0.233762 0.00842551
0 0.380808 0.257231 0.0991621 0.289302 0.00714343
0 0.265338 0.148619 0.0750551 0.24816 0.00659771
0 0.0655392 0.147672 0.0765149 0.231405 0.006474
0 0.316912 0.285325 0.10103 0.277701 0.00432678
0 0.28436 0.200262 0.0959293 0.29623 0.00392022
0 0.355587 0.253172 0.0924045 0.29677 0.00360222
0 0.154537 0.211367 0.114931 0.301095 0.00307251
0 0.406106 0.251078 0.0839074 0.265915 0.00256542
0 0.344409 0.288783 0.0701418 0.261188 0.00209692
0 0.274303 0.112387 0.0652274 0.212289 0.00205651
0 0.186863 0.149329 0.0762561 0.268297 0.00150025
0 0.443213 0.232383 0.08285 0.254314 0.00149959
0 0.541023 0.984573 0.0637288 0.0308532 0.00145851
0 0.22051 0.192881 0.0851839 0.249528 0.00128601
