0 0.795773 0.171244 0.0831707 0.219269 0.890711
0 0.566581 0.10627 0.0772365 0.196727 0.876032
0 0.255098 0.136266 0.0766881 0.242647 0.239269
0 0.296483 0.239431 0.0911285 0.301703 0.0405916
0 0.246698 0.178586 0.0855011 0.258481 0.0403292
0 0.419541 0.24744 0.0568773 0.261342 0.021971
0 0.192912 0.135316 0.0649104 0.242372 0.0171677
0 0.131574 0.210418 0.108115 0.306257 0.0140614
0 0.273738 0.134592 0.0698181 0.249899 0.00779189
0 0.267531 0.193152 0.0897856 0.276645 0.00657205
0 0.236599 0.135013 0.0794946 0.252394 0.00273073
0 0.219618 0.148459 0.0782693 0.257201 0.00160234
0 0.118541 0.168109 0.0880291 0.288138 0.00120754
0 0.304669 0.300713 0.095858 0.28128 0.00116872
