0 0.0443521 0.377042 0.0864044 0.281918 0.874296
0 0.980867 0.434666 0.0369724 0.189442 0.153859
0 0.293322 0.163935 0.103706 0.292948 0.0661969
0 0.180065 0.195086 0.0764707 0.293194 0.0550082
0 0.271523 0.180647 0.0993371 0.292692 0.0381191
0 0.221407 0.193112 0.123102 0.311672 0.0242227
0 0.15648 0.208422 0.0731554 0.274964 0.0140893
0 0.251654 0.211916 0.11237 0.298486 0.0132561
0 0.196552 0.172801 0.0967344 0.324113 0.0121425
0 0.30695 0.258542 0.0979319 0.274446 0.00767324
0 0.134748 0.211099 0.0722018 0.262978 0.00581248
0 0.28141 0.124134 0.0870767 0.244619 0.00424083
0 0.35803 0.244617 0.101633 0.287634 0.00319129
0 0.312717 0.139758 0.0858545 0.26704 0.00165529
0 0.329352 0.244298 0.111248 0.293136 0.00164435
0 0.285112 0.239028 0.109489 0.297095 0.00152907
0 0.802832 0.0140376 0.0702108 0.0277808 0.00126129
0 0.119921 0.179924 0.0784574 0.267127 0.00123448
