0 0.560326 0.0995615 0.0892426 0.190566 0.885028
0 0.350877 0.285824 0.0857703 0.285855 0.326336
0 0.267599 0.183085 0.0840982 0.262879 0.0654205
0 0.417522 0.249903 0.0515053 0.256133 0.039924
0 0.329922 0.259758 0.0993133 0.317354 0.0227271
0 0.309154 0.281049 0.0981839 0.306164 0.0209426
0 0.257903 0.140767 0.078185 0.259909 0.0176875
0 0.237484 0.158215 0.0907844 0.276314 0.00781981
0 0.297527 0.221801 0.0958599 0.316893 0.00417215
0 0.208907 0.181253 0.104095 0.284511 0.00374272
0 0.417218 0.180841 0.0632266 0.25837 0.00338457
0 0.338578 0.290345 0.072065 0.22833 0.00275475
0 0.118892 0.185907 0.0962054 0.314786 0.00187573
0 0.381807 0.0477256 0.080401 0.0858205 0.00181297
0 0.374276 0.288758 0.0917703 0.270194 0.00160079
