0 0.228135 0.850734 0.0939607 0.298533 0.899564
0 0.11761 0.197574 0.0956922 0.295657 0.266605
0 0.416065 0.249924 0.0593346 0.257611 0.193729
0 0.243658 0.189019 0.083021 0.276192 0.15361
0 0.30735 0.212536 0.0870743 0.283899 0.0643825
0 0.276932 0.210908 0.112868 0.290828 0.0259345
0 0.299101 0.275724 0.0813272 0.223907 0.0175876
0 0.222676 0.166236 0.0899577 0.272111 0.0163674
0 0.257268 0.158529 0.0783122 0.261841 0.0149328
0 0.0939026 0.188112 0.106267 0.307896 0.0148631
0 0.39685 0.229859 0.0830656 0.283399 0.0068811
0 0.230012 0.227302 0.0955148 0.284344 0.00439784
0 0.810076 0.0155801 0.0755186 0.0309345 0.00395511
0 0.541046 0.984299 0.0628877 0.0314027 0.00232641
0 0.3595 0.245037 0.113084 0.284069 0.00218247
0 0.266247 0.119681 0.0652094 0.23179 0.00197585
0 0.246981 0.122909 0.0737053 0.242957 0.00188942
0 0.382818 0.269393 0.110288 0.274459 0.00178655
0 0.206733 0.135744 0.0862093 0.2619 0.00164792
0 0.151812 0.212175 0.102502 0.278548 0.00137738
0 0.81884 0.0214958 0.0802088 0.0429916 0.00118046
0 0.381109 0.203498 0.0929219 0.305558 0.00114408
0 0.535616 0.979516 0.0818907 0.0409686 0.00108037
