0 0.294626 0.869433 0.0745617 0.261133 0.887664
0 0.371604 0.795527 0.116483 0.282771 0.877166
0 0.278723 0.519839 0.0915588 0.271146 0.860037
0 0.927635 0.547789 0.107254 0.229162 0.845181
0 0.893043 0.530981 0.0553345 0.19212 0.364276
0 0.0310568 0.863953 0.0621135 0.20609 0.0724752
0 0.20424 0.137025 0.0904042 0.25188 0.0566929
0 0.401967 0.245963 0.062948 0.237963 0.0267051
0 0.26936 0.133412 0.0835633 0.23539 0.0211719
0 0.327547 0.29923 0.10294 0.255737 0.0205256
0 0.246658 0.134769 0.0933756 0.244498 0.00828342
0 0.0207127 0.851128 0.0412492 0.201526 0.00488072
0 0.549835 0.0833155 0.0683088 0.165315 0.00446953
0 0.0149579 0.866066 0.0277509 0.201654 0.00317106
0 0.286985 0.117741 0.0763902 0.217857 0.00290001
0 0.385431 0.230963 0.0666273 0.248345 0.00133277
0 0.0428576 0.887556 0.0857152 0.214536 0.0013014
