0 0.889474 0.231471 0.0893906 0.242977 0.83133
0 0.295819 0.216002 0.0919379 0.299304 0.485377
0 0.117847 0.195704 0.102729 0.300888 0.240439
0 0.0808811 0.148553 0.0866978 0.266994 0.175281
0 0.305004 0.291952 0.101023 0.284798 0.122636
0 0.254567 0.178233 0.0894765 0.267428 0.0654313
0 0.103588 0.150676 0.0967138 0.278258 0.0611832
0 0.0621888 0.136519 0.0797744 0.252082 0.0325714
0 0.262875 0.134344 0.0658179 0.250796 0.0254217
0 0.273459 0.192403 0.0860302 0.273733 0.0240909
0 0.237637 0.134452 0.0880659 0.262044 0.0108654
0 0.201357 0.152949 0.077821 0.274874 0.00570224
0 0.0873985 0.189271 0.116592 0.317348 0.00496888
0 0.125362 0.136169 0.0791839 0.267906 0.0041476
0 0.221438 0.180592 0.0989882 0.284597 0.00300847
0 0.326271 0.316034 0.121437 0.296153 0.00281179
0 0.140765 0.208162 0.104845 0.298991 0.00252878
0 0.276159 0.118213 0.0611474 0.229768 0.00211495
0 0.417139 0.249768 0.0595794 0.240476 0.00168064
0 0.176388 0.193096 0.0969959 0.303846 0.00160736
0 0.198974 0.106145 0.0630055 0.200433 0.00151138
0 0.0438959 0.129703 0.0793755 0.246105 0.00143104
0 0.369839 0.287194 0.102085 0.293881 0.00142014
