0 0.27321 0.548982 0.0985218 0.286919 0.855436
0 0.535103 0.963973 0.075103 0.0720543 0.770307
0 0.615717 0.959842 0.0825374 0.0803154 0.675015
0 0.421196 0.972891 0.0801711 0.0540653 0.418841
0 0.295618 0.19962 0.101194 0.290383 0.178427
0 0.304594 0.293275 0.0886424 0.247173 0.0859932
0 0.319818 0.980899 0.0762508 0.0379964 0.0607687
0 0.270447 0.125747 0.0656606 0.23377 0.0385275
0 0.410981 0.245989 0.0745506 0.245443 0.0315917
0 0.273262 0.182344 0.0813096 0.27366 0.0212542
0 0.321689 0.984658 0.0557364 0.0306841 0.0181131
0 0.094199 0.125504 0.0805269 0.251009 0.016154
0 0.406224 0.966004 0.104809 0.0638434 0.0138604
0 0.440788 0.974798 0.0848166 0.0488753 0.013794
0 0.318603 0.97248 0.0895153 0.0541568 0.0103613
0 0.335046 0.983058 0.0817256 0.0338835 0.0101807
0 0.4226 0.973738 0.047587 0.0525243 0.0100143
0 0.299708 0.977323 0.106106 0.0453539 0.00538134
0 0.622442 0.96153 0.0480459 0.0769395 0.005302
0 0.0954071 0.179553 0.102705 0.289103 0.00469776
0 0.386672 0.973853 0.127438 0.0522934 0.0045733
0 0.43238 0.976495 0.0459778 0.0468653 0.00395171
0 0.535032 0.966319 0.0479844 0.0673624 0.00358789
0 0.312833 0.240084 0.0976711 0.273471 0.00349693
0 0.203195 0.149021 0.0823413 0.25319 0.00332256
0 0.40489 0.975763 0.0793584 0.0484746 0.00293366
0 0.599708 0.967208 0.0977086 0.0655835 0.00209995
0 0.113493 0.121795 0.0766871 0.242454 0.00203818
0 0.440023 0.964833 0.0992625 0.0630514 0.00185354
0 0.286126 0.119016 0.0685885 0.221876 0.0017931
0 0.257119 0.212939 0.0958828 0.286038 0.00172352
0 0.321463 0.976804 0.0446959 0.0461991 0.00160084
0 0.427632 0.981943 0.0628743 0.0352832 0.00146777
0 0.52921 0.975682 0.0752993 0.0486367 0.0014211
0 0.341757 0.969353 0.115631 0.0607417 0.0013694
0 0.316668 0.985064 0.0273071 0.0298717 0.0013241
0 0.31158 0.980875 0.0449957 0.0382233 0.00132207
0 0.609517 0.940098 0.0994614 0.119805 0.00126748
0 0.231738 0.191126 0.0894785 0.272277 0.00107371
0 0.988787 0.571701 0.0208549 0.203427 0.00106437
0 0.304681 0.984724 0.0712787 0.0305527 0.00101114
