0 0.215979 0.584354 0.0920726 0.2858 0.860436
0 0.13742 0.618284 0.0801925 0.275174 0.84406
0 0.256096 0.143971 0.0800188 0.261172 0.39077
0 0.234294 0.150224 0.0953582 0.270293 0.0302757
0 0.602914 0.907153 0.122736 0.185695 0.0149995
0 0.207353 0.138054 0.0934782 0.273074 0.0117595
0 0.020667 0.276749 0.040035 0.240575 0.0107268
0 0.121171 0.136014 0.104637 0.259737 0.00930864
0 0.267923 0.118837 0.0644349 0.232697 0.00908962
0 0.281779 0.154069 0.0785718 0.263468 0.00391463
0 0.0156668 0.333978 0.02955 0.263229 0.00310631
0 0.0134635 0.260855 0.0247354 0.281405 0.00221269
0 0.242569 0.204982 0.0938206 0.271982 0.00167853
0 0.0117776 0.366754 0.0214416 0.248915 0.00165739
