0 0.606552 0.0931204 0.0870559 0.181929 0.883838
0 0.783859 0.211259 0.0919989 0.21219 0.877629
0 0.750928 0.194773 0.0544996 0.216715 0.833672
0 0.0241366 0.120773 0.0470983 0.232479 0.786289
0 0.257544 0.148073 0.0981129 0.279748 0.0811902
0 0.290291 0.151146 0.0821938 0.278092 0.0170836
0 0.246835 0.196907 0.0982722 0.289459 0.0102369
0 0.279565 0.112426 0.0724492 0.21705 0.00407781
0 0.235255 0.135919 0.0828252 0.271447 0.00325269
0 0.0157942 0.128135 0.0294898 0.225025 0.00276645
0 0.207483 0.136674 0.102274 0.272711 0.00271165
0 0.307126 0.13117 0.0762051 0.254092 0.00151493
0 0.418499 0.517481 0.10512 0.254328 0.0011942
0 0.0342814 0.127748 0.0685628 0.243045 0.00106102
0 0.295667 0.228314 0.0932435 0.301564 0.00104323
