0 0.101345 0.481239 0.0699637 0.255332 0.894063
0 0.0376139 0.528104 0.0680892 0.241741 0.873081
0 0.891613 0.381753 0.0953089 0.207847 0.831444
0 0.54864 0.0907994 0.0868255 0.177344 0.735879
0 0.297356 0.213301 0.0992476 0.294424 0.391163
0 0.306865 0.286634 0.08881 0.256853 0.0993136
0 0.116654 0.164161 0.0730326 0.266608 0.0475913
0 0.268162 0.135926 0.0720596 0.240071 0.0101013
0 0.0993484 0.148715 0.0865287 0.27417 0.00909947
0 0.327871 0.302785 0.111831 0.286039 0.00728655
0 0.418491 0.249778 0.0536976 0.242558 0.00612081
0 0.274047 0.195138 0.0940958 0.279025 0.00436874
0 0.197847 0.15008 0.084558 0.264158 0.00371154
0 0.353002 0.289045 0.109392 0.29334 0.00369459
0 0.222966 0.156779 0.0894667 0.265334 0.00170542
0 0.528025 0.090501 0.0627726 0.178075 0.00168556
0 0.128771 0.208566 0.0901161 0.283561 0.00155397
0 0.24203 0.181286 0.0762075 0.261437 0.00126781
0 0.909778 0.396886 0.0802038 0.218153 0.00102214
