0 0.90439 0.300803 0.102778 0.199547 0.886343
0 0.0510949 0.303606 0.0768599 0.255577 0.859815
0 0.58245 0.0745753 0.0987552 0.1448 0.793015
0 0.303978 0.222882 0.0937428 0.307138 0.173174
0 0.417179 0.25086 0.0533627 0.244009 0.0758426
0 0.103626 0.146524 0.0810827 0.260384 0.0574982
0 0.317681 0.270256 0.0959773 0.295166 0.0307541
0 0.280024 0.195947 0.0926483 0.309704 0.0234497
0 0.340692 0.247851 0.113884 0.301641 0.0193273
0 0.258881 0.195519 0.0903776 0.280287 0.0124765
0 0.197778 0.150275 0.0917726 0.275083 0.00861864
0 0.343765 0.304432 0.094836 0.275061 0.00779404
0 0.573131 0.1125 0.0934233 0.224063 0.00465356
0 0.0849633 0.122656 0.0896433 0.239472 0.00411929
0 0.224877 0.190414 0.107473 0.283165 0.00382325
0 0.115175 0.178655 0.0759486 0.267736 0.00373724
0 0.270096 0.153315 0.0801407 0.263326 0.00367798
0 0.368208 0.282607 0.109569 0.297147 0.00303621
0 0.398308 0.245336 0.0776821 0.256765 0.00242337
0 0.180672 0.19269 0.0850266 0.289746 0.00226487
0 0.128787 0.148754 0.0761809 0.264134 0.00149058
0 0.294887 0.274781 0.0808371 0.276882 0.00128531
0 0.603413 0.0728722 0.0710802 0.140183 0.00121891
0 0.364496 0.331959 0.0917689 0.240753 0.00107159
