0 0.120393 0.282064 0.0882528 0.272908 0.877607
0 0.204265 0.884171 0.0855821 0.230507 0.870333
0 0.303197 0.224927 0.089466 0.289504 0.462786
0 0.238466 0.209774 0.0809783 0.289962 0.374116
0 0.120786 0.195938 0.0903597 0.27339 0.182187
0 0.198657 0.144326 0.0675659 0.277422 0.0932185
0 0.230467 0.160151 0.0895344 0.281226 0.0856032
0 0.254509 0.137792 0.0683782 0.250271 0.0589486
0 0.308565 0.286535 0.0820128 0.259543 0.0447405
0 0.265216 0.194093 0.094797 0.301125 0.0238868
0 0.414866 0.257055 0.0569376 0.243378 0.0208682
0 0.141125 0.222974 0.078297 0.242582 0.00896384
0 0.0984128 0.179552 0.0817874 0.281608 0.00658617
0 0.119655 0.135455 0.080614 0.25114 0.00629233
0 0.26774 0.115913 0.0600884 0.218533 0.0041509
0 0.542745 0.981129 0.0674789 0.0377427 0.00321125
0 0.325928 0.241692 0.107976 0.288363 0.00272133
0 0.183189 0.180642 0.0678635 0.292255 0.00230754
0 0.32737 0.31596 0.10183 0.278588 0.00228297
0 0.211364 0.223673 0.0825374 0.273038 0.00147697
0 0.295728 0.171811 0.0822441 0.276124 0.00126176
0 0.214128 0.12532 0.0725582 0.25064 0.00113538
