0 0.790556 0.24907 0.100454 0.214937 0.898871
0 0.967156 0.631508 0.0637445 0.265067 0.878916
0 0.278831 0.197515 0.104962 0.301161 0.164865
0 0.0803526 0.148385 0.0884327 0.256705 0.106573
0 0.105666 0.180356 0.101775 0.287828 0.0403986
0 0.256758 0.183626 0.0921866 0.276056 0.0340151
0 0.294911 0.263858 0.09526 0.242193 0.0293067
0 0.230182 0.188843 0.098653 0.287326 0.0259206
0 0.115009 0.131909 0.0881004 0.249117 0.019558
0 0.191675 0.149127 0.06901 0.257665 0.0181548
0 0.202267 0.190249 0.0968652 0.292389 0.0135873
0 0.405436 0.248105 0.0782695 0.261775 0.0119997
0 0.314898 0.290993 0.109756 0.279756 0.00806212
0 0.432228 0.246496 0.082735 0.270397 0.00694884
0 0.307804 0.215501 0.101377 0.30584 0.00685136
0 0.170725 0.19727 0.104155 0.291524 0.00664291
0 0.253936 0.134325 0.0746572 0.248454 0.0058738
0 0.222133 0.135309 0.0916244 0.255238 0.00509032
0 0.128565 0.195933 0.0963544 0.296878 0.00273276
0 0.259548 0.234981 0.109567 0.307276 0.00210205
0 0.137197 0.127849 0.0786527 0.243679 0.00190284
0 0.268173 0.121824 0.0645342 0.216292 0.00163877
0 0.386518 0.25827 0.0945859 0.276468 0.00144886
0 0.0619318 0.136722 0.0796408 0.227764 0.00124208
0 0.271186 0.194165 0.0786315 0.22716 0.00121718
0 0.296053 0.333105 0.109406 0.305229 0.00100473
