0 0.711378 0.293736 0.0945141 0.222225 0.880993
0 0.0482708 0.359955 0.0830918 0.278022 0.816223
0 0.497342 0.0646538 0.0730479 0.127321 0.710129
0 0.411644 0.957951 0.0929668 0.084098 0.629663
0 0.977716 0.588585 0.043079 0.225671 0.464301
0 0.305881 0.304423 0.0983591 0.294206 0.269406
0 0.270306 0.197078 0.104217 0.310969 0.0593836
0 0.420958 0.244342 0.0720836 0.257953 0.0368399
0 0.292429 0.222809 0.0921151 0.303467 0.0229331
0 0.269388 0.125207 0.0792177 0.24448 0.0148519
0 0.0345205 0.849248 0.066809 0.231396 0.0122094
0 0.394921 0.946912 0.112423 0.105633 0.0104275
0 0.240115 0.188794 0.110998 0.324826 0.00966629
0 0.156412 0.183688 0.101723 0.316521 0.00643241
0 0.396089 0.244332 0.109815 0.268406 0.00428032
0 0.424487 0.968701 0.106499 0.0617064 0.00374851
0 0.980079 0.540934 0.0363989 0.128438 0.00338124
0 0.336855 0.307001 0.115502 0.308926 0.00279243
0 0.429049 0.947074 0.120477 0.105363 0.00261346
0 0.3767 0.281509 0.116706 0.298838 0.00238428
0 0.966072 0.587278 0.0563126 0.234489 0.00228648
0 0.289194 0.151489 0.0934661 0.286759 0.00220458
0 0.449787 0.231065 0.106224 0.273943 0.00185604
0 0.303498 0.26402 0.0805018 0.22419 0.00178556
0 0.358951 0.347958 0.105672 0.279056 0.00160844
0 0.208775 0.178585 0.119817 0.317916 0.0013778
0 0.286444 0.332715 0.104463 0.324195 0.00133816
0 0.354908 0.256623 0.114498 0.312566 0.00110845
0 0.134468 0.166096 0.0934074 0.306602 0.00109148
0 0.410279 0.975625 0.0843733 0.0479407 0.00107509
0 0.180872 0.166509 0.114975 0.317089 0.00105473
