0 0.169171 0.50979 0.0813727 0.278668 0.898457
0 0.613868 0.207727 0.0802551 0.218352 0.85668
0 0.0250718 0.483414 0.0492326 0.259969 0.77989
0 0.279155 0.186273 0.0768616 0.262066 0.67051
0 0.418214 0.250068 0.0521677 0.244309 0.192523
0 0.369872 0.293162 0.112053 0.283464 0.108378
0 0.10147 0.150051 0.0802547 0.276287 0.0714066
0 0.318726 0.300424 0.0818349 0.271122 0.0404713
0 0.114268 0.192709 0.0793895 0.29122 0.0193597
0 0.345362 0.303522 0.0884862 0.267317 0.0166813
0 0.260736 0.166516 0.0887407 0.283658 0.0144345
0 0.29303 0.222924 0.0822921 0.283014 0.0120898
0 0.398256 0.282529 0.0837594 0.282374 0.0114494
0 0.268 0.123707 0.063111 0.239873 0.00696282
0 0.085751 0.124543 0.0779644 0.249086 0.00670356
0 0.202562 0.149436 0.0903817 0.268222 0.00552663
0 0.542859 0.981125 0.0670907 0.0374484 0.00537082
0 0.223863 0.156496 0.0842742 0.268427 0.00476925
0 0.300199 0.288566 0.0765573 0.263329 0.00324539
0 0.124051 0.150035 0.0799697 0.275374 0.0029193
0 0.0161347 0.489458 0.030158 0.278462 0.00243468
0 0.0348247 0.489913 0.0696494 0.275044 0.00229994
0 0.315036 0.241211 0.0732061 0.273324 0.00208709
0 0.377902 0.232377 0.108088 0.291681 0.00202318
0 0.243369 0.19215 0.0823824 0.261071 0.00144692
0 0.0662557 0.148562 0.0948109 0.258439 0.00128023
0 0.351724 0.229361 0.0921616 0.290815 0.00114662
0 0.546337 0.983412 0.0414238 0.0328494 0.00114216
0 0.523391 0.978429 0.102063 0.0431426 0.0011178
