0 0.054016 0.646543 0.0827654 0.283673 0.87197
0 0.235622 0.911589 0.106315 0.175415 0.871714
0 0.272162 0.525475 0.0977049 0.280432 0.867429
0 0.907581 0.447472 0.112636 0.215617 0.852995
0 0.303812 0.226077 0.0910278 0.295889 0.243287
0 0.265137 0.134703 0.0635031 0.244966 0.20712
0 0.247595 0.185371 0.0881824 0.277999 0.133357
0 0.101569 0.183683 0.102008 0.305039 0.116521
0 0.272715 0.184633 0.0751914 0.284702 0.0856908
0 0.0792155 0.164313 0.105481 0.295853 0.0427789
0 0.0553522 0.135178 0.0943258 0.25044 0.0419062
0 0.126719 0.194022 0.0888221 0.300447 0.0300472
0 0.314536 0.27202 0.0862225 0.287479 0.0298431
0 0.418202 0.250775 0.0497267 0.253858 0.0294507
0 0.148742 0.226327 0.0875839 0.305767 0.025664
0 0.289651 0.195946 0.0775792 0.264505 0.0222515
0 0.224407 0.181406 0.0822162 0.263979 0.0149477
0 0.335228 0.247083 0.0851572 0.292635 0.0109513
0 0.202641 0.159641 0.0846114 0.27667 0.0102312
0 0.17813 0.193354 0.0874193 0.293412 0.00927573
0 0.239976 0.133163 0.0850259 0.255283 0.00905816
0 0.116452 0.139736 0.0797457 0.259735 0.00838406
0 0.201421 0.208394 0.104239 0.287988 0.00334168
0 0.0814236 0.123371 0.0782481 0.246741 0.00311967
0 0.340827 0.30147 0.0759235 0.254359 0.00304602
0 0.539396 0.9782 0.0739185 0.0435308 0.00217136
0 0.0976006 0.114002 0.0740198 0.216424 0.0013347
0 0.29557 0.41555 0.0695543 0.201489 0.00129051
0 0.300487 0.27044 0.0754175 0.222259 0.00128884
0 0.282379 0.103047 0.0593077 0.200192 0.00118585
0 0.0653922 0.206986 0.109505 0.31217 0.00114862
0 0.187988 0.136602 0.0757638 0.260619 0.00110304
