0 0.246013 0.870507 0.0987633 0.258414 0.885943
0 0.635688 0.231559 0.0802097 0.210687 0.838211
0 0.272111 0.145177 0.0732108 0.277227 0.140902
0 0.344676 0.240454 0.117398 0.280716 0.104001
0 0.321515 0.225987 0.0970608 0.294362 0.0344918
0 0.301997 0.196948 0.10076 0.315776 0.0239782
0 0.261836 0.193608 0.0815378 0.272535 0.0133315
0 0.193497 0.181666 0.100837 0.301647 0.00785592
0 0.324641 0.17092 0.0722034 0.273597 0.00716099
0 0.279562 0.212597 0.10076 0.309588 0.00612475
0 0.287792 0.121842 0.0688641 0.240377 0.00374868
0 0.261382 0.110481 0.0697941 0.21998 0.003709
0 0.234137 0.15778 0.0914407 0.30138 0.00215386
0 0.130571 0.185494 0.0957074 0.301756 0.00197409
0 0.157322 0.19687 0.122973 0.308301 0.00183203
0 0.33089 0.286054 0.109953 0.290409 0.00163074
