0 0.314669 0.900299 0.0871316 0.199402 0.906007
0 0.830958 0.286901 0.087496 0.188863 0.876877
0 0.349802 0.608602 0.0817682 0.28397 0.875971
0 0.716022 0.383113 0.0729469 0.184278 0.858936
0 0.23937 0.210603 0.0914777 0.283299 0.370409
0 0.283393 0.187785 0.0856571 0.282959 0.115371
0 0.305103 0.225699 0.0807789 0.280653 0.0489559
0 0.416727 0.244868 0.0537641 0.229102 0.0396585
0 0.256112 0.18368 0.0973199 0.281372 0.0204513
0 0.307582 0.289244 0.0877992 0.291199 0.0135274
0 0.218837 0.194811 0.0942592 0.303278 0.0118484
0 0.344807 0.185829 0.0773286 0.304678 0.0094611
0 0.32408 0.166565 0.081634 0.281275 0.00734775
0 0.0809407 0.176789 0.098143 0.318291 0.00598978
0 0.270947 0.15318 0.0796243 0.269996 0.00523724
0 0.103793 0.166739 0.0957012 0.300442 0.00251486
0 0.207666 0.149202 0.0943653 0.287708 0.0023766
0 0.293152 0.141321 0.0781811 0.257436 0.00231007
0 0.327481 0.239948 0.0756385 0.273275 0.00146965
0 0.152543 0.226937 0.0834569 0.296261 0.00136961
0 0.0812669 0.124473 0.0826005 0.24391 0.00130766
0 0.256781 0.13279 0.0711412 0.25717 0.00122219
0 0.346743 0.135591 0.0629981 0.221862 0.00112465
0 0.348175 0.250177 0.0884751 0.298566 0.00110264
