0 0.654266 0.123006 0.0818369 0.206281 0.864577
0 0.780936 0.315665 0.10465 0.231931 0.862913
0 0.28478 0.215933 0.0970357 0.317202 0.0478079
0 0.302217 0.242608 0.0890683 0.276973 0.02559
0 0.269008 0.181953 0.0951285 0.286566 0.0245553
0 0.250711 0.213506 0.109789 0.310088 0.0180325
0 0.266514 0.136341 0.0749588 0.248897 0.0177959
0 0.52148 0.0375263 0.0586585 0.0747905 0.0100829
0 0.22025 0.197219 0.109645 0.297916 0.0100645
0 0.31586 0.286899 0.106945 0.287526 0.00258692
0 0.205228 0.151726 0.0940764 0.279023 0.00222227
0 0.507262 0.0587889 0.0808021 0.117285 0.00220647
0 0.24844 0.123658 0.0821346 0.247316 0.00159167
0 0.344524 0.303185 0.0946601 0.268214 0.0011772
0 0.497699 0.041885 0.102441 0.08377 0.00114223
