0 0.820889 0.382236 0.0852133 0.221594 0.914149
0 0.701214 0.135739 0.082379 0.222176 0.900349
0 0.0332969 0.158517 0.0640247 0.244982 0.87736
0 0.291698 0.19833 0.0999316 0.297627 0.254586
0 0.305628 0.289357 0.08515 0.278848 0.0484427
0 0.267543 0.191624 0.0984122 0.298926 0.0196418
0 0.371366 0.282339 0.112953 0.308143 0.0143043
0 0.156647 0.200037 0.11212 0.297813 0.0126965
0 0.357258 0.231037 0.0875353 0.277546 0.0120025
0 0.41825 0.248895 0.0591191 0.259544 0.00826751
0 0.314742 0.240328 0.084654 0.288608 0.00743534
0 0.120328 0.196241 0.0983009 0.298488 0.0051157
0 0.269045 0.129422 0.0684971 0.241261 0.00509049
0 0.329302 0.302314 0.0971116 0.283276 0.00492441
0 0.107191 0.13736 0.0711104 0.251842 0.00470267
0 0.231781 0.194014 0.0896821 0.296704 0.00376044
0 0.276329 0.19317 0.0770423 0.227371 0.00290087
0 0.397033 0.280393 0.0944867 0.293713 0.00284051
0 0.245521 0.149943 0.0848522 0.273607 0.00238913
0 0.218635 0.151172 0.0930688 0.2787 0.00202943
0 0.194159 0.15016 0.0834598 0.276472 0.00142921
0 0.331169 0.215329 0.0894772 0.304854 0.00121002
0 0.201547 0.193157 0.108013 0.313665 0.00114148
0 0.542425 0.979561 0.06808 0.040877 0.00108127
