0 0.733618 0.297174 0.0940137 0.254553 0.88565
0 0.0278566 0.390793 0.054829 0.34058 0.739523
0 0.978751 0.624404 0.0408913 0.19938 0.270269
0 0.295439 0.222218 0.098277 0.287841 0.114992
0 0.357377 0.231542 0.100408 0.273529 0.0293869
0 0.269962 0.136689 0.078163 0.256131 0.0167076
0 0.275448 0.196802 0.0917806 0.278422 0.00995839
0 0.319751 0.242625 0.118891 0.319721 0.0064086
0 0.972696 0.651587 0.0487122 0.258958 0.00432544
0 0.3071 0.301303 0.102611 0.276893 0.00372382
0 0.288088 0.150292 0.0851203 0.268131 0.00330991
0 0.0160239 0.397489 0.0320478 0.339765 0.00277692
0 0.195976 0.13297 0.0808028 0.251444 0.0027625
0 0.117712 0.148996 0.0842367 0.257297 0.00194871
0 0.0286555 0.280268 0.0557288 0.166004 0.00153918
0 0.145376 0.212713 0.0864284 0.288973 0.00149312
0 0.223532 0.1311 0.0905723 0.253426 0.00119581
0 0.393765 0.243794 0.0928197 0.270647 0.00113584
0 0.985158 0.605224 0.0274525 0.169713 0.00105514
0 0.166525 0.222441 0.106519 0.31207 0.00100082
