0 0.8322 0.317732 0.0875336 0.184149 0.868184
0 0.572507 0.146582 0.0876493 0.197693 0.850885
0 0.790625 0.312994 0.0457867 0.196606 0.842648
0 0.859824 0.456484 0.102551 0.230308 0.839683
0 0.802299 0.146769 0.0678202 0.164711 0.830943
0 0.0189254 0.395948 0.0371499 0.261318 0.088883
0 0.280875 0.215163 0.102467 0.310945 0.0530388
0 0.599718 0.121367 0.0942295 0.217494 0.0298072
0 0.330115 0.257854 0.102617 0.30954 0.0135647
0 0.02036 0.304842 0.0391634 0.250454 0.0119703
0 0.0169296 0.364146 0.0330013 0.112619 0.00959121
0 0.306081 0.242667 0.109227 0.316379 0.0087649
0 0.802963 0.313016 0.0807943 0.198818 0.00784428
0 0.56273 0.1225 0.0719051 0.157317 0.00536812
0 0.788198 0.13976 0.0616133 0.162019 0.00469003
0 0.312111 0.2865 0.0880646 0.256293 0.00357084
0 0.0184131 0.245996 0.0362038 0.284056 0.0025616
0 0.234346 0.223962 0.103052 0.292953 0.0023907
0 0.610854 0.0694816 0.0744513 0.137103 0.00217366
0 0.257859 0.233689 0.0988915 0.294615 0.00213501
0 0.625687 0.114932 0.0749813 0.229865 0.00138893
0 0.0144771 0.337944 0.0267748 0.208504 0.00115903
0 0.0188381 0.396103 0.0359803 0.157697 0.00111517
0 0.0196821 0.460702 0.0393643 0.334904 0.001017
