0 0.72145 0.301382 0.0805019 0.212446 0.917542
0 0.97393 0.61779 0.0507355 0.24286 0.859487
0 0.864123 0.454071 0.0933826 0.226431 0.819989
0 0.281478 0.179574 0.105691 0.299277 0.17578
0 0.295717 0.141478 0.095256 0.268422 0.0301464
0 0.297667 0.251931 0.102872 0.333966 0.0239554
0 0.328971 0.253829 0.125067 0.337506 0.0177461
0 0.271328 0.13737 0.0845602 0.259104 0.0160408
0 0.116622 0.144482 0.0963742 0.258732 0.0157815
0 0.317634 0.139351 0.0758847 0.267963 0.014472
0 0.31235 0.180897 0.0982577 0.311353 0.010992
0 0.319327 0.317118 0.11108 0.273031 0.00722886
0 0.354153 0.244195 0.107487 0.306457 0.00698294
0 0.260555 0.205463 0.109013 0.287361 0.00178485
0 0.335518 0.157342 0.0792786 0.27773 0.00152628
0 0.0339373 0.853017 0.0665278 0.230348 0.00149488
0 0.281761 0.104069 0.0749349 0.198992 0.00135158
0 0.247545 0.150365 0.100282 0.282257 0.00115969
0 0.261927 0.100811 0.0719986 0.196425 0.00112101
