0 0.933791 0.551364 0.0826542 0.249574 0.824571
0 0.273785 0.164576 0.0818391 0.27961 0.211898
0 0.304353 0.291076 0.0939526 0.283044 0.186153
0 0.119063 0.196217 0.0945849 0.30739 0.179229
0 0.253673 0.176946 0.0921765 0.275896 0.129299
0 0.292286 0.180081 0.0881765 0.274827 0.105561
0 0.170267 0.215811 0.125455 0.322217 0.0602814
0 0.143662 0.199251 0.109289 0.336799 0.036558
0 0.220424 0.180576 0.108577 0.276499 0.027105
0 0.411777 0.241845 0.0713392 0.261315 0.0252817
0 0.196392 0.181565 0.105748 0.299442 0.0101996
0 0.259846 0.124101 0.0707857 0.245324 0.00766671
0 0.31255 0.193777 0.0942555 0.293947 0.00690566
0 0.097949 0.168915 0.0994879 0.309863 0.004533
0 0.37964 0.252246 0.118872 0.311853 0.00386647
0 0.199862 0.139742 0.0819947 0.268395 0.00298793
0 0.289657 0.253292 0.0948517 0.317837 0.00268424
0 0.278366 0.120793 0.0670605 0.221797 0.0026313
0 0.35003 0.280052 0.119696 0.319794 0.00204338
0 0.948336 0.525453 0.0964159 0.209719 0.0012674
0 0.129597 0.139786 0.0939926 0.279572 0.00117128
