0 0.0447639 0.51071 0.086389 0.280151 0.883899
0 0.247634 0.213033 0.0902222 0.300609 0.554408
0 0.123424 0.196192 0.0947606 0.300429 0.347835
0 0.318805 0.224394 0.0810702 0.300476 0.147576
0 0.265282 0.137033 0.068404 0.251205 0.0751633
0 0.14297 0.219314 0.0869989 0.280512 0.0475194
0 0.109327 0.152463 0.0806688 0.283507 0.0445145
0 0.417804 0.247976 0.0557456 0.24633 0.0325201
0 0.276571 0.107457 0.0616972 0.204451 0.0297955
0 0.224766 0.222959 0.100721 0.297657 0.0117916
0 0.300417 0.24009 0.0847917 0.284329 0.0104592
0 0.249988 0.149274 0.0756186 0.269053 0.00948478
0 0.26678 0.18108 0.0925637 0.29982 0.00881818
0 0.339263 0.228665 0.0800897 0.284689 0.00538114
0 0.319796 0.299226 0.0835156 0.275504 0.00397696
0 0.196131 0.131569 0.0639375 0.245633 0.00363243
0 0.287871 0.159425 0.0779293 0.29427 0.00312489
0 0.126485 0.137109 0.0783769 0.274219 0.00307725
0 0.100721 0.205768 0.102228 0.301007 0.00271997
0 0.3482 0.279016 0.0989719 0.308771 0.00269968
0 0.370388 0.254043 0.105669 0.299603 0.00197879
0 0.288894 0.0956423 0.0599959 0.188714 0.00195354
0 0.163314 0.200079 0.0873759 0.29571 0.00190699
0 0.234402 0.16858 0.0725143 0.281652 0.00175073
0 0.272525 0.0283036 0.0603176 0.0504897 0.00127089
0 0.394407 0.227752 0.0775628 0.27125 0.0010216
0 0.426309 0.226452 0.0851547 0.267884 0.00101993
