0 0.121929 0.822299 0.078669 0.261436 0.912904
0 0.210805 0.80665 0.0753383 0.267195 0.900535
0 0.322545 0.697281 0.0971056 0.312863 0.899959
0 0.258165 0.361633 0.0790568 0.2449 0.669215
0 0.218167 0.143024 0.0917427 0.267101 0.252904
0 0.119332 0.189004 0.0822562 0.31692 0.177711
0 0.057233 0.133438 0.0899844 0.257215 0.151552
0 0.418619 0.247785 0.0541505 0.256997 0.11943
0 0.146993 0.217809 0.0802323 0.30787 0.0705085
0 0.282779 0.347591 0.103472 0.26797 0.0696345
0 0.375591 0.282502 0.0950075 0.278782 0.0670327
0 0.19845 0.145954 0.0702258 0.267791 0.0653209
0 0.242239 0.134447 0.0838922 0.259607 0.0360253
0 0.296569 0.218015 0.0944172 0.308482 0.0311641
0 0.0986891 0.19361 0.0958598 0.299627 0.0307083
0 0.356751 0.291842 0.0736695 0.266869 0.0272661
0 0.277223 0.118948 0.06697 0.230748 0.0217527
0 0.109691 0.13488 0.0816358 0.265252 0.020531
0 0.164974 0.192374 0.074887 0.297385 0.0195426
0 0.138143 0.159805 0.0826413 0.294221 0.0185861
0 0.39656 0.259624 0.083283 0.263843 0.0151587
0 0.305066 0.323515 0.0724216 0.293926 0.0125378
0 0.0778617 0.145922 0.0909516 0.279064 0.0098676
0 0.3354 0.307821 0.0749096 0.267427 0.00721586
0 0.317576 0.247139 0.0784463 0.304688 0.00664138
0 0.125311 0.114513 0.0845574 0.21767 0.00527804
0 0.219367 0.172701 0.0687551 0.22128 0.0039911
0 0.182062 0.163523 0.0781021 0.274537 0.0033561
0 0.290109 0.0968678 0.0645903 0.192025 0.00266525
0 0.418881 0.265752 0.0824597 0.275402 0.00250516
0 0.936821 0.0540008 0.0725681 0.105303 0.0020427
0 0.0272418 0.898521 0.0537758 0.14666 0.00199532
0 0.383451 0.22573 0.0730705 0.287807 0.00191549
0 0.292228 0.154198 0.0828578 0.273782 0.00145995
0 0.349195 0.227891 0.0788061 0.300872 0.00141044
0 0.154463 0.134126 0.0627822 0.260612 0.00129328
0 0.438848 0.228329 0.0815955 0.26173 0.00126832
0 0.256427 0.218941 0.106013 0.314658 0.00124592
0 0.314441 0.286736 0.0640164 0.223608 0.00102577
