0 0.399141 0.919091 0.087831 0.160533 0.912299
0 0.722079 0.203224 0.0815188 0.234552 0.873841
0 0.291166 0.214743 0.100528 0.317381 0.496188
0 0.115502 0.150599 0.0791873 0.27534 0.2312
0 0.273269 0.196256 0.078663 0.29047 0.079563
0 0.269337 0.137809 0.0736542 0.261954 0.0397993
0 0.374201 0.259995 0.108224 0.328796 0.0331564
0 0.196658 0.14623 0.076166 0.266516 0.0310923
0 0.128678 0.196004 0.101506 0.309393 0.0289162
0 0.417295 0.246295 0.0614751 0.269755 0.0234375
0 0.304792 0.287523 0.0881628 0.288683 0.021223
0 0.218062 0.153763 0.0947489 0.281199 0.0161486
0 0.0913454 0.150849 0.0998308 0.283762 0.0156605
0 0.313213 0.226612 0.0836311 0.305537 0.0126617
0 0.2325 0.186736 0.0867111 0.293622 0.0111348
0 0.398102 0.253268 0.0923407 0.317318 0.0105346
0 0.056501 0.139227 0.0912015 0.255477 0.00693598
0 0.257425 0.22318 0.0945721 0.300009 0.0051804
0 0.352049 0.223703 0.0873989 0.321877 0.004722
0 0.177651 0.194024 0.0912658 0.31434 0.00416262
0 0.151375 0.21908 0.109967 0.309803 0.00408755
0 0.329945 0.198828 0.0716689 0.318223 0.00390139
0 0.248892 0.136315 0.0799588 0.269732 0.00285645
0 0.134013 0.134609 0.0856153 0.263267 0.00258882
0 0.28692 0.151661 0.0840735 0.28891 0.00236763
0 0.329991 0.301354 0.0914026 0.288815 0.00182472
0 0.258195 0.180349 0.0768515 0.227965 0.0015534
0 0.35422 0.306715 0.0759574 0.26079 0.00141892
0 0.200901 0.215326 0.111977 0.294863 0.00128647
0 0.287473 0.102346 0.0620436 0.197085 0.00123972
