0 0.283591 0.930168 0.108962 0.139559 0.849182
0 0.648643 0.136477 0.0861284 0.191292 0.845777
0 0.644173 0.210301 0.0798759 0.2015 0.316514
0 0.307428 0.273476 0.0905816 0.21541 0.140423
0 0.107184 0.184518 0.0910978 0.29179 0.047782
0 0.408155 0.246971 0.0807002 0.263698 0.0282055
0 0.104744 0.124933 0.0746968 0.244665 0.0114558
0 0.268178 0.132245 0.0713098 0.218616 0.0028296
0 0.0848879 0.122997 0.084899 0.245995 0.00170946
0 0.125921 0.164137 0.0877708 0.293919 0.00164172
0 0.288573 0.218265 0.0971402 0.272525 0.00139092
