0 0.8777 0.293558 0.0812958 0.218516 0.866976
0 0.676489 0.265793 0.0793553 0.211262 0.846935
0 0.289607 0.214939 0.0991604 0.322583 0.474217
0 0.104825 0.167008 0.10117 0.289172 0.24735
0 0.275038 0.181653 0.0823376 0.279201 0.0567389
0 0.0839156 0.151652 0.0946055 0.266826 0.0311841
0 0.269143 0.123712 0.0662308 0.240053 0.0251177
0 0.205149 0.165793 0.0931346 0.280518 0.00859383
0 0.127288 0.194815 0.103412 0.301812 0.0069305
0 0.301249 0.168236 0.0957993 0.296714 0.00505571
0 0.309141 0.240381 0.0915328 0.315511 0.00409236
0 0.247682 0.149773 0.0781599 0.277083 0.00398116
0 0.104484 0.125168 0.0761693 0.250336 0.0037562
0 0.189514 0.13268 0.0738756 0.253994 0.00309659
0 0.182272 0.197 0.108981 0.302198 0.00294534
0 0.357643 0.241474 0.0985264 0.281564 0.00289496
0 0.220263 0.134424 0.0881067 0.261478 0.00256556
0 0.295315 0.283904 0.0962123 0.274677 0.00255977
0 0.288294 0.119984 0.0714519 0.232454 0.00250793
0 0.0599568 0.137832 0.0907285 0.244207 0.00244281
0 0.2219 0.218321 0.0937941 0.289217 0.00229455
0 0.155359 0.199539 0.0904295 0.300078 0.00201232
0 0.275104 0.255018 0.105327 0.296301 0.00157082
0 0.25845 0.209727 0.0955169 0.301374 0.00150562
0 0.35555 0.153394 0.0766843 0.24993 0.00149029
0 0.418549 0.2481 0.0636983 0.266111 0.00129143
0 0.0861241 0.200309 0.114143 0.32052 0.00115511
0 0.382054 0.0462531 0.0801247 0.0839128 0.00113669
0 0.329381 0.241554 0.0813872 0.285524 0.00102074
