0 0.363313 0.816183 0.0725668 0.283414 0.891446
0 0.888511 0.741058 0.0883873 0.18488 0.842299
0 0.321627 0.271635 0.0986559 0.299034 0.469652
0 0.254984 0.186246 0.0905694 0.277186 0.216497
0 0.306873 0.229719 0.106063 0.343956 0.031297
0 0.267816 0.138664 0.0746678 0.258299 0.0256802
0 0.337695 0.299669 0.0908494 0.261222 0.00632832
0 0.28011 0.2075 0.12345 0.297695 0.00589372
0 0.284471 0.163457 0.0949854 0.287491 0.00514769
0 0.235455 0.205898 0.0916194 0.276215 0.00410741
0 0.392858 0.324428 0.0849771 0.2583 0.00388829
0 0.340763 0.232899 0.115572 0.315073 0.00315777
0 0.409155 0.259286 0.0665295 0.255499 0.00265634
0 0.80372 0.0151162 0.0664555 0.0295898 0.0025252
0 0.282411 0.125418 0.0667164 0.240884 0.00225672
0 0.2202 0.168014 0.10236 0.292242 0.00177524
0 0.317103 0.185395 0.0829919 0.283464 0.00150674
0 0.155629 0.197703 0.0850653 0.285519 0.00148934
0 0.375673 0.279385 0.0955741 0.288491 0.0014658
0 0.554462 0.936416 0.0573154 0.124946 0.00121035
0 0.237126 0.134787 0.0840637 0.264791 0.00104537
