0 0.870009 0.507731 0.0862558 0.24922 0.898992
0 0.669996 0.231667 0.0799605 0.204474 0.895806
0 0.27197 0.195083 0.110932 0.303785 0.39467
0 0.293364 0.2217 0.0974849 0.293317 0.0688434
0 0.246842 0.18457 0.0992178 0.29751 0.0317307
0 0.356094 0.229912 0.0858735 0.279271 0.0122333
0 0.31545 0.216665 0.0865575 0.290124 0.0116897
0 0.278229 0.151978 0.0855653 0.284872 0.00878913
0 0.33052 0.239026 0.076786 0.275008 0.00487037
0 0.22102 0.181394 0.106846 0.30002 0.00480345
0 0.259864 0.137708 0.0845609 0.274671 0.00306728
0 0.154919 0.200207 0.115002 0.295603 0.00255253
0 0.278446 0.0993206 0.0650866 0.191744 0.00252609
0 0.202786 0.152259 0.084419 0.280684 0.00233689
0 0.305179 0.169199 0.0903232 0.296946 0.00207958
0 0.340837 0.199562 0.0776316 0.292325 0.00184084
0 0.377109 0.24229 0.0756702 0.262674 0.00164836
0 0.270216 0.207469 0.081315 0.228699 0.0013989
