0 0.603391 0.16566 0.0854155 0.206515 0.906844
0 0.29575 0.744279 0.0988609 0.275653 0.868391
0 0.281857 0.183664 0.0762069 0.26093 0.314599
0 0.349305 0.243289 0.114652 0.315874 0.149523
0 0.410145 0.244594 0.0615807 0.254623 0.0875177
0 0.303343 0.214864 0.100129 0.319932 0.0509526
0 0.317895 0.254991 0.107891 0.302383 0.0233886
0 0.279521 0.123536 0.0717554 0.235659 0.0161145
0 0.269159 0.214877 0.0783814 0.308771 0.00703284
0 0.394086 0.22994 0.0776695 0.281488 0.00562315
0 0.331009 0.20101 0.0891068 0.312353 0.00535807
0 0.370115 0.20481 0.0878034 0.309438 0.00419307
0 0.26175 0.122268 0.0737132 0.239397 0.0016991
0 0.442428 0.243066 0.0993059 0.272061 0.00161939
0 0.294166 0.104135 0.0723782 0.199924 0.00147802
0 0.299867 0.285389 0.095138 0.279245 0.00147686
0 0.423403 0.203727 0.0819433 0.29489 0.00128355
0 0.317409 0.168397 0.0835617 0.284486 0.00121565
0 0.323152 0.129815 0.0661238 0.247444 0.00112396
