0 0.587313 0.16612 0.0797746 0.200321 0.717812
0 0.257194 0.139462 0.0847241 0.255534 0.15722
0 0.353717 0.319033 0.0787719 0.239215 0.0995147
0 0.513775 0.0580623 0.0717031 0.112109 0.0976648
0 0.324039 0.14758 0.074429 0.245668 0.0359738
0 0.117514 0.13658 0.0780495 0.26956 0.0133182
0 0.269592 0.181345 0.0959941 0.305047 0.0122228
0 0.244949 0.179065 0.0806249 0.271243 0.0109782
0 0.297216 0.186604 0.0940362 0.300093 0.00770004
0 0.335433 0.306741 0.0955936 0.264034 0.00673381
0 0.367964 0.249282 0.118254 0.313111 0.00663911
0 0.1281 0.180676 0.0937507 0.291564 0.00660044
0 0.32544 0.246956 0.104061 0.325539 0.00604712
0 0.0979282 0.147665 0.0989078 0.291745 0.00373388
0 0.236574 0.135455 0.0791148 0.254556 0.00370184
0 0.339043 0.150458 0.0685951 0.220124 0.00358656
0 0.197154 0.150279 0.0831784 0.247893 0.00321145
0 0.307245 0.285792 0.081672 0.27187 0.00309182
0 0.373934 0.308107 0.0982626 0.239682 0.00258819
0 0.27783 0.121476 0.0720917 0.234125 0.00197533
0 0.284198 0.242709 0.0974481 0.328552 0.00183199
0 0.400282 0.248381 0.0802196 0.284589 0.00156805
0 0.221389 0.163774 0.0827395 0.262363 0.00145139
0 0.355308 0.139202 0.0738485 0.239615 0.00127503
0 0.135993 0.129423 0.0827206 0.256274 0.00109011
