0 0.941329 0.317111 0.0903351 0.215367 0.841716
0 0.673606 0.301967 0.113435 0.287139 0.767804
0 0.243169 0.193245 0.0913693 0.253462 0.443209
0 0.30185 0.227456 0.0807528 0.30435 0.292712
0 0.9051 0.300913 0.0341385 0.186492 0.28943
0 0.106694 0.194575 0.104776 0.303376 0.11138
0 0.916808 0.304262 0.0574142 0.189854 0.0838135
0 0.0936797 0.150858 0.0933446 0.269111 0.0700872
0 0.306856 0.298377 0.0885515 0.263028 0.064669
0 0.418315 0.251379 0.051398 0.227655 0.0251649
0 0.257959 0.12606 0.0727239 0.238605 0.0234997
0 0.678514 0.255287 0.0989557 0.206961 0.0233255
0 0.128689 0.2089 0.0980584 0.294169 0.022006
0 0.898805 0.311851 0.0247393 0.185019 0.0184854
0 0.681296 0.218567 0.0844587 0.134381 0.0176061
0 0.266287 0.182233 0.0903858 0.256544 0.00914385
0 0.220357 0.190981 0.102142 0.263071 0.00474935
0 0.0750087 0.176016 0.103897 0.29948 0.00442476
0 0.153009 0.212393 0.0911662 0.280628 0.00368881
0 0.113104 0.136208 0.0826331 0.26429 0.00321452
0 0.274063 0.133789 0.0676124 0.248168 0.00293406
0 0.326189 0.256351 0.0949692 0.301004 0.00241462
0 0.238682 0.135539 0.0864431 0.259397 0.0023643
0 0.911913 0.280998 0.0424255 0.14754 0.0023489
0 0.350125 0.281265 0.0950024 0.292004 0.00206196
0 0.206957 0.15295 0.0895208 0.26657 0.001912
0 0.375781 0.261797 0.102057 0.275844 0.0011814
0 0.289661 0.273108 0.079411 0.24864 0.00102316
0 0.19328 0.124064 0.0748331 0.248127 0.00100628
