0 0.0458385 0.153423 0.0815828 0.257901 0.85161
0 0.109477 0.180902 0.0743939 0.26921 0.517083
0 0.279364 0.182389 0.0773594 0.269094 0.259468
0 0.298453 0.973926 0.0717452 0.0521481 0.216173
0 0.308476 0.301372 0.0951646 0.278634 0.187392
0 0.259356 0.184519 0.0868031 0.274222 0.137991
0 0.297653 0.977898 0.0436236 0.0441784 0.0480724
0 0.255159 0.13525 0.0742779 0.243928 0.043438
0 0.417014 0.248728 0.0593323 0.253036 0.0376868
0 0.29847 0.19511 0.0877272 0.270319 0.0202798
0 0.239311 0.213474 0.0772933 0.280879 0.0187483
0 0.313637 0.978403 0.0803426 0.0431939 0.0113732
0 0.277389 0.105402 0.0627553 0.200143 0.00915183
0 0.282032 0.962802 0.10396 0.072989 0.00759409
0 0.275564 0.97494 0.0984272 0.0501208 0.00641102
0 0.12546 0.209864 0.0920037 0.287693 0.00569903
0 0.344443 0.28296 0.108968 0.299209 0.00487997
0 0.289653 0.245731 0.0898088 0.330184 0.00434952
0 0.303804 0.956001 0.0944923 0.0872999 0.00369915
0 0.285358 0.979931 0.0701417 0.0395096 0.00366285
0 0.307938 0.983759 0.0629952 0.0322379 0.00239968
0 0.313983 0.24261 0.0854389 0.295037 0.002168
0 0.0979925 0.138625 0.0754604 0.259839 0.00173632
0 0.291958 0.968818 0.0450883 0.0616725 0.00141476
0 0.372464 0.262049 0.0994114 0.297518 0.0013148
0 0.297318 0.975085 0.0283566 0.04462 0.00129255
0 0.235967 0.135753 0.0782365 0.250249 0.00127664
0 0.399612 0.245186 0.0720437 0.261827 0.00117525
0 0.4084 0.197222 0.0684308 0.284829 0.0011516
0 0.148189 0.216168 0.0807845 0.277774 0.00100572
