0 0.273884 0.788584 0.0970667 0.256304 0.873381
0 0.295447 0.181489 0.0939467 0.295206 0.364769
0 0.416729 0.241638 0.0660681 0.258152 0.324112
0 0.32868 0.284821 0.121408 0.309625 0.167409
0 0.424823 0.206751 0.0891088 0.31173 0.0763514
0 0.280073 0.152985 0.0827013 0.286528 0.0524266
0 0.268042 0.124259 0.0689046 0.242458 0.0472258
0 0.432893 0.124476 0.0672338 0.198178 0.0251537
0 0.350928 0.302695 0.0931513 0.271173 0.0246676
0 0.265906 0.181629 0.085214 0.295853 0.0185576
0 0.313281 0.209528 0.110182 0.350035 0.016026
0 0.300594 0.287395 0.0916131 0.28326 0.0145912
0 0.102463 0.134312 0.0710956 0.250589 0.0136647
0 0.289479 0.100217 0.0615255 0.191597 0.00412497
0 0.24929 0.122898 0.0743382 0.245796 0.0038857
0 0.233672 0.154797 0.0830865 0.282461 0.00331804
0 0.349075 0.227783 0.0880347 0.331939 0.00290857
0 0.083855 0.122966 0.0862005 0.245932 0.00274241
0 0.399119 0.229359 0.0812775 0.283383 0.00254848
0 0.345275 0.153493 0.0627996 0.250321 0.00236299
0 0.205132 0.148788 0.0779516 0.269418 0.00181154
0 0.316206 0.154092 0.0899123 0.285484 0.00157503
0 0.378619 0.222502 0.0891413 0.305857 0.00149866
0 0.325387 0.0940561 0.0672338 0.180362 0.00126406
0 0.28618 0.240678 0.08597 0.291553 0.00117967
