0 0.644093 0.195105 0.08788 0.232889 0.903783
0 0.219732 0.933076 0.0841125 0.13378 0.880845
0 0.296211 0.196322 0.0903015 0.284381 0.289236
0 0.12765 0.19871 0.103199 0.300373 0.132455
0 0.276978 0.159753 0.0766749 0.273749 0.0562785
0 0.257513 0.154166 0.0806002 0.277683 0.0348546
0 0.392676 0.257399 0.114741 0.281027 0.026659
0 0.207546 0.149023 0.0898967 0.269922 0.0212959
0 0.30601 0.289166 0.0914093 0.289062 0.0203156
0 0.23455 0.180079 0.0952562 0.269251 0.0141709
0 0.311086 0.22719 0.0887625 0.308391 0.0110308
0 0.281404 0.121137 0.0612575 0.230565 0.00633365
0 0.10189 0.194094 0.098369 0.30174 0.00356003
0 0.358557 0.25915 0.0905909 0.299397 0.00303738
0 0.292556 0.0991545 0.0638404 0.191123 0.00212152
0 0.6138 0.908368 0.09771 0.183264 0.00211734
0 0.328461 0.301491 0.10764 0.289272 0.00176205
0 0.153165 0.222928 0.109383 0.294385 0.00142221
0 0.380052 0.30113 0.116527 0.265731 0.00128142
0 0.344552 0.214525 0.0817107 0.30663 0.00126864
0 0.414899 0.243856 0.0757996 0.269827 0.0012641
0 0.317039 0.168491 0.0825727 0.270432 0.00107299
