0 0.220567 0.443766 0.0919999 0.248037 0.855018
0 0.275535 0.18279 0.0718145 0.273589 0.22749
0 0.333169 0.227087 0.0974425 0.300321 0.0628975
0 0.271204 0.121754 0.0660646 0.236638 0.0411519
0 0.294636 0.211223 0.0969035 0.302436 0.0139349
0 0.333052 0.171521 0.0757239 0.27702 0.0109458
0 0.281443 0.0994107 0.0597441 0.191987 0.0100082
0 0.116296 0.162497 0.0889986 0.29827 0.00798973
0 0.351647 0.197616 0.102736 0.311905 0.00682156
0 0.195293 0.123559 0.0644923 0.239388 0.00397966
0 0.227056 0.159924 0.0953138 0.284554 0.00355909
0 0.0971266 0.150791 0.0850539 0.272431 0.00298148
0 0.353855 0.154353 0.0741425 0.245531 0.00207206
0 0.202696 0.152424 0.0907319 0.285816 0.00182662
0 0.248443 0.14996 0.0876539 0.280154 0.00154324
0 0.0109729 0.225951 0.0203217 0.320692 0.00139608
0 0.156241 0.197039 0.113329 0.292227 0.00103419
