0 0.0456666 0.370267 0.0840304 0.275607 0.887202
0 0.132058 0.362851 0.080807 0.248968 0.860844
0 0.535992 0.0788453 0.0717454 0.145597 0.724187
0 0.279093 0.1852 0.0800084 0.289236 0.50867
0 0.293194 0.217171 0.0894732 0.319145 0.143253
0 0.22653 0.217704 0.0847355 0.287169 0.0764199
0 0.207981 0.19209 0.0873077 0.294565 0.0192592
0 0.254816 0.20744 0.0974539 0.289005 0.0184508
0 0.303288 0.269148 0.0789871 0.266233 0.0181945
0 0.134684 0.228414 0.0813736 0.262081 0.00640186
0 0.216277 0.137203 0.0872836 0.260635 0.00588689
0 0.933106 0.101631 0.0660048 0.198605 0.00445435
0 0.189905 0.151818 0.0815853 0.266064 0.00420541
0 0.270102 0.121393 0.0735474 0.238611 0.00325086
0 0.187574 0.215969 0.0919179 0.28914 0.00302369
0 0.242884 0.167221 0.0939684 0.27006 0.00217102
0 0.147052 0.190855 0.0744727 0.273207 0.00214345
0 0.326698 0.241184 0.0970249 0.294804 0.00175842
0 0.541138 0.984279 0.0643429 0.0314428 0.00118248
0 0.344188 0.0928921 0.0655787 0.166438 0.00104461
