0 0.0307404 0.153378 0.0611174 0.262713 0.808113
0 0.318462 0.29976 0.107235 0.28231 0.144408
0 0.30146 0.195802 0.0945352 0.29918 0.109482
0 0.252788 0.190625 0.0906198 0.295878 0.10659
0 0.272331 0.159834 0.0788118 0.289553 0.0891193
0 0.417056 0.250942 0.0493814 0.239321 0.0877316
0 0.277679 0.209373 0.104868 0.301539 0.0439106
0 0.314681 0.241062 0.0937086 0.306184 0.0219135
0 0.232138 0.164112 0.092834 0.300215 0.0129044
0 0.344232 0.259907 0.124157 0.32178 0.0112232
0 0.298852 0.274085 0.0971258 0.322135 0.00614722
0 0.212262 0.188433 0.102521 0.305466 0.00544801
0 0.406043 0.234063 0.0660641 0.262019 0.00535701
0 0.0471929 0.160591 0.0884635 0.28358 0.00532043
0 0.38132 0.253907 0.0998302 0.28387 0.0052818
0 0.259256 0.12405 0.0737712 0.2481 0.00477687
0 0.273808 0.113928 0.0660355 0.217158 0.00318312
0 0.0233579 0.244078 0.0467157 0.301213 0.00306127
0 0.28802 0.135762 0.0869365 0.267319 0.00237981
0 0.365463 0.302982 0.118327 0.284528 0.00233121
0 0.106599 0.181277 0.0990624 0.304978 0.00229718
0 0.427987 0.250826 0.0824556 0.244986 0.00182798
0 0.235048 0.237078 0.0881295 0.305621 0.00180727
0 0.0223837 0.125971 0.0447674 0.23634 0.00177732
0 0.342446 0.191835 0.0952872 0.309276 0.00174536
0 0.014926 0.149266 0.029057 0.258406 0.00137505
0 0.145844 0.221678 0.0997375 0.301196 0.00135522
0 0.372271 0.192857 0.0877454 0.306891 0.00130044
0 0.203487 0.13808 0.0874917 0.273799 0.00114969
