0 0.790334 0.328479 0.0909649 0.235491 0.857265
0 0.250585 0.177029 0.0881129 0.270136 0.449241
0 0.306014 0.291949 0.0881749 0.263485 0.400778
0 0.0809753 0.148247 0.0913128 0.265827 0.114624
0 0.282243 0.184158 0.0723252 0.261699 0.104528
0 0.0956933 0.181019 0.107679 0.300682 0.0556075
0 0.112189 0.151458 0.0906957 0.282789 0.034727
0 0.301962 0.196528 0.0935274 0.27999 0.0334176
0 0.258022 0.126129 0.0677258 0.246152 0.028024
0 0.125448 0.197195 0.0914544 0.295689 0.0196195
0 0.059764 0.138479 0.0854535 0.255083 0.0162401
0 0.280371 0.116268 0.0638823 0.230134 0.0108689
0 0.41672 0.248906 0.0593464 0.255852 0.0107963
0 0.205971 0.153619 0.0944784 0.281272 0.00751747
0 0.223001 0.178866 0.0978994 0.272643 0.00597109
0 0.266312 0.180392 0.0788655 0.226799 0.00463396
0 0.334706 0.290523 0.111725 0.284908 0.00404028
0 0.0981457 0.117794 0.0836828 0.2312 0.00302202
0 0.315265 0.241715 0.0927442 0.283252 0.00149719
0 0.290323 0.248225 0.081228 0.293856 0.00134209
0 0.398195 0.244534 0.0813759 0.265895 0.00131852
0 0.188175 0.136568 0.0793844 0.262577 0.00114021
0 0.345541 0.212304 0.0975383 0.294848 0.00106602
0 0.294713 0.0828907 0.0600201 0.155909 0.00106495
