0 0.854691 0.385524 0.100454 0.219608 0.86753
0 0.911379 0.271091 0.0922997 0.187672 0.797045
0 0.275148 0.153958 0.0845068 0.285162 0.406607
0 0.258179 0.179233 0.101726 0.282171 0.0336424
0 0.976562 0.504778 0.0449667 0.228814 0.023018
0 0.261851 0.12535 0.0702513 0.243414 0.0217085
0 0.277247 0.207998 0.10103 0.3269 0.0113333
0 0.329364 0.24814 0.117392 0.317351 0.0111356
0 0.297796 0.100401 0.0720555 0.194608 0.00885747
0 0.324973 0.157197 0.0797345 0.27873 0.00820492
0 0.23382 0.194125 0.0970339 0.304871 0.00478452
0 0.302934 0.165195 0.0895334 0.280038 0.00387546
0 0.297497 0.24094 0.10015 0.295668 0.00321983
0 0.20453 0.150603 0.0868797 0.290843 0.00320244
0 0.355312 0.243355 0.112551 0.295776 0.00296201
0 0.35161 0.165729 0.0808797 0.264937 0.00256728
0 0.375448 0.0970294 0.0754777 0.189843 0.00229616
0 0.279645 0.0828296 0.0617541 0.155671 0.00170125
0 0.315198 0.0900682 0.0704782 0.178086 0.00154913
0 0.143051 0.184572 0.080726 0.297537 0.00138631
0 0.231072 0.132637 0.0815901 0.258734 0.00130378
0 0.37786 0.0455644 0.067152 0.0830377 0.00126802
0 0.930725 0.365739 0.103442 0.262691 0.00104061
