0 0.871993 0.452069 0.0934975 0.22674 0.863805
0 0.303073 0.216972 0.0998658 0.334357 0.108013
0 0.329269 0.243007 0.114371 0.311961 0.0816087
0 0.253819 0.136795 0.0891885 0.271064 0.0664568
0 0.252335 0.221442 0.104741 0.306593 0.0582984
0 0.27728 0.198751 0.100324 0.325485 0.0533897
0 0.359893 0.251233 0.0992503 0.315246 0.00705917
0 0.277692 0.106445 0.0738603 0.206819 0.00615766
0 0.223388 0.148433 0.107181 0.287734 0.00413261
0 0.315747 0.168846 0.0813315 0.298129 0.00408384
0 0.0323515 0.850547 0.0632316 0.213673 0.00344324
0 0.603157 0.900426 0.129694 0.199148 0.00335263
0 0.292998 0.122236 0.0890173 0.244472 0.00164265
0 0.292508 0.092487 0.0684482 0.182723 0.00140871
0 0.3144 0.0981991 0.0681078 0.190839 0.00121616
0 0.236054 0.113319 0.0798428 0.22057 0.00118243
0 0.369616 0.213575 0.0746928 0.272439 0.00101582
