0 0.215791 0.836826 0.0774754 0.288684 0.88288
0 0.33813 0.812135 0.106477 0.289942 0.881644
0 0.311311 0.287839 0.106231 0.275212 0.283903
0 0.971486 0.413691 0.0559778 0.209658 0.213346
0 0.418357 0.246621 0.0543324 0.259862 0.00798596
0 0.191946 0.214639 0.118991 0.290094 0.00779868
0 0.127924 0.185254 0.104524 0.293675 0.00434946
0 0.270758 0.196376 0.0880346 0.272622 0.0037241
0 0.976939 0.390366 0.0442009 0.159222 0.00371864
0 0.974361 0.478582 0.0512785 0.312112 0.00367613
0 0.985641 0.41314 0.0268242 0.199283 0.00306532
0 0.532359 0.914174 0.0654346 0.171652 0.00291237
0 0.298072 0.24634 0.0902243 0.268839 0.00279439
0 0.0976467 0.192744 0.118992 0.294299 0.00258102
0 0.340528 0.289432 0.0921507 0.264551 0.00212771
0 0.376251 0.262424 0.10498 0.292944 0.00155113
0 0.218936 0.199598 0.115199 0.303243 0.00113293
