0 0.103612 0.453976 0.0992584 0.269085 0.852834
0 0.0207338 0.486477 0.040241 0.255351 0.754301
0 0.316795 0.257133 0.0905828 0.30241 0.163665
0 0.266592 0.159266 0.0794053 0.27459 0.121881
0 0.351158 0.277774 0.0899615 0.312788 0.06791
0 0.249266 0.179946 0.0914734 0.266408 0.0316415
0 0.29599 0.228714 0.0856363 0.302724 0.0301929
0 0.277856 0.119881 0.0637863 0.230659 0.0143109
0 0.619133 0.910921 0.0881829 0.176703 0.0130553
0 0.280371 0.19382 0.0805738 0.266075 0.0129599
0 0.332355 0.302676 0.0941949 0.301371 0.00849054
0 0.374902 0.273009 0.0982831 0.280706 0.00616859
0 0.412024 0.245794 0.0657355 0.25271 0.00362475
0 0.355795 0.28989 0.0745341 0.225837 0.00340228
0 0.552187 0.922303 0.0685617 0.155132 0.00156208
0 0.395025 0.247942 0.0963138 0.278011 0.00143935
0 0.362984 0.333153 0.0911022 0.265421 0.00141347
0 0.0185603 0.402226 0.035544 0.190311 0.00125773
0 0.0309991 0.486877 0.0619983 0.260982 0.0011925
