0 0.394285 0.877953 0.0803965 0.243366 0.877174
0 0.460557 0.873249 0.0735287 0.249962 0.868832
0 0.301044 0.223379 0.0919456 0.297177 0.592875
0 0.114723 0.19477 0.0836229 0.301664 0.0729469
0 0.41741 0.247757 0.0544456 0.251121 0.0295476
0 0.305922 0.284772 0.0758858 0.243823 0.0246022
0 0.17584 0.198884 0.10988 0.322812 0.0120849
0 0.0907651 0.193261 0.102426 0.316252 0.0108665
0 0.284245 0.196133 0.0800355 0.277763 0.010827
0 0.223939 0.194968 0.0960538 0.304383 0.0107851
0 0.247383 0.191653 0.0873552 0.297581 0.00796256
0 0.197344 0.157623 0.082429 0.289041 0.00627995
0 0.318715 0.315883 0.102817 0.282058 0.00529476
0 0.325489 0.228575 0.107759 0.305106 0.00494443
0 0.275268 0.129724 0.0680037 0.242872 0.00448861
0 0.142976 0.198413 0.104521 0.301541 0.00436618
0 0.377001 0.249697 0.102216 0.283436 0.00297579
0 0.102672 0.138737 0.0795542 0.262757 0.00221867
0 0.985435 0.618458 0.0280039 0.231903 0.00187971
0 0.223859 0.131317 0.0788411 0.247513 0.00162881
0 0.195075 0.105439 0.0644501 0.202871 0.00150276
0 0.400777 0.228417 0.0889693 0.281642 0.00130604
0 0.349938 0.276195 0.112611 0.30358 0.00119326
0 0.258244 0.122101 0.0703758 0.243263 0.0010121
