0 0.234882 0.539636 0.0712928 0.266415 0.874129
0 0.176633 0.547517 0.06997 0.284395 0.866616
0 0.0303676 0.477999 0.0597244 0.261078 0.661961
0 0.254663 0.198756 0.096052 0.29145 0.121832
0 0.26873 0.126498 0.0643868 0.238829 0.0753446
0 0.109501 0.148215 0.0804818 0.267194 0.0507741
0 0.276644 0.181718 0.084127 0.271738 0.02185
0 0.196706 0.144555 0.0652695 0.249605 0.00655576
0 0.152792 0.221601 0.0946029 0.260254 0.00653358
0 0.419591 0.25043 0.0518082 0.23243 0.00639544
0 0.125983 0.178547 0.0902257 0.301269 0.00512856
0 0.229356 0.155558 0.0954879 0.27652 0.00459839
0 0.0263418 0.434762 0.051326 0.201299 0.004499
0 0.0928659 0.133675 0.0806563 0.261809 0.00327239
0 0.12249 0.11449 0.0819431 0.218407 0.00305761
0 0.292303 0.211763 0.091702 0.291021 0.00241411
0 0.248611 0.122155 0.0797824 0.243957 0.00189545
0 0.205583 0.188097 0.0897258 0.28791 0.00166906
0 0.0143454 0.476855 0.0286908 0.273669 0.00163983
0 0.236378 0.22853 0.10612 0.288645 0.001472
0 0.285895 0.133497 0.0700388 0.25335 0.00139346
