0 0.783474 0.347805 0.087642 0.245387 0.906319
0 0.119137 0.191868 0.0923203 0.319447 0.685106
0 0.417205 0.246446 0.0588387 0.251542 0.16353
0 0.272241 0.195885 0.0798232 0.272942 0.142155
0 0.253568 0.213271 0.102703 0.297894 0.062742
0 0.294108 0.224646 0.0979806 0.306853 0.040678
0 0.100639 0.168425 0.0995222 0.321243 0.0148813
0 0.398086 0.243324 0.0935418 0.26238 0.0129975
0 0.222752 0.212135 0.111855 0.290626 0.0101731
0 0.141905 0.219035 0.101628 0.297761 0.00621846
0 0.1948 0.19541 0.118726 0.306386 0.00356335
0 0.199463 0.15656 0.0831517 0.280174 0.00355175
0 0.266205 0.137665 0.0688233 0.257873 0.00332409
0 0.314126 0.257313 0.104232 0.285466 0.00244677
0 0.286684 0.196547 0.0744068 0.226224 0.00234262
0 0.355682 0.224904 0.124398 0.306555 0.00196298
0 0.115585 0.140182 0.0766386 0.277073 0.00180437
0 0.169481 0.183665 0.0970904 0.309943 0.0015551
0 0.247632 0.152191 0.0825605 0.280824 0.001504
0 0.538449 0.978046 0.0747908 0.0439082 0.00140554
0 0.226082 0.133686 0.0878957 0.257975 0.00110025
0 0.436224 0.222611 0.0843914 0.275909 0.00107749
0 0.379416 0.20394 0.101509 0.314992 0.00102739
