0 0.172542 0.788891 0.086549 0.287728 0.864353
0 0.371297 0.735966 0.0884088 0.304833 0.858577
0 0.495396 0.917515 0.109549 0.164729 0.810476
0 0.28267 0.692172 0.09675 0.378853 0.805049
0 0.210388 0.728827 0.0679867 0.265815 0.755273
0 0.383043 0.665048 0.0719495 0.258129 0.739594
0 0.308157 0.227416 0.0914786 0.299233 0.449651
0 0.24589 0.198603 0.089571 0.278894 0.412022
0 0.104467 0.166037 0.106999 0.28915 0.317944
0 0.289103 0.751635 0.0795135 0.292399 0.134866
0 0.268159 0.213499 0.101962 0.298557 0.0590129
0 0.229545 0.166212 0.103096 0.286316 0.0270216
0 0.263172 0.163378 0.0706442 0.27717 0.0264193
0 0.194994 0.149208 0.0804036 0.278718 0.0251685
0 0.307281 0.284616 0.0817281 0.255171 0.0181418
0 0.0874403 0.137154 0.0994647 0.269163 0.0117914
0 0.187107 0.739064 0.0844507 0.300555 0.0115674
0 0.330948 0.243972 0.110338 0.301352 0.0105485
0 0.218691 0.212454 0.103379 0.284942 0.00734707
0 0.0850749 0.211658 0.124433 0.31991 0.00661719
0 0.297131 0.185161 0.0870776 0.271096 0.00643489
0 0.277913 0.18106 0.0721865 0.264268 0.00574063
0 0.35684 0.307875 0.06486 0.234807 0.00481431
0 0.44148 0.236584 0.095396 0.265 0.00416612
0 0.125266 0.191897 0.0967851 0.305554 0.00349989
0 0.182026 0.178507 0.0740212 0.2837 0.00349342
0 0.117774 0.127244 0.103876 0.254488 0.00308789
0 0.0320931 0.893594 0.0611196 0.180987 0.00272619
0 0.139709 0.155794 0.0967783 0.284363 0.00245396
0 0.287263 0.238645 0.089597 0.287514 0.00215346
0 0.348418 0.279228 0.0882351 0.282634 0.00191944
0 0.246893 0.122203 0.0767218 0.243443 0.0018427
0 0.420913 0.245177 0.0704819 0.25591 0.00119525
0 0.317427 0.174421 0.0883959 0.280794 0.00110221
0 0.282367 0.664937 0.0883073 0.230623 0.00109351
0 0.32996 0.316724 0.104437 0.262786 0.00102024
