0 0.960396 0.571636 0.0777588 0.25854 0.89599
0 0.0800199 0.47976 0.0981617 0.260198 0.860955
0 0.414736 0.257923 0.0472207 0.226802 0.313648
0 0.306306 0.284758 0.0915865 0.272013 0.239877
0 0.279036 0.203045 0.081826 0.292911 0.170035
0 0.268821 0.135746 0.0651902 0.242307 0.0549426
0 0.257574 0.214599 0.0870339 0.289221 0.0314256
0 0.324963 0.256927 0.104809 0.295298 0.0172816
0 0.291461 0.244972 0.0946158 0.30863 0.0166942
0 0.345765 0.275726 0.0990774 0.294202 0.0126842
0 0.194548 0.141752 0.0648103 0.250233 0.0119687
0 0.131459 0.198681 0.0934889 0.285141 0.0113271
0 0.238138 0.223414 0.0846209 0.27568 0.0083939
0 0.371899 0.278068 0.0923491 0.274531 0.00708607
0 0.0918217 0.134207 0.0944731 0.262357 0.00604902
0 0.309016 0.201105 0.0946815 0.310562 0.00594956
0 0.402328 0.257745 0.057364 0.242905 0.0047911
0 0.541683 0.981279 0.0777572 0.0374421 0.00357767
0 0.117115 0.149008 0.0742935 0.253308 0.00255023
0 0.297149 0.334583 0.0927822 0.306447 0.00240304
0 0.219197 0.154896 0.0842028 0.272244 0.00217972
0 0.421964 0.253396 0.0796185 0.235512 0.00187436
0 0.0706291 0.145245 0.0908891 0.265533 0.00155939
0 0.384911 0.229958 0.0805072 0.284953 0.00152662
0 0.285996 0.133883 0.0656309 0.245057 0.00151
0 0.415598 0.202847 0.0600784 0.294427 0.00146402
0 0.250527 0.133999 0.0719251 0.246043 0.00141728
