0 0.875119 0.483862 0.0964106 0.251536 0.90322
0 0.303583 0.804501 0.103707 0.32196 0.884735
0 0.279029 0.166548 0.088248 0.288383 0.395543
0 0.269273 0.124473 0.0743328 0.242932 0.0660787
0 0.29256 0.201032 0.0910288 0.301368 0.0307274
0 0.35507 0.23079 0.0989914 0.277465 0.0291793
0 0.416672 0.246678 0.065348 0.243157 0.014114
0 0.306785 0.242267 0.102934 0.273341 0.0123344
0 0.258984 0.190915 0.0930162 0.284908 0.0123037
0 0.306873 0.162842 0.100078 0.292376 0.00915233
0 0.332614 0.246497 0.118268 0.305417 0.00899257
0 0.233484 0.179251 0.116783 0.300559 0.00621917
0 0.287607 0.119872 0.0776072 0.239744 0.00487349
0 0.250165 0.140503 0.0931644 0.281006 0.00335507
0 0.396409 0.244055 0.095115 0.257806 0.00270535
0 0.552212 0.909043 0.0645644 0.181914 0.00215648
0 0.209242 0.165867 0.107514 0.306905 0.00159631
0 0.55773 0.933889 0.0565674 0.127885 0.00152864
0 0.548296 0.976473 0.0644516 0.0462697 0.00134447
0 0.541038 0.985151 0.0645068 0.029698 0.00130398
0 0.370349 0.197335 0.0856753 0.284825 0.00101962
