0 0.211443 0.848413 0.0907801 0.290018 0.902406
0 0.140888 0.85623 0.0712447 0.263849 0.894611
0 0.117366 0.198483 0.0842079 0.29184 0.690993
0 0.296891 0.284002 0.0884087 0.263617 0.134062
0 0.934767 0.043404 0.0678078 0.0852424 0.0406269
0 0.286089 0.21449 0.0962186 0.306207 0.0363316
0 0.269089 0.183503 0.0896584 0.272584 0.0223851
0 0.256527 0.124688 0.0681283 0.240131 0.0133401
0 0.155642 0.211741 0.106947 0.285615 0.00703181
0 0.28158 0.113859 0.0620908 0.216477 0.00663797
0 0.245114 0.180473 0.0835009 0.273401 0.00636431
0 0.613677 0.986134 0.0547278 0.027732 0.00381053
0 0.604415 0.988071 0.0383022 0.0238588 0.00353555
0 0.235656 0.128728 0.0809039 0.242297 0.00301293
0 0.219443 0.165062 0.0871998 0.283821 0.00254506
0 0.417961 0.245865 0.0598489 0.265949 0.00188443
0 0.614885 0.906816 0.0979693 0.185433 0.00173305
0 0.204926 0.132577 0.0868253 0.244675 0.00150106
0 0.60839 0.99113 0.0353515 0.0173707 0.0012375
0 0.542462 0.979154 0.07771 0.0416929 0.00111323
