0 0.752357 0.158459 0.0790482 0.205969 0.898278
0 0.617899 0.189565 0.0885015 0.240448 0.890549
0 0.303359 0.776504 0.0987335 0.30573 0.870468
0 0.285911 0.534548 0.104137 0.264396 0.849765
0 0.248916 0.199422 0.0939806 0.29894 0.161732
0 0.269477 0.125761 0.0674963 0.243191 0.0620353
0 0.0970964 0.182526 0.108432 0.309619 0.0439154
0 0.301944 0.192864 0.090217 0.302742 0.0414625
0 0.319132 0.249656 0.107821 0.28845 0.0307785
0 0.932592 0.0535863 0.0729403 0.102054 0.0161144
0 0.0707042 0.138207 0.0781229 0.24677 0.0130258
0 0.267469 0.162477 0.0871588 0.271171 0.012228
0 0.342637 0.220485 0.11492 0.322259 0.0116202
0 0.329784 0.300396 0.113386 0.229402 0.0111578
0 0.24854 0.136526 0.0839023 0.266211 0.00899407
0 0.224096 0.208746 0.111925 0.29577 0.0075483
0 0.279854 0.20674 0.106817 0.287015 0.00588258
0 0.12719 0.181499 0.100965 0.311173 0.00498676
0 0.300706 0.272843 0.0872863 0.243506 0.00412442
0 0.0904547 0.136771 0.0863347 0.255546 0.00376095
0 0.367461 0.249504 0.112534 0.300218 0.00291565
0 0.439002 0.0544667 0.0861262 0.105959 0.00241755
0 0.205845 0.155968 0.0985852 0.287758 0.00240848
0 0.285879 0.134097 0.0695422 0.253373 0.00196338
0 0.169159 0.214081 0.105132 0.29701 0.00180749
0 0.325853 0.181988 0.0791926 0.281776 0.00170814
0 0.350813 0.318071 0.0830579 0.207758 0.00127198
0 0.366867 0.196289 0.0824474 0.303204 0.00112065
0 0.343983 0.169413 0.0834766 0.279834 0.00101426
