0 0.658515 0.170481 0.0908042 0.208638 0.804231
0 0.977701 0.0675272 0.0434227 0.132034 0.763124
0 0.937717 0.0486478 0.0538881 0.0959443 0.555472
0 0.270931 0.155597 0.078523 0.274928 0.286512
0 0.289255 0.193602 0.0879065 0.290621 0.128603
0 0.302225 0.238861 0.0811369 0.286717 0.0399903
0 0.248453 0.149817 0.0823229 0.272237 0.0261107
0 0.204527 0.14904 0.0785903 0.272873 0.0166376
0 0.258604 0.212024 0.100826 0.304394 0.0100237
0 0.963566 0.0676556 0.0697844 0.133455 0.00703419
0 0.0929815 0.149339 0.0972337 0.248296 0.00596252
0 0.260326 0.12544 0.0649339 0.225355 0.00586046
0 0.278055 0.118008 0.0628931 0.21885 0.00475358
0 0.305581 0.299158 0.0922491 0.274739 0.00454889
0 0.234433 0.179163 0.0849991 0.26667 0.00399815
0 0.19 0.131252 0.0686653 0.253058 0.00255533
0 0.674158 0.191892 0.0730221 0.188008 0.00217674
0 0.344122 0.260626 0.10191 0.300739 0.00157396
0 0.980173 0.0445813 0.0393187 0.0891626 0.00147424
0 0.395095 0.246603 0.100941 0.26257 0.00130862
0 0.115954 0.147521 0.0837693 0.254388 0.00126164
0 0.356969 0.155126 0.0767191 0.253663 0.00124315
0 0.0715192 0.1383 0.0910838 0.243221 0.00124047
0 0.218292 0.124171 0.0762261 0.248343 0.00117318
0 0.366857 0.276207 0.112024 0.280431 0.00104596
