0 0.358784 0.722906 0.0923373 0.293506 0.88623
0 0.32503 0.880749 0.0812584 0.238502 0.868357
0 0.217496 0.890024 0.0729389 0.218321 0.849162
0 0.283766 0.758373 0.0681968 0.256478 0.756953
0 0.209412 0.784779 0.0745896 0.319787 0.52329
0 0.298419 0.232838 0.0895143 0.298882 0.483768
0 0.281001 0.195156 0.0665463 0.261484 0.175493
0 0.270329 0.159098 0.066896 0.275492 0.124326
0 0.14522 0.215335 0.102287 0.298167 0.0315436
0 0.257718 0.192673 0.0807621 0.264796 0.0314927
0 0.259959 0.12518 0.0643187 0.242552 0.0276719
0 0.235169 0.191548 0.0827547 0.273051 0.0185059
0 0.120128 0.209344 0.0953129 0.304936 0.0102035
0 0.413943 0.257645 0.0606352 0.245408 0.0068452
0 0.315971 0.289759 0.0982201 0.317104 0.00658802
0 0.207748 0.183087 0.0876803 0.272348 0.00612773
0 0.35765 0.229025 0.0795417 0.282168 0.00385731
0 0.238284 0.132826 0.0782475 0.25673 0.00328403
0 0.316997 0.198616 0.078888 0.296646 0.00328282
0 0.170815 0.204421 0.117587 0.320996 0.0031575
0 0.282898 0.130602 0.0666774 0.258028 0.00311386
0 0.197004 0.130289 0.0693986 0.246194 0.00295172
0 0.200045 0.21757 0.124069 0.305092 0.00292052
0 0.935163 0.0426068 0.0665188 0.0834623 0.0024899
0 0.330958 0.229556 0.0768583 0.290681 0.00231022
0 0.347234 0.805173 0.0780972 0.253195 0.00229025
0 0.344541 0.293346 0.0889553 0.303553 0.00213994
0 0.374686 0.250079 0.0925543 0.296902 0.00168964
0 0.274065 0.255886 0.0906235 0.301953 0.00167582
0 0.395351 0.25701 0.0926323 0.266365 0.00164854
0 0.24828 0.239241 0.0887607 0.306611 0.00160438
0 0.222386 0.742839 0.0663519 0.250238 0.00131541
0 0.330329 0.331505 0.102996 0.284074 0.00113314
0 0.54517 0.981314 0.0573743 0.0361091 0.00110681
0 0.2684 0.772609 0.0835041 0.289534 0.00107342
0 0.0978095 0.184474 0.100786 0.314219 0.0010224
0 0.221512 0.18349 0.0734951 0.226477 0.00102092
