0 0.252367 0.941639 0.105701 0.116723 0.782202
0 0.249221 0.165436 0.0882908 0.277691 0.555586
0 0.968363 0.420305 0.0612005 0.229357 0.238904
0 0.356985 0.291231 0.0806581 0.256193 0.0264192
0 0.370562 0.255424 0.101085 0.291068 0.0225352
0 0.324438 0.254103 0.100245 0.312566 0.0142262
0 0.263428 0.136175 0.0769531 0.263506 0.0131391
0 0.220775 0.152394 0.0985905 0.273894 0.0112525
0 0.303116 0.219544 0.0861847 0.31257 0.0103815
0 0.0194465 0.525073 0.0388929 0.107338 0.00217314
0 0.278266 0.118831 0.0661157 0.229407 0.00209803
0 0.399382 0.232365 0.0992451 0.285699 0.00183056
0 0.197772 0.151201 0.0845314 0.271703 0.00177997
0 0.365364 0.346176 0.0970531 0.264679 0.0014806
0 0.310476 0.296751 0.0897938 0.284288 0.00141311
0 0.280707 0.210231 0.102494 0.303648 0.00140201
0 0.335074 0.316959 0.0949723 0.293249 0.00138321
