0 0.298652 0.857255 0.108056 0.285489 0.91015
0 0.854752 0.438909 0.085425 0.224445 0.903657
0 0.194411 0.882796 0.100455 0.230791 0.894694
0 0.0389868 0.221444 0.0750367 0.254206 0.864402
0 0.0861331 0.700251 0.0814493 0.279929 0.822209
0 0.274945 0.190393 0.0886282 0.278797 0.190333
0 0.294253 0.211477 0.0977617 0.300247 0.107172
0 0.25462 0.167839 0.0849437 0.274574 0.0592695
0 0.119571 0.21085 0.0938451 0.292384 0.0353182
0 0.203095 0.136673 0.0836194 0.257932 0.0321521
0 0.303346 0.289679 0.0916997 0.280407 0.0308753
0 0.223506 0.153393 0.092758 0.273485 0.0205515
0 0.257927 0.124891 0.0700831 0.242398 0.0141385
0 0.108364 0.165012 0.0770472 0.252593 0.0115793
0 0.818447 0.910712 0.0738886 0.178577 0.0106567
0 0.314828 0.243773 0.0936669 0.306113 0.00905343
0 0.236169 0.192371 0.0828857 0.269799 0.00524844
0 0.420288 0.246993 0.0543729 0.242222 0.00395053
0 0.337312 0.222148 0.0754682 0.281879 0.0035975
0 0.345971 0.279921 0.0910459 0.304015 0.00224157
0 0.27719 0.118962 0.065033 0.229478 0.0022397
0 0.437573 0.227167 0.0906482 0.259045 0.00160855
0 0.141526 0.224962 0.107386 0.285562 0.00132285
