0 0.337956 0.714014 0.0995089 0.296341 0.885128
0 0.0269158 0.372949 0.0526994 0.272737 0.81114
0 0.0938904 0.3891 0.087558 0.282281 0.807708
0 0.109918 0.165271 0.0837742 0.290118 0.379738
0 0.307132 0.242203 0.092977 0.3118 0.265635
0 0.247808 0.164079 0.0934042 0.28728 0.260989
0 0.196186 0.151526 0.0784755 0.292611 0.247292
0 0.31611 0.296538 0.100115 0.275325 0.110943
0 0.419018 0.247277 0.055642 0.262394 0.055462
0 0.221153 0.138092 0.103308 0.270512 0.0529307
0 0.26326 0.135693 0.0739248 0.2594 0.0403321
0 0.233567 0.199619 0.0846739 0.285111 0.0292819
0 0.442439 0.247091 0.0912153 0.276853 0.0150947
0 0.428178 0.0968353 0.0671411 0.190929 0.0149364
0 0.338382 0.281263 0.113757 0.29739 0.0108107
0 0.131241 0.161616 0.0843105 0.282979 0.0107355
0 0.295489 0.199427 0.0862576 0.286871 0.00992197
0 0.181087 0.176552 0.0753697 0.280758 0.00858575
0 0.26603 0.191755 0.0984006 0.276938 0.00715851
0 0.0873986 0.17867 0.106876 0.30506 0.0060245
0 0.277311 0.1194 0.0602776 0.234051 0.0057774
0 0.204992 0.203631 0.0963943 0.293222 0.00471508
0 0.0936775 0.133457 0.0836894 0.263041 0.00427857
0 0.37006 0.285781 0.095024 0.288776 0.00413474
0 0.0158926 0.368148 0.0305176 0.26557 0.00280262
0 0.408697 0.268428 0.0560612 0.25713 0.00209941
0 0.159124 0.180742 0.0636685 0.272155 0.00182512
0 0.0221336 0.326784 0.0435648 0.232289 0.00138795
0 0.302425 0.272656 0.0790732 0.219916 0.00121182
0 0.422762 0.0583974 0.0702174 0.113104 0.00104235
