0 0.37007 0.865102 0.0826063 0.26904 0.916155
0 0.47649 0.880639 0.085965 0.238043 0.896719
0 0.296095 0.218527 0.0984675 0.32027 0.454863
0 0.419874 0.248436 0.0656408 0.27048 0.100338
0 0.143872 0.20929 0.0986213 0.300729 0.0800752
0 0.268814 0.12187 0.0639289 0.238476 0.038557
0 0.242373 0.181948 0.0824029 0.272165 0.0360606
0 0.344464 0.304141 0.0819895 0.274437 0.0294693
0 0.371777 0.28217 0.116589 0.294892 0.0193952
0 0.271322 0.180956 0.0814239 0.272335 0.0190007
0 0.119486 0.184381 0.107546 0.317208 0.00909653
0 0.400469 0.272529 0.102511 0.298284 0.00800889
0 0.318641 0.301832 0.0984221 0.292079 0.0078403
0 0.166237 0.200634 0.122219 0.34064 0.00752187
0 0.0929638 0.149667 0.0989498 0.280792 0.00487652
0 0.24913 0.123785 0.0769126 0.24757 0.00457431
0 0.280248 0.096386 0.060732 0.189529 0.00403696
0 0.297785 0.287382 0.089245 0.282024 0.00375872
0 0.221882 0.167421 0.0868156 0.285319 0.00375327
0 0.196266 0.196905 0.125975 0.320109 0.00338199
0 0.0722993 0.147531 0.0903324 0.257911 0.00223452
0 0.282193 0.348647 0.102594 0.26575 0.00168395
0 0.293607 0.184121 0.0822748 0.22844 0.00148168
0 0.25357 0.238124 0.100122 0.333385 0.00146967
0 0.344307 0.229363 0.0979196 0.320162 0.00119272
0 0.0966572 0.205758 0.118596 0.326642 0.00116565
