0 0.811347 0.186552 0.0882771 0.202667 0.881944
0 0.497027 0.898894 0.0780971 0.197808 0.843028
0 0.91544 0.431879 0.0433287 0.188138 0.8126
0 0.9553 0.448687 0.0753145 0.215414 0.807596
0 0.431662 0.893606 0.0809041 0.211752 0.74715
0 0.533753 0.0684815 0.0614206 0.133319 0.28735
0 0.280156 0.215794 0.104277 0.308467 0.103741
0 0.307468 0.288986 0.0876698 0.263709 0.0915546
0 0.252598 0.219138 0.0975481 0.30233 0.0620739
0 0.29903 0.238182 0.0925875 0.30954 0.0561576
0 0.534061 0.0475299 0.0567975 0.0855181 0.0219655
0 0.540313 0.02499 0.0475744 0.0473424 0.0198597
0 0.927103 0.440104 0.0575539 0.200382 0.0170622
0 0.275409 0.162836 0.0853331 0.290638 0.014469
0 0.117095 0.181179 0.094234 0.29738 0.0104503
0 0.418102 0.245882 0.0770536 0.275362 0.00839983
0 0.521762 0.0801107 0.0671417 0.14276 0.00835067
0 0.260424 0.124358 0.0726143 0.238358 0.00602215
0 0.222894 0.212127 0.119479 0.299695 0.00444036
0 0.206054 0.13795 0.0958441 0.266754 0.003855
0 0.40874 0.876382 0.108735 0.211184 0.0035136
0 0.304485 0.170799 0.091918 0.277325 0.00323706
0 0.0955678 0.166131 0.10716 0.306343 0.00306957
0 0.548178 0.0800015 0.0630506 0.156152 0.00239459
0 0.142099 0.210346 0.0871485 0.268323 0.002168
0 0.343406 0.251606 0.126385 0.305971 0.00179909
0 0.297056 0.33465 0.0947956 0.291543 0.00168905
0 0.276594 0.121971 0.0691977 0.219201 0.0015037
0 0.441754 0.247938 0.100792 0.271064 0.00143608
0 0.527011 0.897196 0.107478 0.205609 0.00128974
0 0.398862 0.255988 0.0909359 0.269951 0.00113744
