0 0.254451 0.900743 0.0954824 0.198513 0.90599
0 0.185875 0.910926 0.0790028 0.178148 0.894076
0 0.0422969 0.396325 0.0828766 0.300855 0.849985
0 0.186142 0.447764 0.0914473 0.242388 0.782201
0 0.648649 0.956854 0.0959551 0.0862918 0.770319
0 0.508631 0.0847146 0.0810114 0.156176 0.730789
0 0.145926 0.279502 0.073526 0.292393 0.306852
0 0.144189 0.23145 0.0948478 0.296145 0.00657112
0 0.160575 0.302364 0.0830147 0.256092 0.00380463
0 0.722856 0.0325039 0.090379 0.0647583 0.00204504
0 0.435307 0.0442823 0.0571122 0.0855105 0.00178794
0 0.126218 0.258266 0.0905081 0.308343 0.00166358
0 0.604472 0.906243 0.14875 0.187514 0.00140722
0 0.623931 0.951656 0.134885 0.0966881 0.00111786
0 0.137089 0.32952 0.0696029 0.233666 0.00102907
