0 0.251471 0.515626 0.0793035 0.271983 0.874435
0 0.279404 0.189118 0.0670334 0.24608 0.537993
0 0.239591 0.223776 0.0865834 0.266366 0.284939
0 0.3056 0.284808 0.085564 0.248332 0.207236
0 0.147487 0.242402 0.0888841 0.265469 0.0486821
0 0.261633 0.193158 0.0862673 0.26042 0.0433206
0 0.413222 0.243675 0.0680143 0.242447 0.0117769
0 0.21803 0.222934 0.099059 0.279087 0.00859703
0 0.298499 0.19437 0.0879138 0.266096 0.00407318
0 0.322335 0.218837 0.0853327 0.287145 0.003268
0 0.287516 0.245229 0.0835891 0.276254 0.00310079
0 0.935318 0.0430896 0.0731218 0.0846141 0.00289003
0 0.269788 0.136913 0.0768916 0.259742 0.00195431
0 0.204036 0.136435 0.0805942 0.246771 0.00191035
0 0.343148 0.193379 0.0813514 0.286763 0.00130317
0 0.223089 0.163917 0.0803613 0.271405 0.00119388
