0 0.553689 0.0930793 0.0841143 0.18337 0.899828
0 0.83855 0.467607 0.0919823 0.263189 0.785456
0 0.275703 0.153053 0.077501 0.280154 0.265811
0 0.309797 0.287914 0.0947248 0.278667 0.146486
0 0.304458 0.227219 0.0875096 0.300227 0.118973
0 0.291378 0.190809 0.0857958 0.30425 0.0453177
0 0.203347 0.149145 0.0807333 0.269634 0.0177289
0 0.260607 0.176964 0.088115 0.276663 0.0161233
0 0.40775 0.245847 0.0698179 0.255834 0.0120099
0 0.828348 0.0150116 0.106625 0.0300233 0.0104968
0 0.0953621 0.180915 0.113153 0.316486 0.00738594
0 0.260941 0.123407 0.075247 0.246814 0.00600417
0 0.0812085 0.135305 0.0936073 0.269451 0.00501457
0 0.116151 0.150483 0.0907275 0.268124 0.00453786
0 0.286644 0.120369 0.069928 0.238213 0.0045085
0 0.342368 0.254505 0.134864 0.322779 0.00425977
0 0.378872 0.251588 0.106363 0.300945 0.00344048
0 0.274037 0.224236 0.0951838 0.298193 0.00325095
0 0.845708 0.0138727 0.088764 0.027194 0.00296328
0 0.850906 0.017408 0.115442 0.0348161 0.00190023
0 0.381263 0.215784 0.0689244 0.257941 0.00183358
0 0.809226 0.0167459 0.0875233 0.0334918 0.00171894
0 0.228044 0.178435 0.0900948 0.276256 0.00168659
0 0.358999 0.215159 0.098823 0.285491 0.00159509
0 0.287994 0.274529 0.0954496 0.303115 0.00146419
0 0.937725 0.051163 0.0685446 0.0991737 0.00120361
0 0.0591936 0.128115 0.0936811 0.256231 0.00101362
