0 0.191081 0.841291 0.0822366 0.286928 0.902415
0 0.437493 0.941848 0.0737732 0.114741 0.894235
0 0.523207 0.923848 0.0793347 0.15228 0.885814
0 0.369856 0.964625 0.0681437 0.0702125 0.834572
0 0.390607 0.883545 0.0945524 0.191183 0.819521
0 0.298957 0.974288 0.0580342 0.0504418 0.781819
0 0.939118 0.513456 0.101004 0.234222 0.741104
0 0.895951 0.494014 0.0582521 0.216568 0.682829
0 0.303322 0.231608 0.0960013 0.291466 0.297635
0 0.104876 0.16796 0.101783 0.311724 0.130168
0 0.255822 0.14969 0.0810472 0.269789 0.054891
0 0.915829 0.496199 0.0965584 0.221159 0.0387398
0 0.128224 0.195786 0.10546 0.30534 0.0214395
0 0.316627 0.285712 0.100184 0.282661 0.0134019
0 0.233417 0.150457 0.098818 0.276023 0.010917
0 0.250385 0.20703 0.0829467 0.278138 0.00993678
0 0.420188 0.246646 0.0601138 0.252922 0.00905967
0 0.270207 0.116674 0.0701726 0.225224 0.00868462
0 0.202248 0.147386 0.0934762 0.270558 0.00835143
0 0.155149 0.198773 0.107902 0.305226 0.00584401
0 0.271993 0.225123 0.114196 0.292184 0.0053719
0 0.297889 0.974381 0.0290051 0.0453407 0.00494303
0 0.337682 0.249426 0.0958163 0.302267 0.00242682
0 0.275062 0.163278 0.0809572 0.263116 0.00199778
0 0.286485 0.97051 0.0660227 0.0589802 0.0019745
0 0.443101 0.243299 0.0890072 0.263886 0.0017307
0 0.375024 0.253415 0.101924 0.288744 0.0011806
0 0.307373 0.982212 0.05035 0.0346916 0.0010929
0 0.407502 0.226182 0.0880562 0.281952 0.00108014
0 0.310832 0.979218 0.0649764 0.0415643 0.00104839
0 0.0891475 0.140063 0.0850426 0.269595 0.00103213
