0 0.317648 0.94066 0.0863612 0.11868 0.888036
0 0.416591 0.914005 0.0924204 0.171824 0.862092
0 0.249902 0.948425 0.0730793 0.10315 0.848365
0 0.517571 0.892324 0.1082 0.213298 0.797731
0 0.30289 0.287483 0.100214 0.279795 0.332914
0 0.266528 0.148771 0.0718762 0.247059 0.266228
0 0.293053 0.219064 0.0973048 0.32798 0.0827891
0 0.274607 0.195115 0.0861021 0.279629 0.0314339
0 0.250868 0.137094 0.0748913 0.252416 0.0202914
0 0.109458 0.198844 0.0928462 0.316328 0.0187328
0 0.419338 0.249165 0.0558494 0.252941 0.00957085
0 0.37297 0.280647 0.100757 0.304559 0.00601241
0 0.280937 0.132062 0.0729012 0.25563 0.00553216
0 0.156007 0.21382 0.124366 0.29289 0.00434623
0 0.354859 0.301502 0.0886953 0.283164 0.00352057
0 0.934852 0.0432636 0.0664158 0.0849626 0.00325664
0 0.291597 0.186226 0.0786657 0.228002 0.00309785
0 0.329918 0.302467 0.0955224 0.287149 0.0012714
0 0.312663 0.197007 0.0927976 0.302558 0.00120623
0 0.548728 0.879965 0.0768177 0.24007 0.00114294
0 0.265292 0.245281 0.106811 0.332482 0.0010929
0 0.218285 0.16404 0.0840114 0.27742 0.00102805
