0 0.926485 0.390836 0.0910584 0.226613 0.891599
0 0.900015 0.527172 0.0782528 0.218713 0.761988
0 0.305247 0.240579 0.08385 0.295642 0.269828
0 0.117242 0.194785 0.0940535 0.2941 0.217506
0 0.417129 0.247479 0.0556184 0.256016 0.154791
0 0.358436 0.281959 0.0912225 0.307838 0.0594268
0 0.315579 0.30089 0.10071 0.293349 0.0461676
0 0.254045 0.151953 0.0837682 0.270821 0.0451998
0 0.0997548 0.166914 0.0938054 0.292826 0.0322183
0 0.274432 0.18311 0.0843274 0.284004 0.0136391
0 0.233024 0.136424 0.0932862 0.260601 0.0101627
0 0.207426 0.152224 0.0926759 0.268507 0.00755361
0 0.268187 0.123126 0.0667144 0.241906 0.00739228
0 0.139511 0.209862 0.10331 0.298347 0.00588121
0 0.404152 0.270299 0.0697973 0.27861 0.00569571
0 0.37726 0.258291 0.0877189 0.285302 0.00530915
0 0.246876 0.211527 0.087754 0.279525 0.00502583
0 0.293841 0.196253 0.0873916 0.281355 0.00446321
0 0.221086 0.19367 0.0966001 0.294181 0.00276851
0 0.284366 0.122535 0.0637176 0.239173 0.00212602
0 0.444525 0.231119 0.0944962 0.254376 0.00196349
0 0.115181 0.127306 0.0830336 0.254613 0.00163219
0 0.194803 0.19453 0.106883 0.298513 0.00154178
0 0.0857789 0.136118 0.0832818 0.26591 0.00148728
0 0.171377 0.219835 0.111303 0.294852 0.00126728
0 0.347032 0.329428 0.0848878 0.262103 0.00109391
