0 0.697099 0.277284 0.0867056 0.248905 0.863536
0 0.306641 0.291585 0.0932364 0.29827 0.417718
0 0.281885 0.181974 0.0768014 0.276283 0.177514
0 0.29675 0.225706 0.0926116 0.307787 0.160569
0 0.26823 0.154267 0.0747652 0.280747 0.028259
0 0.0953164 0.148345 0.0997559 0.269642 0.0221047
0 0.408207 0.24556 0.0722799 0.263954 0.0125336
0 0.278287 0.121784 0.0658161 0.225135 0.0065086
0 0.3817 0.241942 0.106056 0.281713 0.00369267
0 0.0709781 0.136938 0.0923444 0.260501 0.0036413
0 0.112949 0.124413 0.0872493 0.248826 0.00343645
0 0.325543 0.258322 0.107595 0.308511 0.00283459
0 0.267521 0.21454 0.0886414 0.317325 0.00194692
0 0.359057 0.216114 0.095739 0.298024 0.00186023
0 0.200137 0.147002 0.0833472 0.250996 0.00172592
0 0.246917 0.149327 0.0847007 0.274317 0.0016678
0 0.315619 0.197824 0.0884939 0.323434 0.0013386
0 0.113479 0.193295 0.102659 0.292763 0.00126084
0 0.0954341 0.114741 0.0745186 0.229482 0.00122453
0 0.326002 0.330796 0.127685 0.313759 0.00104679
