0 0.136567 0.315473 0.0767897 0.268355 0.865434
0 0.0668155 0.334373 0.0721277 0.257848 0.858455
0 0.268932 0.144715 0.0660689 0.254269 0.543696
0 0.304528 0.259422 0.0958466 0.327043 0.423491
0 0.138995 0.224584 0.0754511 0.256212 0.410531
0 0.203948 0.150706 0.0776708 0.276166 0.289581
0 0.283389 0.183471 0.0726598 0.255763 0.197469
0 0.418606 0.249704 0.0517952 0.2502 0.130997
0 0.218518 0.173746 0.0814157 0.280635 0.0448694
0 0.254483 0.176747 0.0842054 0.271815 0.0384054
0 0.621736 0.908466 0.077058 0.179556 0.0328505
0 0.374583 0.261424 0.0935453 0.302623 0.0316019
0 0.324982 0.287263 0.0844573 0.281161 0.00949218
0 0.357963 0.28883 0.079841 0.273181 0.00792717
0 0.230032 0.21132 0.0813629 0.288316 0.00754872
0 0.606589 0.0835247 0.106334 0.166585 0.00683168
0 0.124885 0.198434 0.0752742 0.262459 0.00474762
0 0.399359 0.252891 0.0885914 0.281751 0.00353439
0 0.230901 0.136969 0.0747491 0.26167 0.0034842
0 0.304538 0.190299 0.0842109 0.26971 0.0034101
0 0.30487 0.242856 0.0764222 0.228794 0.00247978
0 0.247659 0.125348 0.0718044 0.250697 0.00244302
0 0.121962 0.124081 0.0766623 0.2201 0.00220353
0 0.189653 0.179153 0.0890529 0.290925 0.00143659
0 0.307995 0.296247 0.0823812 0.228264 0.00128271
0 0.346884 0.246841 0.0798841 0.302882 0.00119765
0 0.136092 0.227525 0.0745257 0.16327 0.0011914
