0 0.599866 0.894784 0.0829934 0.2079 0.88934
0 0.525496 0.891631 0.100565 0.214373 0.884348
0 0.376343 0.712277 0.102068 0.368494 0.847776
0 0.156888 0.92312 0.0980247 0.152429 0.72172
0 0.261141 0.512838 0.0584816 0.232267 0.566434
0 0.182985 0.921815 0.0432426 0.15276 0.340874
0 0.395078 0.147634 0.105588 0.245131 0.233586
0 0.733275 0.0388494 0.0399037 0.0734887 0.0330168
0 0.121826 0.927137 0.0363435 0.145159 0.0274447
0 0.249032 0.532788 0.0844205 0.277505 0.0146196
0 0.0561153 0.260317 0.10145 0.27822 0.00607009
0 0.13401 0.922934 0.0627021 0.152973 0.00544133
0 0.283904 0.337261 0.0874074 0.314698 0.00507337
0 0.413731 0.177 0.0980261 0.294429 0.00304406
0 0.720821 0.0404458 0.0601302 0.075556 0.002627
0 0.354976 0.29955 0.0806697 0.284582 0.00201592
0 0.965749 0.0214666 0.0653492 0.0418561 0.00158746
0 0.478476 0.30861 0.125717 0.289163 0.00130623
0 0.113593 0.919543 0.0631187 0.159443 0.00128022
0 0.186909 0.922967 0.0796465 0.154067 0.00126011
