0 0.868467 0.656865 0.142444 0.328005 0.859209
0 0.694822 0.957816 0.0913107 0.0839053 0.693172
0 0.26153 0.515917 0.0635729 0.226966 0.624285
0 0.55722 0.958586 0.0854751 0.08201 0.602513
0 0.145988 0.680842 0.058849 0.325177 0.0126147
0 0.0862237 0.989485 0.0544997 0.0210294 0.00779443
0 0.554641 0.958388 0.0481883 0.0819155 0.00427936
0 0.580436 0.95612 0.11333 0.0877595 0.00357881
0 0.670273 0.961891 0.126972 0.0762184 0.00285854
0 0.329066 0.34622 0.0796741 0.337533 0.00235972
0 0.697274 0.957763 0.0482657 0.0844736 0.00232584
0 0.966606 0.0194585 0.062656 0.0378371 0.00145702
0 0.038629 0.22427 0.0735058 0.256284 0.00137845
0 0.733154 0.0394101 0.0379243 0.0736885 0.00137314
0 0.53692 0.954885 0.0824818 0.0884259 0.0011359
