0 0.554733 0.306831 0.103172 0.321606 0.870516
0 0.260695 0.512893 0.066411 0.227613 0.701529
0 0.662714 0.0988645 0.0656245 0.193629 0.0644841
0 0.733015 0.0359247 0.0365336 0.0676011 0.0247718
0 0.287914 0.341859 0.0835224 0.316347 0.0079692
0 0.0344289 0.219059 0.0675569 0.271933 0.00642324
0 0.0855646 0.989131 0.0490481 0.0217388 0.00276625
0 0.96756 0.0224713 0.0622925 0.0442025 0.00214704
0 0.259249 0.546815 0.0878985 0.309196 0.00200934
0 0.317525 0.347949 0.0972005 0.337767 0.00161981
0 0.682128 0.0976668 0.06856 0.193527 0.00155523
0 0.0236389 0.196162 0.0463452 0.268808 0.00120405
