0 0.555014 0.10039 0.102007 0.196909 0.881403
0 0.259614 0.519968 0.0721506 0.243899 0.63697
0 0.729406 0.040187 0.0428322 0.074916 0.0152841
0 0.0529734 0.246052 0.0989566 0.288161 0.00856415
0 0.990129 0.774576 0.0189737 0.142062 0.0064185
0 0.983707 0.805754 0.0315746 0.217304 0.00265098
0 0.994004 0.792493 0.0115252 0.102408 0.00254426
0 0.695064 0.0969112 0.0868446 0.192963 0.00218866
0 0.990973 0.819059 0.0173983 0.19507 0.00192492
0 0.254297 0.545636 0.0979175 0.301809 0.00167326
0 0.742166 0.0367705 0.0505152 0.0716909 0.00151317
