0 0.759428 0.879169 0.107939 0.241662 0.890738
0 0.453918 0.51788 0.0933414 0.322006 0.878367
0 0.261589 0.515955 0.0651129 0.235095 0.640916
0 0.733825 0.0393236 0.0404127 0.0756136 0.0821399
0 0.142903 0.694871 0.0635228 0.318163 0.00722844
0 0.748179 0.0400165 0.0564604 0.0780647 0.00299638
0 0.145769 0.734089 0.051527 0.23183 0.00267937
0 0.320575 0.346034 0.0774726 0.339299 0.0011177
0 0.254348 0.542498 0.0891541 0.294302 0.00110179
0 0.720051 0.0380293 0.0618312 0.0714531 0.00109233
0 0.965743 0.0216182 0.064995 0.0426113 0.0010326
