0 0.767034 0.789373 0.112855 0.31595 0.851584
0 0.0397032 0.905515 0.0739021 0.187613 0.841658
0 0.262801 0.510988 0.0583517 0.220897 0.617327
0 0.148099 0.695193 0.0543905 0.300929 0.0272781
0 0.263862 0.557374 0.0775958 0.322771 0.00818359
0 0.0527635 0.258964 0.0945401 0.285594 0.0046274
0 0.281557 0.332562 0.0856309 0.314498 0.00332183
0 0.0377144 0.224112 0.0740314 0.291666 0.00182652
0 0.733804 0.0391081 0.0380165 0.0732956 0.00166583
0 0.329941 0.347019 0.0774951 0.337126 0.00148976
0 0.145916 0.746392 0.0481729 0.200043 0.00124539
