0 0.770776 0.318908 0.121111 0.320656 0.894861
0 0.681347 0.253208 0.0938944 0.305747 0.858354
0 0.564086 0.238031 0.0987113 0.322801 0.777924
0 0.146606 0.683862 0.0690028 0.326087 0.650322
0 0.263736 0.510886 0.0607336 0.221645 0.638383
0 0.590085 0.226601 0.0738413 0.322389 0.0152539
0 0.282677 0.329848 0.0875047 0.313071 0.0130308
0 0.734548 0.038209 0.0401648 0.0715623 0.0102419
0 0.330533 0.325653 0.0831758 0.31775 0.00548263
0 0.600945 0.214681 0.0508349 0.280516 0.00252703
0 0.145548 0.732701 0.0581211 0.227419 0.0022513
0 0.086005 0.98925 0.0560088 0.0215009 0.00210168
0 0.258474 0.543345 0.0764563 0.299474 0.00186471
0 0.304475 0.310759 0.0930103 0.310193 0.00112336
