0 0.882893 0.822752 0.0938251 0.342671 0.832506
0 0.845591 0.543633 0.0875361 0.323671 0.804411
0 0.259886 0.515849 0.0677525 0.23016 0.761276
0 0.818929 0.475035 0.0868435 0.370674 0.556818
0 0.955528 0.972718 0.0688139 0.0542662 0.347309
0 0.1453 0.726761 0.0548134 0.241775 0.0344953
0 0.73023 0.0363617 0.0396886 0.0688162 0.00673267
0 0.152866 0.686687 0.0576587 0.326685 0.00486349
0 0.824086 0.403223 0.0887863 0.240449 0.00456883
0 0.809818 0.533158 0.0785767 0.310893 0.00244192
0 0.794732 0.0415429 0.0825214 0.0811335 0.00231828
0 0.0859027 0.989317 0.048355 0.0213657 0.00200388
0 0.81866 0.038906 0.0762056 0.0753946 0.00194433
0 0.801992 0.446078 0.083918 0.333422 0.0019437
0 0.956312 0.958443 0.0743292 0.0733075 0.00142568
