0 0.425508 0.829219 0.0940952 0.341562 0.890796
0 0.504613 0.833194 0.0955795 0.312238 0.881752
0 0.559219 0.102512 0.101414 0.200026 0.864415
0 0.957774 0.744441 0.0820475 0.239491 0.856258
0 0.259738 0.526119 0.0728807 0.25599 0.580725
0 0.144621 0.690721 0.0627944 0.318262 0.127517
0 0.670511 0.0963993 0.0659823 0.186716 0.0151055
0 0.322343 0.343361 0.0712089 0.310257 0.0100756
0 0.144171 0.741001 0.0553316 0.214942 0.0066288
0 0.0852109 0.988798 0.0489234 0.0224046 0.00552956
0 0.729127 0.036169 0.0456695 0.0698189 0.00227405
0 0.9397 0.741672 0.0715218 0.228427 0.00226348
0 0.285329 0.33918 0.0937725 0.315985 0.00104782
0 0.975916 0.730464 0.0474651 0.218575 0.00103659
