0 0.319436 0.740672 0.11503 0.315532 0.900204
0 0.449419 0.706181 0.0871445 0.346511 0.856744
0 0.983268 0.302599 0.0334644 0.295741 0.798004
0 0.263696 0.506672 0.0606752 0.217656 0.760892
0 0.0515981 0.254777 0.0997714 0.28581 0.00630561
0 0.279897 0.341105 0.0856683 0.329114 0.00554821
0 0.97363 0.303722 0.0490723 0.307975 0.00368569
0 0.988717 0.326923 0.0224932 0.27977 0.00346912
0 0.149432 0.690679 0.0672635 0.332586 0.00145751
0 0.256249 0.541591 0.0832962 0.2948 0.00118932
0 0.472786 0.711444 0.105326 0.337369 0.00105336
0 0.976894 0.302763 0.0462123 0.302299 0.00102998
