0 0.885299 0.789382 0.115129 0.296391 0.840595
0 0.260455 0.50843 0.0668897 0.216284 0.826729
0 0.0689552 0.913742 0.113769 0.170324 0.652958
0 0.14723 0.680688 0.0579595 0.322312 0.204659
0 0.0954548 0.958044 0.0827919 0.0829558 0.0448073
0 0.0817907 0.939439 0.115632 0.118779 0.0272496
0 0.730979 0.0359593 0.0387684 0.068507 0.0177652
0 0.663398 0.0998321 0.0717672 0.195246 0.00259886
0 0.146975 0.732864 0.0503576 0.220764 0.00193631
0 0.321418 0.325415 0.0848609 0.310158 0.00178692
0 0.0501089 0.923876 0.0796135 0.150317 0.00176924
