0 0.473513 0.806244 0.105636 0.327924 0.82345
0 0.26105 0.516877 0.0695095 0.235287 0.558238
0 0.281314 0.333549 0.0841608 0.319333 0.0798
0 0.733767 0.0390059 0.038498 0.0729606 0.012195
0 0.0865266 0.989398 0.0490622 0.0212032 0.00824496
0 0.302127 0.349443 0.0946153 0.345315 0.00315799
0 0.324635 0.338937 0.0885009 0.326162 0.00251171
0 0.255517 0.550671 0.0891641 0.312366 0.00186154
0 0.0907354 0.990128 0.0269474 0.0197434 0.00151708
0 0.47153 0.776377 0.0891948 0.22897 0.00150526
0 0.0962614 0.99029 0.0457601 0.0184991 0.00128101
0 0.0392205 0.249151 0.0774376 0.28189 0.00100262
