0 0.808296 0.281489 0.114129 0.319645 0.863148
0 0.916494 0.134171 0.0762318 0.262916 0.793235
0 0.258476 0.516022 0.0713114 0.232126 0.790545
0 0.966072 0.123115 0.0661388 0.235896 0.661152
0 0.94268 0.131214 0.111198 0.262429 0.210382
0 0.146685 0.681891 0.0605366 0.32195 0.101545
0 0.69979 0.0988998 0.100978 0.195816 0.00574177
0 0.14538 0.732848 0.0520416 0.222768 0.00201748
0 0.281528 0.332648 0.085598 0.311742 0.0017053
0 0.0496444 0.254741 0.0908144 0.276926 0.00164149
0 0.8446 0.0489723 0.0892929 0.0945304 0.00155173
0 0.321146 0.346584 0.0793973 0.342752 0.00152782
0 0.785233 0.0414391 0.0838904 0.0801258 0.00141662
0 0.959355 0.0699022 0.0801546 0.134166 0.00129525
0 0.970555 0.0581525 0.0586308 0.112985 0.0012126
0 0.865758 0.0468994 0.0572371 0.085081 0.00108814
