0 0.751893 0.878729 0.112381 0.242543 0.88501
0 0.0625537 0.940109 0.085495 0.119472 0.852838
0 0.34336 0.14837 0.100232 0.272179 0.716809
0 0.26133 0.515691 0.0676754 0.235026 0.617189
0 0.572114 0.981123 0.0622873 0.0375313 0.0373579
0 0.145172 0.753345 0.0541231 0.192322 0.0175291
0 0.335145 0.212812 0.12056 0.329571 0.0105647
0 0.14392 0.689635 0.0626527 0.321944 0.00817066
0 0.734343 0.036285 0.0385911 0.068906 0.0069324
0 0.772367 0.037142 0.086258 0.071644 0.00432658
0 0.318425 0.135694 0.11109 0.256619 0.00260651
0 0.575853 0.983451 0.042447 0.0325573 0.00220984
0 0.747606 0.0358173 0.0627358 0.0688277 0.00216207
0 0.579991 0.974742 0.0757896 0.050516 0.00182467
0 0.072818 0.945094 0.0460831 0.107513 0.00104283
