0 0.67347 0.119175 0.136737 0.235618 0.865106
0 0.264029 0.518028 0.0659352 0.235663 0.627155
0 0.144921 0.687683 0.0594553 0.319854 0.0501831
0 0.728313 0.0361669 0.0484336 0.0701183 0.0390793
0 0.712194 0.038422 0.0753836 0.076844 0.00643056
0 0.740273 0.0347419 0.0505482 0.0670002 0.00634896
0 0.143947 0.744116 0.0520195 0.202199 0.00411608
0 0.699362 0.109294 0.0987605 0.218047 0.00203735
0 0.292318 0.342341 0.0860533 0.332118 0.00183571
0 0.0860934 0.989456 0.0574741 0.0210881 0.00158576
0 0.26624 0.54752 0.0880672 0.308221 0.00134563
0 0.768256 0.0381834 0.106896 0.0757783 0.00120968
0 0.700855 0.0560015 0.0981141 0.112003 0.00116562
