0 0.536414 0.0937198 0.10664 0.184113 0.865235
0 0.261044 0.517945 0.0613281 0.237113 0.581295
0 0.666344 0.0983739 0.0719296 0.192476 0.348748
0 0.145528 0.690363 0.0638335 0.316094 0.21069
0 0.282784 0.331137 0.0837778 0.308073 0.0197255
0 0.740923 0.0405518 0.048932 0.0775604 0.00938009
0 0.68529 0.0983951 0.0683859 0.191792 0.00767466
0 0.139774 0.737294 0.0583942 0.230249 0.00339262
0 0.0396571 0.222216 0.0762431 0.25795 0.00254021
0 0.646346 0.0980463 0.0848377 0.191534 0.00166673
0 0.257009 0.546816 0.0809428 0.30254 0.00158787
0 0.318404 0.326043 0.0870589 0.308106 0.00123666
