0 0.471439 0.819833 0.119345 0.305427 0.891903
0 0.756215 0.879704 0.100689 0.240448 0.865182
0 0.225117 0.0457185 0.0660896 0.0894566 0.814346
0 0.262298 0.50843 0.064764 0.217405 0.72007
0 0.145086 0.689428 0.0607601 0.321776 0.0426039
0 0.882365 0.067901 0.0888168 0.134121 0.0191057
0 0.733775 0.0369053 0.0394502 0.0705694 0.0119652
0 0.144732 0.746005 0.0538417 0.205995 0.0101138
0 0.618917 0.979847 0.0806655 0.0403064 0.00543086
0 0.90118 0.0611845 0.0767422 0.120306 0.00333208
0 0.0408278 0.240829 0.0807818 0.27332 0.0029807
0 0.500983 0.809955 0.0767625 0.280822 0.00205907
0 0.294319 0.346428 0.0911509 0.333216 0.00185764
0 0.297081 0.414397 0.071343 0.27193 0.00155627
0 0.733275 0.890313 0.090332 0.219374 0.00117607
0 0.328879 0.346602 0.0792387 0.339391 0.00112788
