0 0.732836 0.130876 0.0725745 0.259965 0.879635
0 0.674888 0.0925321 0.0762022 0.180384 0.811611
0 0.258077 0.51752 0.0756897 0.242201 0.689345
0 0.281788 0.336249 0.0822792 0.322048 0.0311403
0 0.709498 0.106158 0.0776312 0.212315 0.0108124
0 0.697275 0.09011 0.0608041 0.18022 0.00735163
0 0.302544 0.35094 0.091058 0.337351 0.00178003
0 0.96771 0.0225727 0.0626888 0.0436915 0.00154781
0 0.325689 0.341742 0.0896575 0.332035 0.00128897
0 0.0852284 0.988609 0.0510321 0.0227824 0.00124043
0 0.652775 0.088355 0.0864003 0.17521 0.00123925
0 0.261749 0.561127 0.0944647 0.332265 0.00120826
