0 0.672464 0.8247 0.0853337 0.325608 0.854233
0 0.536867 0.748609 0.106293 0.324482 0.847283
0 0.263307 0.50934 0.0605926 0.217285 0.727071
0 0.14339 0.691931 0.0671912 0.313563 0.200805
0 0.081123 0.987609 0.0429867 0.0247822 0.00751097
0 0.966261 0.0221798 0.0630657 0.0441868 0.00585918
0 0.320535 0.326785 0.0835624 0.3112 0.00228679
0 0.0896268 0.990115 0.0438198 0.0188577 0.00128138
0 0.143597 0.75149 0.0594136 0.209341 0.00117047
0 0.302333 0.341227 0.0864249 0.326531 0.00112487
0 0.666088 0.0984732 0.065869 0.191779 0.00102017
