0 0.0820125 0.883076 0.10001 0.227397 0.778065
0 0.263894 0.516623 0.0634849 0.229417 0.50468
0 0.137854 0.929124 0.0969266 0.141752 0.272239
0 0.656765 0.100292 0.0741217 0.195116 0.0149816
0 0.0494436 0.914457 0.0623773 0.171086 0.0146563
0 0.285134 0.338878 0.0841098 0.329659 0.0100889
0 0.73272 0.0360482 0.036968 0.06629 0.00783284
0 0.319707 0.32343 0.085439 0.319576 0.00206502
0 0.0361447 0.898374 0.0646562 0.203252 0.0019959
0 0.0608534 0.886267 0.077032 0.223537 0.00196722
0 0.254431 0.542502 0.0915467 0.290034 0.00152973
0 0.295519 0.414907 0.0695823 0.272476 0.00140622
