0 0.753199 0.751517 0.0951129 0.35877 0.852888
0 0.264543 0.515617 0.0610094 0.232808 0.71027
0 0.145775 0.685093 0.068419 0.326542 0.576138
0 0.733048 0.0374745 0.038544 0.0714831 0.0501901
0 0.663958 0.0988325 0.0663116 0.192064 0.00804962
0 0.284604 0.337184 0.0888999 0.322022 0.00798026
0 0.145319 0.737265 0.0582448 0.222108 0.00360977
0 0.0863567 0.988957 0.0480306 0.022086 0.00290504
0 0.320018 0.325547 0.0849281 0.310472 0.00247718
0 0.0402549 0.24543 0.0784368 0.274679 0.00226111
0 0.720205 0.0365072 0.0587579 0.0673782 0.00216541
0 0.748208 0.0376738 0.0532935 0.0730857 0.00192795
0 0.258339 0.546055 0.0798734 0.301132 0.00178512
0 0.296349 0.414763 0.0721501 0.265481 0.00117684
