0 0.822159 0.402004 0.0976498 0.29346 0.899653
0 0.261012 0.515624 0.066685 0.230246 0.685633
0 0.857505 0.0556615 0.0630575 0.108556 0.37019
0 0.88062 0.0557896 0.0897779 0.108595 0.017577
0 0.733368 0.0396038 0.0381677 0.0746289 0.0117269
0 0.280919 0.332956 0.0866996 0.31131 0.0107331
0 0.0547415 0.253893 0.0922564 0.276498 0.00722583
0 0.325519 0.338891 0.0823336 0.31661 0.00175082
0 0.145055 0.680213 0.0646785 0.332835 0.00152862
0 0.96708 0.0217971 0.0614811 0.042533 0.00146581
0 0.837609 0.0515531 0.0828928 0.10181 0.00115327
0 0.302665 0.326236 0.0895453 0.305773 0.00105878
