0 0.463097 0.289724 0.115798 0.31492 0.870029
0 0.259754 0.516241 0.0707687 0.237216 0.653586
0 0.279561 0.334909 0.080337 0.316496 0.106963
0 0.729147 0.0388604 0.0396925 0.0707474 0.0106725
0 0.0460204 0.248398 0.088322 0.294647 0.00641167
0 0.324552 0.339542 0.0795856 0.321751 0.00290639
0 0.672484 0.0965796 0.0655951 0.190519 0.00263432
0 0.301209 0.349576 0.100056 0.350552 0.00123584
0 0.716546 0.0367577 0.0677447 0.0702137 0.00101826
0 0.741022 0.0355667 0.0465428 0.0673755 0.00101612
0 0.258464 0.555282 0.0936943 0.317201 0.00100937
0 0.297663 0.293941 0.0732429 0.255164 0.00100304
