0 0.402648 0.814995 0.1061 0.349313 0.881514
0 0.474367 0.815075 0.0741089 0.321478 0.872051
0 0.937595 0.867634 0.123437 0.26335 0.841932
0 0.818117 0.131379 0.099054 0.257456 0.785062
0 0.264548 0.515314 0.0621 0.230047 0.678218
0 0.840162 0.123872 0.0614752 0.232614 0.348094
0 0.703897 0.0974857 0.092191 0.191482 0.34125
0 0.145808 0.684349 0.0613036 0.326127 0.198817
0 0.282577 0.33677 0.0896328 0.320786 0.0050137
0 0.677275 0.098613 0.0834734 0.19604 0.00493181
0 0.253002 0.541067 0.0912649 0.292811 0.00354471
0 0.145095 0.74431 0.0524105 0.206756 0.00273656
0 0.960314 0.858422 0.0793723 0.258509 0.00205883
0 0.0861628 0.989189 0.048328 0.0216212 0.00196162
0 0.658356 0.0977585 0.0635932 0.191065 0.00184582
0 0.320013 0.347235 0.0789475 0.345764 0.00156307
