0 0.509169 0.625731 0.090466 0.317184 0.882701
0 0.403492 0.598233 0.105037 0.33866 0.881939
0 0.263932 0.51757 0.0568852 0.232645 0.631718
0 0.146533 0.685188 0.0657247 0.327543 0.556119
0 0.290416 0.349768 0.0900584 0.349415 0.0594502
0 0.296336 0.413506 0.0724193 0.264857 0.0591043
0 0.730778 0.0362081 0.0365122 0.0671399 0.0282725
0 0.657938 0.0988664 0.0677539 0.193477 0.0184413
0 0.315174 0.347748 0.0867669 0.352541 0.00739369
0 0.145154 0.735983 0.0571614 0.223455 0.0059393
0 0.273008 0.399462 0.0714046 0.275148 0.00520955
0 0.256873 0.540623 0.0800637 0.288681 0.00300663
0 0.386124 0.637956 0.077975 0.280356 0.00237188
0 0.268345 0.347496 0.0873011 0.348272 0.00120844
