0 0.657158 0.318976 0.124973 0.316447 0.907003
0 0.795386 0.298804 0.094931 0.311396 0.879918
0 0.942063 0.329956 0.104448 0.285565 0.852987
0 0.264097 0.515418 0.0630518 0.230399 0.481148
0 0.282759 0.332205 0.0847404 0.322182 0.318738
0 0.144893 0.691462 0.0651784 0.318324 0.0493005
0 0.31931 0.34001 0.0837037 0.337527 0.00501075
0 0.297025 0.4144 0.0776427 0.270955 0.00270582
0 0.3002 0.310924 0.0843498 0.298718 0.00228224
0 0.139553 0.740261 0.058914 0.219808 0.00187811
0 0.255627 0.542389 0.087894 0.290549 0.00126776
