0 0.809101 0.775824 0.10554 0.334316 0.881687
0 0.92687 0.745232 0.08253 0.330968 0.87912
0 0.722365 0.587464 0.0913735 0.347048 0.869986
0 0.644334 0.626514 0.101482 0.32869 0.856272
0 0.978552 0.681149 0.0428955 0.342267 0.797616
0 0.260554 0.515692 0.0698977 0.236436 0.651577
0 0.279994 0.336905 0.0839573 0.327601 0.0484077
0 0.732666 0.0363482 0.0377604 0.0690812 0.030466
0 0.964558 0.682925 0.0708847 0.338275 0.00757223
0 0.262793 0.55759 0.0986822 0.323851 0.00326652
0 0.965624 0.022051 0.0643374 0.043994 0.0016099
0 0.721184 0.0392579 0.0580835 0.0716405 0.00125247
