0 0.480241 0.818179 0.0744148 0.337907 0.858155
0 0.405744 0.819811 0.0964036 0.354639 0.853296
0 0.261505 0.517137 0.0647767 0.236375 0.359537
0 0.144598 0.685064 0.0619513 0.32539 0.0495822
0 0.441272 0.822948 0.123497 0.349569 0.0192143
0 0.732937 0.0366831 0.0389518 0.0703359 0.0175721
0 0.283236 0.335118 0.0899998 0.317316 0.0103122
0 0.14544 0.734022 0.0532389 0.227149 0.00187418
0 0.246162 0.532 0.0852206 0.271631 0.00161382
0 0.966165 0.020875 0.06292 0.0407243 0.00155772
0 0.262091 0.558245 0.0955783 0.324622 0.00101437
