0 0.398014 0.72731 0.0807016 0.297508 0.865725
0 0.890181 0.58673 0.101386 0.346267 0.853172
0 0.434389 0.783143 0.118648 0.318973 0.852805
0 0.260016 0.517395 0.0686578 0.232781 0.718199
0 0.412399 0.760583 0.100006 0.319761 0.155588
0 0.147609 0.682288 0.0626435 0.321177 0.0639397
0 0.0553019 0.260427 0.0993888 0.281237 0.0154008
0 0.733548 0.0354332 0.0342279 0.0669998 0.0112293
0 0.257502 0.543863 0.0895505 0.297617 0.00432373
0 0.989415 0.977918 0.0206738 0.0441636 0.00379823
0 0.295512 0.346292 0.0859397 0.339633 0.00335154
0 0.320269 0.343773 0.0838554 0.340768 0.00155502
0 0.0858855 0.98933 0.0524482 0.0213404 0.00139304
0 0.989727 0.950263 0.0195244 0.0994746 0.00124488
0 0.987118 0.966376 0.0243521 0.0672474 0.0011807
0 0.462491 0.765188 0.100434 0.309798 0.00117298
0 0.8193 0.0407424 0.0745265 0.0792971 0.0010345
0 0.980877 0.981482 0.038246 0.0339159 0.00103309
