0 0.576209 0.852597 0.110744 0.294807 0.8949
0 0.932104 0.434415 0.0712011 0.304284 0.845609
0 0.260284 0.51627 0.071289 0.234777 0.663654
0 0.720123 0.961739 0.0865178 0.0761665 0.22522
0 0.737159 0.953073 0.116824 0.0938547 0.00346359
0 0.733903 0.0386526 0.0403384 0.0723297 0.00324899
0 0.0862871 0.989227 0.0498572 0.0215465 0.00251516
0 0.737772 0.969698 0.101894 0.0604183 0.0024984
0 0.966131 0.0212926 0.0631523 0.041348 0.00212459
0 0.1256 0.967022 0.034705 0.0653639 0.00167531
0 0.795057 0.0449744 0.0725836 0.0873441 0.00148509
0 0.715402 0.963094 0.0480357 0.0732814 0.00114947
0 0.721133 0.932853 0.0967462 0.131224 0.00111575
0 0.954602 0.0250355 0.0694387 0.0498662 0.00109865
0 0.116905 0.976046 0.0482411 0.0474113 0.00100376
