0 0.16897 0.847446 0.12804 0.305108 0.883536
0 0.326922 0.844502 0.0868106 0.305116 0.872155
0 0.984111 0.302357 0.031777 0.291523 0.82062
0 0.259934 0.519192 0.0684042 0.240804 0.71735
0 0.732349 0.0356742 0.0365872 0.0663944 0.159647
0 0.281079 0.342475 0.0798553 0.334295 0.0205604
0 0.197833 0.849572 0.09089 0.300857 0.0123538
0 0.0419283 0.243596 0.0838566 0.277536 0.0104032
0 0.989005 0.325135 0.0219907 0.269104 0.00492899
0 0.668305 0.0988863 0.0639147 0.191994 0.00403159
0 0.329911 0.340305 0.0857002 0.329867 0.00259255
0 0.732954 0.0356053 0.027643 0.0452548 0.00234437
0 0.96976 0.302332 0.0604799 0.296012 0.00168038
0 0.720864 0.0324212 0.0562306 0.0588383 0.00139116
