0 0.373973 0.260019 0.0931651 0.327418 0.835492
0 0.262349 0.512222 0.0610912 0.223295 0.737391
0 0.665581 0.0979636 0.0706733 0.191187 0.0563994
0 0.73323 0.0390185 0.04027 0.0742648 0.0207956
0 0.0462555 0.236922 0.0897095 0.289736 0.00962655
0 0.0859329 0.988942 0.0432312 0.0221156 0.00942694
0 0.352597 0.272816 0.0876297 0.326276 0.003994
0 0.122023 0.967229 0.0286444 0.0652932 0.00360174
0 0.115697 0.977249 0.0430356 0.0445229 0.00212593
0 0.39894 0.272957 0.0841062 0.329591 0.00146788
0 0.0904482 0.98982 0.0263243 0.0203609 0.00124851
0 0.293434 0.345289 0.0874939 0.323519 0.00121201
0 0.0660279 0.257088 0.0977748 0.262192 0.00111465
