0 0.907899 0.682173 0.0908632 0.333782 0.876891
0 0.584331 0.705883 0.13637 0.325691 0.783482
0 0.262319 0.521455 0.0635698 0.247565 0.667535
0 0.514208 0.655901 0.116036 0.350251 0.535391
0 0.840902 0.0575865 0.070886 0.11032 0.0899508
0 0.144871 0.70318 0.0563322 0.284335 0.0181518
0 0.7338 0.0385665 0.0352357 0.0719416 0.00496017
0 0.863429 0.0580696 0.094862 0.11237 0.00307883
0 0.0862064 0.989452 0.0525067 0.0210966 0.00222102
0 0.283195 0.337217 0.083542 0.320796 0.0020144
0 0.3206 0.326349 0.0869825 0.309633 0.00175486
0 0.540165 0.678624 0.131893 0.293216 0.00139103
