0 0.4099 0.129653 0.0907045 0.253609 0.890343
0 0.511623 0.188293 0.0898599 0.285795 0.873603
0 0.533941 0.13411 0.0870256 0.265899 0.865231
0 0.264535 0.510741 0.0628047 0.224355 0.683348
0 0.733042 0.0367648 0.0383243 0.0693 0.297211
0 0.146321 0.686108 0.0612064 0.324163 0.245091
0 0.659768 0.0974737 0.0714522 0.188894 0.0175351
0 0.282763 0.330924 0.0867166 0.323277 0.0170098
0 0.721077 0.0357659 0.0590711 0.0648279 0.00426751
0 0.733313 0.0362636 0.0278025 0.0453669 0.00343016
0 0.0525556 0.248691 0.0960582 0.288759 0.00307439
0 0.144979 0.742079 0.0530211 0.211375 0.00259256
0 0.747148 0.0374366 0.0544375 0.0715652 0.00142051
