0 0.423023 0.449661 0.0908372 0.325083 0.891859
0 0.984311 0.30168 0.0313779 0.285862 0.756517
0 0.53836 0.388901 0.0903747 0.32297 0.729049
0 0.260516 0.517655 0.0671887 0.234948 0.711922
0 0.0557925 0.252779 0.103878 0.288995 0.198007
0 0.290458 0.345105 0.0872129 0.326835 0.0261431
0 0.322479 0.344234 0.0942923 0.320928 0.00477097
0 0.664888 0.099425 0.0645804 0.192359 0.00432907
0 0.729311 0.0358832 0.0410922 0.0674794 0.00296582
0 0.973011 0.303045 0.0510366 0.296013 0.00216554
0 0.255682 0.541263 0.0902295 0.29402 0.00157409
0 0.0804559 0.273068 0.0941495 0.259936 0.00149773
0 0.989959 0.32613 0.0200405 0.265301 0.0014366
