0 0.418399 0.559768 0.089803 0.323553 0.868015
0 0.318389 0.146676 0.0846069 0.248927 0.680338
0 0.263269 0.517979 0.0597896 0.239061 0.546412
0 0.146126 0.681743 0.0600173 0.324104 0.0654143
0 0.0509338 0.250582 0.0988151 0.299358 0.0332553
0 0.338152 0.158215 0.0844879 0.266365 0.00402296
0 0.301347 0.12281 0.0790999 0.209725 0.00326452
0 0.255632 0.543079 0.0838219 0.301942 0.0029946
0 0.0348359 0.218802 0.0681644 0.255969 0.00254872
0 0.0866277 0.989323 0.0531719 0.0213541 0.00249061
0 0.322025 0.200458 0.102869 0.348847 0.00140087
