0 0.420875 0.818012 0.0990311 0.354561 0.87557
0 0.500567 0.820947 0.0804446 0.328406 0.870637
0 0.36158 0.912452 0.102533 0.174262 0.869805
0 0.261857 0.517469 0.0607 0.22938 0.456078
0 0.771705 0.0415827 0.0969577 0.0809118 0.381463
0 0.792472 0.0431835 0.0715124 0.0849964 0.107239
0 0.0870442 0.989062 0.0479007 0.0218732 0.0110257
0 0.743173 0.0374745 0.0623876 0.0726389 0.0105562
0 0.255566 0.557559 0.0816404 0.314838 0.00951546
0 0.81487 0.0433158 0.0994208 0.0834951 0.00872318
0 0.730785 0.0359786 0.0446469 0.0693213 0.0043979
0 0.319744 0.346204 0.0764968 0.334875 0.00222336
0 0.439327 0.83634 0.0875315 0.32732 0.0015112
0 0.143621 0.682895 0.0732006 0.332551 0.00137276
0 0.087084 0.988903 0.0283729 0.0221936 0.00123894
