0 0.706596 0.122212 0.145655 0.242162 0.875571
0 0.259407 0.518938 0.0712271 0.239826 0.72183
0 0.144571 0.686897 0.06531 0.32233 0.315234
0 0.282734 0.342123 0.0932552 0.329329 0.0122477
0 0.143455 0.743537 0.0566391 0.206902 0.00972739
0 0.319535 0.349508 0.0764355 0.349183 0.00684156
0 0.877525 0.0635829 0.103081 0.125206 0.00642817
0 0.823292 0.075954 0.0702068 0.148783 0.00551008
0 0.849608 0.0522582 0.0907822 0.103186 0.001203
0 0.307639 0.403639 0.0842821 0.276415 0.00117255
0 0.706097 0.119632 0.0903519 0.229794 0.00109887
