0 0.534778 0.869514 0.0800105 0.260972 0.873331
0 0.261047 0.516215 0.0614143 0.234077 0.620863
0 0.143417 0.725382 0.0612204 0.247042 0.0549349
0 0.733143 0.0362405 0.0384583 0.0686722 0.0149841
0 0.140363 0.68692 0.0812778 0.325997 0.00770525
0 0.821789 0.0377093 0.0727331 0.0731594 0.00391463
0 0.256364 0.54685 0.0885818 0.304625 0.00268533
0 0.329655 0.326083 0.0826295 0.306761 0.00203749
0 0.792179 0.0372951 0.0823957 0.0719092 0.00175596
0 0.281957 0.333189 0.0846841 0.313363 0.00171946
0 0.456004 0.960624 0.0781258 0.0768471 0.00132333
