0 0.577288 0.198491 0.102014 0.323946 0.88558
0 0.735371 0.961661 0.0673425 0.0765824 0.771438
0 0.264043 0.511284 0.0599797 0.22236 0.747229
0 0.669904 0.0999734 0.064677 0.195014 0.047991
0 0.281729 0.339123 0.0834719 0.327749 0.0168567
0 0.0532506 0.245356 0.102299 0.299305 0.0124067
0 0.0851662 0.988884 0.0528377 0.0222313 0.00145405
0 0.993511 0.365494 0.0124968 0.16455 0.00124585
0 0.301649 0.351155 0.0936121 0.33846 0.00120124
0 0.713877 0.960262 0.0973114 0.0794766 0.00113765
0 0.753941 0.963808 0.0970339 0.0701495 0.00113183
