0 0.814573 0.498902 0.102964 0.335771 0.894374
0 0.926985 0.429189 0.0860113 0.345224 0.844932
0 0.747484 0.966496 0.0658504 0.0667893 0.808704
0 0.261578 0.516274 0.0651971 0.235392 0.578991
0 0.671489 0.986226 0.0481585 0.0275486 0.047867
0 0.666712 0.982652 0.0639103 0.0344257 0.0264633
0 0.671857 0.986375 0.0280116 0.0272498 0.00447361
0 0.0868186 0.989147 0.0497053 0.0217056 0.00194722
0 0.279866 0.337359 0.0823213 0.32611 0.00151058
0 0.64914 0.980488 0.097909 0.0390234 0.00143897
0 0.669132 0.972838 0.0675698 0.0534084 0.00141313
0 0.254217 0.543296 0.0931726 0.301733 0.00140272
0 0.671909 0.989582 0.0389083 0.0197053 0.00138603
0 0.756233 0.97629 0.0658151 0.0474194 0.00116887
0 0.685038 0.980931 0.0692023 0.0381376 0.00111715
0 0.965476 0.0215123 0.0644873 0.0418823 0.00100498
