0 0.688822 0.530345 0.117273 0.338088 0.889767
0 0.0216941 0.964987 0.0422868 0.0681694 0.70526
0 0.963893 0.78464 0.0714521 0.25096 0.644454
0 0.260972 0.516816 0.0685818 0.235303 0.585535
0 0.143871 0.686015 0.0616217 0.320735 0.114137
0 0.0215025 0.964944 0.0290429 0.0450319 0.0051461
0 0.142929 0.740673 0.0544513 0.212195 0.00353629
0 0.319886 0.325607 0.0861695 0.31418 0.00199845
0 0.966393 0.0204057 0.0639484 0.0398724 0.00163259
0 0.0126077 0.95974 0.0237063 0.0796863 0.00144826
0 0.733593 0.0390405 0.0374775 0.0737887 0.00127301
0 0.966388 0.740662 0.0650219 0.167989 0.00119479
0 0.960028 0.842092 0.0683353 0.263118 0.00107222
