0 0.402982 0.259348 0.089954 0.296399 0.884788
0 0.470329 0.0998954 0.0828921 0.195819 0.870819
0 0.529524 0.0662553 0.079051 0.130707 0.868332
0 0.360544 0.0833054 0.0825162 0.163049 0.853417
0 0.29572 0.044802 0.0609831 0.0873208 0.741039
0 0.258862 0.522522 0.0724667 0.25224 0.531397
0 0.326269 0.235901 0.0919795 0.270189 0.250406
0 0.733903 0.038194 0.0371796 0.0716278 0.0351381
0 0.284305 0.346554 0.0849762 0.323776 0.0098939
0 0.960672 0.0216754 0.0712948 0.0429351 0.00441265
0 0.312242 0.0482876 0.0792991 0.0944438 0.00370292
0 0.313814 0.198979 0.077549 0.261006 0.00324546
0 0.275608 0.0438501 0.0891315 0.0853092 0.00265553
0 0.201204 0.0186003 0.0671656 0.0344596 0.00247586
0 0.342473 0.0545396 0.062904 0.106324 0.00221772
0 0.216106 0.0219797 0.0794581 0.0429632 0.00163428
0 0.953892 0.0154923 0.0655481 0.0308806 0.00138901
0 0.0863104 0.989434 0.052901 0.0211312 0.0013707
0 0.661834 0.0989585 0.0722161 0.193965 0.00131541
