0 0.905338 0.663926 0.103438 0.328259 0.866546
0 0.192992 0.907524 0.092938 0.184449 0.828853
0 0.262183 0.515074 0.0593196 0.232382 0.571918
0 0.0388247 0.948328 0.0768376 0.103343 0.440399
0 0.728435 0.0353205 0.0450359 0.0687623 0.0193945
0 0.0269386 0.954543 0.0525299 0.0896891 0.0148712
0 0.017433 0.949145 0.0347442 0.0981593 0.00503732
0 0.283471 0.336156 0.0890841 0.320997 0.00359738
0 0.129466 0.123696 0.0903209 0.182591 0.00353873
0 0.0614426 0.945843 0.103285 0.107046 0.00307518
0 0.163088 0.908822 0.110991 0.182356 0.00283677
0 0.255491 0.541852 0.0799891 0.292238 0.00247618
0 0.320541 0.325094 0.0867976 0.314602 0.00141847
0 0.663155 0.0989169 0.070468 0.1938 0.00132077
0 0.0396472 0.949111 0.0477232 0.0985969 0.0012919
0 0.010219 0.949288 0.0195012 0.0973559 0.00101222
