0 0.866413 0.589293 0.130434 0.352188 0.857515
0 0.946863 0.956836 0.0959753 0.0854207 0.632124
0 0.260704 0.517172 0.072215 0.240191 0.55944
0 0.733533 0.0386273 0.0375575 0.0724658 0.165164
0 0.990024 0.954485 0.0197105 0.0891905 0.107906
0 0.920669 0.95748 0.115734 0.0850399 0.0161665
0 0.281997 0.34281 0.0869943 0.32727 0.00407258
0 0.993375 0.960523 0.0132497 0.0789546 0.00323103
0 0.720263 0.0378001 0.0619132 0.0699753 0.00276956
0 0.987547 0.939451 0.0229877 0.112931 0.00260778
0 0.318049 0.349248 0.0985528 0.353233 0.00249526
0 0.952357 0.956747 0.047945 0.0865065 0.00244047
0 0.984594 0.952088 0.0308126 0.0948564 0.00198905
0 0.265528 0.559913 0.10031 0.328307 0.00192711
0 0.747366 0.0384153 0.0528526 0.0744537 0.00184791
0 0.733637 0.0370834 0.0273032 0.0453867 0.00162952
0 0.990146 0.956097 0.0195309 0.045059 0.00137717
