0 0.263416 0.449804 0.12363 0.289408 0.677642
0 0.25915 0.9518 0.0916996 0.0952826 0.635362
0 0.256865 0.925123 0.0828052 0.145389 0.403421
0 0.238819 0.944858 0.117799 0.110284 0.00802887
0 0.278626 0.946835 0.092913 0.10473 0.00540462
0 0.239598 0.443307 0.0967855 0.267681 0.00290141
0 0.287438 0.46977 0.10968 0.308965 0.00141198
0 0.277246 0.403118 0.110348 0.195996 0.00133868
0 0.260311 0.887236 0.0715722 0.0612899 0.00130242
0 0.260255 0.952764 0.0477866 0.0905673 0.00118113
0 0.265276 0.904058 0.0741824 0.108234 0.00112754
0 0.239475 0.956224 0.0839564 0.0875528 0.00107003
