0 0.770331 0.457498 0.105876 0.314761 0.885543
0 0.0415751 0.635709 0.0818199 0.298308 0.745058
0 0.251662 0.586968 0.0401535 0.208227 0.280775
0 0.0400356 0.578269 0.077863 0.190242 0.027429
0 0.241946 0.584992 0.0398448 0.21005 0.0061309
0 0.237183 0.528743 0.0272996 0.107672 0.00415263
0 0.0207766 0.571752 0.04033 0.177074 0.00389245
0 0.26118 0.577942 0.0676531 0.23364 0.00223895
0 0.0249798 0.620528 0.0499595 0.278175 0.00218077
0 0.145807 0.644908 0.0474807 0.187404 0.00208793
0 0.0180933 0.986917 0.0343832 0.0261667 0.00198699
0 0.343799 0.629444 0.109626 0.302513 0.00167643
0 0.284957 0.571712 0.112978 0.257437 0.00131252
0 0.0131714 0.569889 0.0232273 0.168627 0.00109502
