0 0.180949 0.218354 0.0977648 0.285757 0.893834
0 0.252591 0.722097 0.11298 0.320779 0.838275
0 0.441135 0.799768 0.0900935 0.362146 0.682846
0 0.394366 0.784714 0.0754079 0.344151 0.610419
0 0.776103 0.037713 0.0467316 0.0753712 0.0870422
0 0.417158 0.778692 0.0944894 0.336095 0.0159513
0 0.369444 0.781265 0.118181 0.33924 0.0102501
0 0.76777 0.0465081 0.0600971 0.0904567 0.00143822
0 0.276315 0.752768 0.134872 0.312031 0.00139166
0 0.390519 0.716661 0.116014 0.226026 0.00106595
0 0.37681 0.798611 0.0746784 0.328485 0.00103897
