0 0.57942 0.87451 0.097558 0.24827 0.898556
0 0.354691 0.894126 0.0987003 0.211748 0.869878
0 0.746941 0.435611 0.138 0.333349 0.8352
0 0.203421 0.951274 0.121127 0.0962244 0.820877
0 0.550415 0.570983 0.104271 0.259305 0.760639
0 0.0228234 0.971877 0.0456467 0.0557143 0.40853
0 0.0664392 0.348929 0.0930571 0.143595 0.140876
0 0.037885 0.96908 0.07577 0.0618395 0.00849144
0 0.0158188 0.968607 0.0293827 0.0605512 0.00587488
0 0.0216751 0.972577 0.0290461 0.0456811 0.00475633
0 0.0263734 0.957108 0.05261 0.078722 0.00276257
0 0.574924 0.585578 0.127539 0.29725 0.00224091
0 0.169349 0.709585 0.0932071 0.195242 0.00168048
0 0.775042 0.420235 0.123565 0.317596 0.00108971
0 0.180819 0.954547 0.0895139 0.0869479 0.00108947
0 0.224759 0.956149 0.0904508 0.0849853 0.00102206
