0 0.407053 0.64667 0.0892901 0.289395 0.880523
0 0.559264 0.524337 0.102383 0.281781 0.818362
0 0.528695 0.967255 0.0912798 0.0639704 0.801983
0 0.761462 0.563713 0.113663 0.233838 0.801787
0 0.049925 0.662203 0.0919457 0.303097 0.794707
0 0.786172 0.731429 0.0830143 0.30577 0.600388
0 0.01865 0.611434 0.0373 0.235042 0.31309
0 0.0151858 0.588488 0.0283195 0.186529 0.0554274
0 0.0327717 0.635166 0.0655433 0.27204 0.041942
0 0.528866 0.967116 0.0481599 0.0632759 0.00647428
0 0.0624056 0.622617 0.0902012 0.233358 0.00469198
0 0.0451681 0.607228 0.0835071 0.212963 0.00324498
0 0.012589 0.644314 0.0239286 0.302266 0.00268669
0 0.60612 0.536593 0.0610589 0.256286 0.00251719
0 0.536763 0.497284 0.0911337 0.240475 0.00167042
0 0.0127671 0.559228 0.0230361 0.143833 0.00120678
0 0.506124 0.970426 0.0770797 0.0588374 0.00106295
