0 0.528956 0.918095 0.0908267 0.162139 0.875365
0 0.764892 0.90922 0.078913 0.18151 0.865662
0 0.655354 0.93164 0.0937843 0.136719 0.859445
0 0.692798 0.868207 0.0661296 0.254589 0.857009
0 0.29802 0.891181 0.114207 0.216538 0.840163
0 0.820296 0.941565 0.0891882 0.116355 0.815933
0 0.798148 0.92947 0.0900618 0.141061 0.0103118
0 0.0312831 0.976928 0.0473972 0.0424637 0.0029316
0 0.321679 0.884211 0.0829491 0.227382 0.00256542
0 0.0209867 0.0695341 0.0375368 0.135965 0.00184685
0 0.676449 0.854925 0.0873775 0.24719 0.00118169
0 0.277054 0.901684 0.0773369 0.190382 0.00111016
0 0.195896 0.973577 0.0777155 0.0528463 0.00110186
