0 0.569021 0.882383 0.10174 0.232277 0.901432
0 0.858312 0.407155 0.11213 0.29615 0.874668
0 0.36554 0.896182 0.106942 0.204001 0.866575
0 0.692291 0.811355 0.0826086 0.225079 0.769425
0 0.210275 0.952267 0.111828 0.0937598 0.663218
0 0.0265769 0.980157 0.0426637 0.0392846 0.143026
0 0.0243149 0.965596 0.0454008 0.0617403 0.00389583
0 0.0387073 0.981992 0.0634573 0.0352728 0.00334271
0 0.0157743 0.979277 0.0296329 0.0406772 0.00329371
0 0.0382111 0.971479 0.0693688 0.0570425 0.00245041
0 0.0271627 0.982423 0.0284996 0.0351545 0.00167507
0 0.236162 0.956376 0.109001 0.0872475 0.00128116
0 0.0206141 0.982087 0.0412282 0.035826 0.00106396
