0 0.779584 0.55847 0.0892004 0.3103 0.861638
0 0.71372 0.498306 0.0746087 0.322376 0.845972
0 0.417455 0.884489 0.100427 0.228948 0.844209
0 0.654808 0.427985 0.0715515 0.320619 0.838854
0 0.348233 0.883548 0.0771424 0.194195 0.831698
0 0.20896 0.555781 0.129767 0.299445 0.800957
0 0.219955 0.638469 0.075476 0.331062 0.220763
0 0.400208 0.871418 0.0698742 0.210182 0.00660841
0 0.615475 0.905523 0.0456469 0.188953 0.00347144
0 0.193624 0.626183 0.115988 0.346307 0.00321829
0 0.382633 0.882063 0.07918 0.210003 0.0015258
0 0.229705 0.588367 0.101731 0.361142 0.00133619
0 0.34013 0.825311 0.0656417 0.0771215 0.00123738
0 0.220802 0.50162 0.0813159 0.216504 0.00110035
0 0.333852 0.900025 0.06731 0.199951 0.0010885
0 0.657522 0.908219 0.0395356 0.180077 0.00108598
