0 0.733901 0.340583 0.107929 0.241175 0.854763
0 0.973249 0.334078 0.0524706 0.253946 0.811238
0 0.272591 0.548007 0.123057 0.344054 0.75893
0 0.518821 0.906636 0.143012 0.185896 0.72878
0 0.856784 0.535015 0.0915268 0.235767 0.641312
0 0.541571 0.904471 0.0869754 0.188843 0.0348136
0 0.983885 0.322787 0.0306459 0.243975 0.00221751
0 0.510655 0.910937 0.0896196 0.176333 0.00166465
0 0.299218 0.525115 0.127038 0.320731 0.00147585
0 0.87298 0.511146 0.0860445 0.195489 0.00134161
0 0.489084 0.916278 0.145338 0.165693 0.00100319
