0 0.551276 0.453031 0.109291 0.240831 0.90464
0 0.674334 0.523729 0.0942811 0.276141 0.902694
0 0.63229 0.775684 0.103304 0.242411 0.629379
0 0.472763 0.965912 0.0737045 0.0681233 0.624595
0 0.649054 0.746351 0.110242 0.254388 0.0381878
0 0.539241 0.98278 0.0604796 0.0344396 0.0150274
0 0.49577 0.972998 0.100278 0.0536213 0.00376466
0 0.529011 0.987014 0.0611125 0.0259713 0.00308753
0 0.451425 0.965097 0.105938 0.0698053 0.00262012
0 0.490918 0.957554 0.103914 0.0824021 0.00193397
0 0.649418 0.709805 0.0985765 0.166574 0.00180795
0 0.527901 0.971873 0.0807569 0.055873 0.00146022
0 0.614107 0.801 0.112059 0.253589 0.00124715
0 0.534431 0.99191 0.0513556 0.0152892 0.00112794
