0 0.220447 0.89502 0.113851 0.208768 0.87816
0 0.431974 0.944035 0.0894536 0.111028 0.85267
0 0.0302554 0.831217 0.059738 0.242795 0.256674
0 0.837292 0.974835 0.0758533 0.0501555 0.172807
0 0.83126 0.964556 0.0906813 0.0693144 0.00970505
0 0.854632 0.972164 0.0943878 0.0556711 0.00809952
0 0.839618 0.977503 0.0462399 0.0443863 0.00719609
0 0.267105 0.631879 0.132043 0.353481 0.00686085
0 0.465446 0.0914096 0.0833373 0.178805 0.00600892
0 0.981768 0.317893 0.0358816 0.26233 0.0055593
0 0.511023 0.0844563 0.0758153 0.16748 0.00520671
0 0.968733 0.317996 0.0619343 0.267616 0.00477558
0 0.82293 0.980239 0.0835935 0.0395219 0.00363855
0 0.81228 0.975405 0.111688 0.0491891 0.00259084
0 0.505487 0.121351 0.0880342 0.239091 0.00257594
0 0.83986 0.982249 0.0654428 0.0343866 0.00208434
0 0.0160994 0.83347 0.0321989 0.239195 0.0012185
0 0.449175 0.11349 0.0783473 0.226035 0.0010988
