0 0.573026 0.877 0.10574 0.245161 0.900816
0 0.356964 0.361718 0.111082 0.282552 0.886161
0 0.354429 0.904584 0.0987412 0.188698 0.875789
0 0.204098 0.954274 0.111011 0.0910476 0.80078
0 0.166851 0.649093 0.0667541 0.244919 0.270254
0 0.0157148 0.980269 0.0305388 0.0391929 0.167814
0 0.0278262 0.977954 0.0535976 0.0440918 0.0044314
0 0.0200726 0.969394 0.0385938 0.059544 0.00378553
0 0.146275 0.654411 0.0900219 0.24556 0.00162508
0 0.0158361 0.952474 0.0304993 0.095053 0.00129678
0 0.16536 0.609552 0.0893592 0.292332 0.00118191
