0 0.650365 0.670898 0.0785507 0.298418 0.839646
0 0.968714 0.710712 0.0593798 0.291983 0.78988
0 0.612158 0.626298 0.0917884 0.292166 0.78319
0 0.973768 0.363137 0.0517529 0.285166 0.773337
0 0.982879 0.786177 0.0331295 0.272675 0.192339
0 0.631991 0.648014 0.0950461 0.303501 0.145472
0 0.983693 0.354163 0.031282 0.278799 0.0124588
0 0.987552 0.815737 0.0235607 0.226036 0.00766619
0 0.972242 0.776229 0.0535156 0.302298 0.00425291
0 0.589581 0.618145 0.0996813 0.276602 0.00149271
0 0.987409 0.742764 0.0233856 0.28881 0.00142082
