0 0.22087 0.844096 0.123741 0.269829 0.862711
0 0.937275 0.405697 0.103286 0.309022 0.825312
0 0.383433 0.708214 0.0494053 0.214547 0.397991
0 0.166188 0.804975 0.102984 0.332812 0.0214458
0 0.371939 0.709415 0.0496604 0.237983 0.0202296
0 0.396213 0.710346 0.0489105 0.212006 0.00538802
0 0.170116 0.845966 0.077229 0.272363 0.00399347
0 0.375191 0.671554 0.0361063 0.174031 0.0032437
0 0.388252 0.708744 0.0792297 0.225338 0.00229559
0 0.481731 0.744271 0.116788 0.370722 0.00172666
0 0.14053 0.792472 0.112849 0.328388 0.00165386
0 0.372335 0.648548 0.029302 0.121309 0.00135714
