0 0.750945 0.840292 0.0944523 0.319417 0.85054
0 0.279786 0.898185 0.0990369 0.202481 0.848448
0 0.941596 0.823584 0.0666767 0.300843 0.807592
0 0.877922 0.732299 0.0823095 0.298741 0.789742
0 0.836644 0.864326 0.0694744 0.270579 0.718453
0 0.89264 0.894791 0.0892946 0.210417 0.698139
0 0.983117 0.866757 0.0334501 0.265334 0.377904
0 0.817646 0.843699 0.0795417 0.268722 0.0374895
0 0.958832 0.827345 0.0698822 0.307869 0.0146633
0 0.0130466 0.965049 0.0254799 0.0684606 0.00970082
0 0.974326 0.836916 0.0510799 0.313904 0.00650823
0 0.853363 0.883189 0.0921158 0.233622 0.00492363
0 0.912674 0.887304 0.0897545 0.22279 0.00359901
0 0.799977 0.862404 0.0644079 0.271828 0.00342853
0 0.987732 0.82554 0.0233566 0.288245 0.00334334
0 0.873426 0.888524 0.0733055 0.21896 0.00245437
0 0.00710621 0.965054 0.0135469 0.0685018 0.00175435
0 0.966703 0.865043 0.0665936 0.269914 0.00114091
