0 0.877418 0.40905 0.0901711 0.288348 0.878248
0 0.645197 0.409303 0.109402 0.245092 0.871476
0 0.813882 0.605867 0.095577 0.242458 0.760267
0 0.0994581 0.574699 0.120686 0.336815 0.521783
0 0.508382 0.907861 0.160122 0.183201 0.457703
0 0.108027 0.545374 0.0847508 0.292394 0.0225572
0 0.0739635 0.598237 0.133213 0.326728 0.0203249
0 0.130187 0.565676 0.11385 0.318377 0.0197861
0 0.541145 0.903886 0.115035 0.192229 0.0137406
0 0.0395869 0.64253 0.0708253 0.264321 0.00340517
0 0.115511 0.498937 0.0849016 0.212941 0.00328302
0 0.507224 0.906214 0.0886246 0.186091 0.00168078
0 0.474224 0.914071 0.116281 0.171858 0.00110939
