0 0.536452 0.676372 0.114908 0.231509 0.747786
0 0.580754 0.0674072 0.111761 0.134814 0.612907
0 0.562846 0.0511172 0.113126 0.102234 0.012339
0 0.599086 0.0475928 0.116912 0.0951856 0.0065406
0 0.581542 0.0353194 0.109532 0.0706387 0.00336331
0 0.371335 0.298474 0.0203282 0.143336 0.00305456
0 0.526486 0.734364 0.111615 0.312717 0.00180194
0 0.577116 0.0998135 0.132829 0.189163 0.00159491
0 0.544263 0.0654829 0.140819 0.130966 0.00148959
0 0.60576 0.0787392 0.118267 0.157478 0.00115131
0 0.0632715 0.0415402 0.0637182 0.0830803 0.00106805
0 0.561453 0.0784685 0.0855531 0.154498 0.00105042
