0 0.434703 0.474222 0.0832523 0.2883 0.88574
0 0.355003 0.893112 0.0978083 0.213775 0.860271
0 0.585648 0.888039 0.109998 0.2211 0.855398
0 0.0305794 0.963556 0.060025 0.0725003 0.821682
0 0.196575 0.949462 0.133702 0.0998473 0.814519
0 0.550246 0.572681 0.124843 0.258169 0.80136
0 0.219638 0.955235 0.0926058 0.0869837 0.00875061
0 0.0192706 0.96426 0.0371234 0.0685348 0.00289298
0 0.173271 0.95525 0.0941535 0.086686 0.00178431
0 0.0279848 0.964451 0.0284479 0.0444957 0.001161
0 0.525199 0.594811 0.119066 0.281932 0.00105105
