0 0.683592 0.90137 0.0700661 0.195699 0.849955
0 0.811065 0.740997 0.0678771 0.269974 0.848002
0 0.910535 0.789345 0.0735365 0.28353 0.829311
0 0.631276 0.806525 0.0701731 0.273264 0.829171
0 0.972299 0.427437 0.0542459 0.277941 0.82301
0 0.859197 0.757545 0.0629009 0.289507 0.819993
0 0.754727 0.89817 0.0864381 0.203126 0.807801
0 0.539889 0.889463 0.106111 0.216415 0.706209
0 0.586334 0.666521 0.0880616 0.273253 0.690378
0 0.588934 0.606164 0.0802971 0.154095 0.068481
0 0.571927 0.877999 0.0635234 0.220031 0.028053
0 0.579521 0.846392 0.042489 0.174494 0.0119592
0 0.724123 0.898021 0.069534 0.198392 0.00616963
0 0.590399 0.879 0.0816788 0.240117 0.00518971
0 0.77415 0.90758 0.0860264 0.18484 0.00488103
0 0.879766 0.782144 0.0805504 0.296677 0.00329623
0 0.983407 0.429098 0.0320618 0.275958 0.00235423
0 0.612299 0.880296 0.0769506 0.239409 0.00130569
0 0.56528 0.889359 0.0961002 0.221281 0.00127
