0 0.793279 0.789547 0.0832167 0.285987 0.879418
0 0.0655129 0.935707 0.094345 0.127727 0.876884
0 0.958305 0.586658 0.0751366 0.266162 0.858395
0 0.139037 0.935933 0.0822471 0.127193 0.846613
0 0.901475 0.535022 0.0729235 0.284862 0.844674
0 0.753968 0.702799 0.0739992 0.311906 0.839465
0 0.868532 0.836461 0.076375 0.273241 0.715858
0 0.893868 0.874091 0.0810768 0.251035 0.670824
0 0.852665 0.772748 0.0689693 0.193566 0.465669
0 0.785135 0.582203 0.0612009 0.147685 0.053891
0 0.786706 0.658947 0.0685161 0.295163 0.0511056
0 0.832681 0.774376 0.0849861 0.214133 0.0139755
0 0.913409 0.882572 0.0785967 0.232527 0.0113878
0 0.944745 0.0334714 0.11051 0.0669427 0.00402411
0 0.876938 0.878664 0.0626759 0.23077 0.00263159
0 0.977081 0.584886 0.0443781 0.262037 0.00232871
0 0.799634 0.633804 0.0653681 0.243823 0.00218491
0 0.111077 0.934273 0.132237 0.128681 0.00193637
0 0.906202 0.0340373 0.155556 0.0680746 0.00174002
0 0.852415 0.846597 0.0670422 0.257791 0.00162486
0 0.938918 0.571296 0.0671823 0.260659 0.00160966
0 0.35916 0.0160463 0.0905245 0.0314284 0.00160228
