0 0.484667 0.949207 0.0815888 0.100341 0.854766
0 0.620616 0.868411 0.0635804 0.263177 0.843895
0 0.681498 0.879157 0.0965208 0.240254 0.843446
0 0.567122 0.864242 0.078201 0.269496 0.843399
0 0.392103 0.898773 0.0920507 0.196329 0.800536
0 0.408043 0.953605 0.0812091 0.0924805 0.788577
0 0.335673 0.821735 0.10092 0.31748 0.562193
0 0.329695 0.946242 0.0520804 0.107089 0.237487
0 0.345584 0.746216 0.0863528 0.169185 0.170852
0 0.354626 0.785836 0.100073 0.249498 0.00977498
0 0.365611 0.850738 0.115997 0.257701 0.0050751
0 0.314002 0.945039 0.0783983 0.108964 0.00304834
0 0.484153 0.950226 0.0483521 0.0982098 0.00258134
0 0.409405 0.95487 0.0486229 0.0902601 0.00243579
0 0.324433 0.762318 0.118597 0.236369 0.00156592
0 0.637861 0.857495 0.080838 0.253736 0.00142687
0 0.593926 0.866148 0.0902099 0.267704 0.00126608
0 0.363363 0.908571 0.0990385 0.182858 0.00123658
