0 0.749601 0.746601 0.0794747 0.276781 0.894756
0 0.524989 0.785889 0.103189 0.280259 0.865831
0 0.899315 0.478646 0.0702003 0.294611 0.848545
0 0.8178 0.881604 0.0615753 0.224556 0.833099
0 0.92828 0.678879 0.0735386 0.268463 0.821506
0 0.973661 0.702122 0.0526138 0.286283 0.821411
0 0.717598 0.55348 0.0749911 0.148826 0.796202
0 0.877592 0.885127 0.0893526 0.229746 0.741442
0 0.716916 0.61455 0.0809484 0.263362 0.0850505
0 0.89917 0.891303 0.0933996 0.217393 0.0278603
0 0.843275 0.88293 0.0885227 0.224705 0.020176
0 0.978407 0.655386 0.0417118 0.202781 0.0192869
0 0.958142 0.683305 0.06794 0.280087 0.00635356
0 0.984017 0.685132 0.031966 0.274182 0.00258753
0 0.985712 0.650279 0.0264481 0.189368 0.00197841
0 0.584178 0.0399724 0.0491403 0.0744051 0.00150571
0 0.80244 0.873337 0.0687219 0.216417 0.00127157
0 0.964209 0.738634 0.0705143 0.290323 0.00101217
