0 0.886007 0.877149 0.0733156 0.245703 0.860466
0 0.417507 0.956668 0.0793583 0.0866644 0.827915
0 0.934238 0.888733 0.0744267 0.220678 0.801331
0 0.35758 0.958541 0.0550445 0.0821425 0.795061
0 0.281536 0.0788043 0.0606118 0.155179 0.0108125
0 0.4142 0.954764 0.0479363 0.0896364 0.00991162
0 0.904827 0.896314 0.0632271 0.207275 0.00472659
0 0.338764 0.958864 0.0851792 0.0822722 0.00297718
0 0.0167386 0.957166 0.0326119 0.0856677 0.0025006
0 0.86543 0.877969 0.0875589 0.244063 0.00155481
0 0.358483 0.958239 0.0284793 0.044904 0.00104422
