0 0.700474 0.741043 0.111496 0.314476 0.891678
0 0.0357545 0.949325 0.0644477 0.0995542 0.873134
0 0.799347 0.616849 0.0815409 0.276078 0.870189
0 0.759502 0.583832 0.0651129 0.246744 0.828265
0 0.196679 0.896965 0.0783288 0.205123 0.826748
0 0.089492 0.956414 0.0708422 0.0864075 0.791841
0 0.189671 0.552218 0.0857781 0.111226 0.0325525
0 0.157459 0.591102 0.0265901 0.144092 0.0104241
0 0.177825 0.896857 0.0633247 0.206286 0.00563053
0 0.818002 0.594038 0.0895754 0.270474 0.00272713
0 0.782423 0.603533 0.0783189 0.269388 0.00215141
0 0.214559 0.906234 0.0768553 0.187532 0.00194766
