0 0.673356 0.899952 0.0934582 0.19872 0.871989
0 0.767838 0.915982 0.11932 0.168035 0.867154
0 0.827655 0.663234 0.0697094 0.263078 0.859651
0 0.756749 0.632198 0.0916152 0.310045 0.859502
0 0.656111 0.0286352 0.100953 0.0556316 0.0118786
0 0.634039 0.026892 0.0950659 0.0520288 0.00463994
0 0.766997 0.593171 0.0759699 0.248208 0.00324912
0 0.352951 0.0207064 0.0916154 0.0407696 0.00313441
0 0.684342 0.0272893 0.12794 0.0545786 0.00188966
0 0.611396 0.0237084 0.109547 0.0474169 0.00168033
0 0.643877 0.0185003 0.0967994 0.0366342 0.00153376
