0 0.792179 0.750953 0.0643513 0.278217 0.834242
0 0.306016 0.780948 0.108437 0.184599 0.81127
0 0.844738 0.849119 0.0694094 0.276661 0.789819
0 0.661355 0.862546 0.112576 0.274907 0.664129
0 0.924184 0.80556 0.0827267 0.278773 0.633748
0 0.947092 0.792742 0.0642254 0.260067 0.25135
0 0.90291 0.88505 0.0613882 0.226134 0.20329
0 0.84463 0.723089 0.0578197 0.213399 0.188779
0 0.965426 0.801011 0.0578913 0.244514 0.175453
0 0.980508 0.953196 0.0385094 0.0919034 0.131843
0 0.981722 0.852137 0.0365082 0.237488 0.131263
0 0.634943 0.766233 0.0673478 0.094095 0.0763575
0 0.981157 0.793195 0.0358631 0.21964 0.0686144
0 0.920281 0.879227 0.0554708 0.20626 0.0603757
0 0.885312 0.826991 0.0480898 0.227774 0.049734
0 0.901659 0.836674 0.0695915 0.265901 0.0491257
0 0.932172 0.871999 0.04904 0.215812 0.0347258
0 0.811136 0.748289 0.0741072 0.270497 0.0218821
0 0.886708 0.877495 0.0865614 0.24501 0.0181787
0 0.681057 0.898456 0.100211 0.201541 0.0154468
0 0.867821 0.826009 0.0657543 0.234075 0.00957064
0 0.986194 0.818102 0.0257 0.208424 0.0064953
0 0.981601 0.905524 0.0367982 0.188354 0.00404009
0 0.660018 0.904616 0.083534 0.190769 0.0033458
0 0.720138 0.974887 0.05585 0.0482929 0.00313037
0 0.88856 0.884559 0.0577934 0.214834 0.00292373
0 0.983813 0.865493 0.031583 0.164125 0.00272068
0 0.930659 0.763282 0.063625 0.259198 0.00268289
0 0.939123 0.871406 0.0812462 0.226229 0.00226825
0 0.637244 0.84458 0.0886675 0.270822 0.00210857
0 0.287208 0.799327 0.101316 0.191412 0.00180528
0 0.955994 0.831942 0.05665 0.288879 0.00174441
0 0.690843 0.840653 0.0769095 0.275189 0.00173816
0 0.866146 0.87969 0.0776413 0.240141 0.00121584
0 0.82861 0.836648 0.0620043 0.260145 0.00119706
0 0.839969 0.98481 0.0639933 0.0297635 0.00110306
