0 0.0548831 0.69169 0.0858126 0.321567 0.882758
0 0.144931 0.490147 0.0948993 0.291171 0.850742
0 0.859102 0.895059 0.068988 0.208804 0.833368
0 0.819293 0.873989 0.0725691 0.244376 0.761221
0 0.109991 0.0501152 0.0669992 0.0978313 0.0241507
0 0.0568868 0.0128216 0.0716844 0.025357 0.0162129
0 0.066857 0.0264276 0.0847302 0.0528552 0.00841909
0 0.0319658 0.0106135 0.0514271 0.0212271 0.00243101
0 0.836534 0.870228 0.0786215 0.226868 0.00229243
0 0.0822398 0.0477354 0.0938254 0.0931768 0.00205599
0 0.0372557 0.0208605 0.0584765 0.041721 0.00192062
0 0.0498712 0.0191923 0.0645924 0.0368312 0.0017766
0 0.0750058 0.0126219 0.0856892 0.0236307 0.00169709
0 0.047569 0.00931697 0.0538397 0.0186339 0.0016341
0 0.0558539 0.0428283 0.0736736 0.0843388 0.00131196
0 0.0561277 0.0219609 0.0723712 0.0439219 0.00108797
