0 0.129331 0.477921 0.0890448 0.290332 0.880214
0 0.0453598 0.49442 0.0885067 0.326011 0.849389
0 0.709452 0.206815 0.102797 0.295289 0.815241
0 0.455734 0.0752421 0.0829121 0.149885 0.726381
0 0.0523707 0.386661 0.0804777 0.235316 0.314471
0 0.118399 0.0511455 0.067231 0.100176 0.262127
0 0.977804 0.837633 0.0441076 0.276553 0.00937585
0 0.0412751 0.350495 0.0649522 0.160336 0.00353295
0 0.0439175 0.323164 0.0615914 0.10168 0.00185673
0 0.969087 0.875429 0.0618059 0.234907 0.00165061
0 0.989528 0.318789 0.0188028 0.157316 0.00138488
0 0.100904 0.0463236 0.0651746 0.0905614 0.00134589
0 0.0367211 0.416169 0.0682962 0.271964 0.00113084
0 0.454198 0.115256 0.0964125 0.230512 0.00102343
