0 0.83846 0.340258 0.0983236 0.286104 0.747716
0 0.107505 0.0530307 0.0624082 0.103981 0.322422
0 0.0568287 0.0209261 0.0655382 0.0418523 0.0761176
0 0.0487924 0.0125125 0.0615565 0.0249319 0.0164423
0 0.0563443 0.0400321 0.0666949 0.0792032 0.0138237
0 0.0886036 0.0541537 0.0905079 0.107116 0.0122704
0 0.0732944 0.0230603 0.0865249 0.0461206 0.00506576
0 0.0333711 0.0113644 0.0509926 0.0225593 0.0049843
0 0.825132 0.295737 0.0885683 0.21611 0.00460686
0 0.063575 0.0143388 0.0758643 0.0284026 0.00423294
0 0.50608 0.831783 0.0371818 0.110503 0.00380697
0 0.0440004 0.0279965 0.0620298 0.0559929 0.002898
0 0.0663556 0.0513177 0.0806971 0.100817 0.00234753
0 0.0586867 0.00948818 0.0678575 0.0188008 0.00193006
0 0.0402284 0.00903211 0.0419359 0.0180642 0.00178126
0 0.0284298 0.00850066 0.0414452 0.0170013 0.00172182
0 0.0332762 0.0176792 0.0552896 0.0353584 0.0014041
0 0.343939 0.681012 0.0615696 0.230061 0.00128129
0 0.12553 0.0488946 0.0748917 0.0977892 0.00115375
0 0.0586908 0.0266319 0.0473925 0.0525205 0.00109276
0 0.0209561 0.0160043 0.0399833 0.0313753 0.00104873
