0 0.601186 0.124216 0.0962995 0.24157 0.887483
0 0.929663 0.907401 0.116572 0.183234 0.877247
0 0.874663 0.549479 0.119333 0.23876 0.84836
0 0.856008 0.251313 0.0876925 0.238316 0.82173
0 0.913357 0.29399 0.107248 0.232407 0.72488
0 0.117934 0.0525352 0.062857 0.103287 0.55071
0 0.884024 0.648521 0.0911121 0.265961 0.533418
0 0.13493 0.053253 0.0609257 0.104997 0.00899384
0 0.877575 0.267648 0.094853 0.255371 0.00775029
0 0.0969335 0.0530189 0.0747289 0.102542 0.00558639
0 0.106044 0.0438185 0.054503 0.0846172 0.00503243
0 0.894217 0.275956 0.0817003 0.21348 0.00232897
0 0.838502 0.585962 0.0524118 0.220355 0.00202484
0 0.863845 0.172904 0.0775408 0.078447 0.00156399
0 0.900403 0.619396 0.0770531 0.267739 0.00111396
