0 0.841194 0.867312 0.0734547 0.264968 0.898538
0 0.234537 0.872453 0.0976122 0.253433 0.897657
0 0.118323 0.0520474 0.0593101 0.101654 0.532736
0 0.0540296 0.0144737 0.060869 0.0289474 0.148286
0 0.042035 0.0108056 0.0468797 0.0216113 0.0184107
0 0.0581605 0.0233662 0.062062 0.0460207 0.0157288
0 0.0581174 0.00962515 0.0645305 0.0192418 0.00447094
0 0.103465 0.0523566 0.0576291 0.102137 0.00418386
0 0.0733239 0.01315 0.0825136 0.0246928 0.00353382
0 0.0730531 0.0200302 0.0865739 0.0396672 0.00261657
0 0.0304461 0.0102482 0.0492065 0.0204963 0.00222873
0 0.0399583 0.0106268 0.0284994 0.0212536 0.00185471
0 0.589111 0.3943 0.131397 0.283985 0.00183948
0 0.13448 0.0528462 0.0700155 0.103048 0.00174993
0 0.036894 0.0167424 0.0518692 0.0334849 0.00148345
0 0.0462642 0.00941224 0.0572546 0.0188245 0.00135496
0 0.0528588 0.0171292 0.0287945 0.0335338 0.00121951
0 0.0463569 0.0117119 0.0286927 0.0234237 0.00120379
