0 0.0746038 0.399658 0.0820562 0.276248 0.891927
0 0.292837 0.929647 0.123318 0.139795 0.852465
0 0.68588 0.864489 0.104638 0.271022 0.848307
0 0.201555 0.927335 0.0948619 0.144479 0.839961
0 0.0169323 0.408139 0.0332707 0.256051 0.796837
0 0.112126 0.0506487 0.0736888 0.0972029 0.02526
0 0.59109 0.395321 0.126709 0.276074 0.00384856
0 0.15791 0.36673 0.0789261 0.272348 0.00233242
0 0.0916372 0.0397329 0.076266 0.0786492 0.00198238
0 0.0166602 0.409105 0.0314459 0.158031 0.001277
0 0.0307048 0.407694 0.0614097 0.263274 0.00117308
0 0.0106743 0.0544504 0.0196715 0.10484 0.00107302
