0 0.68246 0.121215 0.108259 0.237228 0.850719
0 0.938888 0.303897 0.0811356 0.237166 0.764641
0 0.735588 0.346798 0.0744213 0.210418 0.613306
0 0.780417 0.439828 0.0867605 0.214163 0.494903
0 0.77371 0.104084 0.0995817 0.201475 0.445587
0 0.943641 0.66336 0.0979031 0.254067 0.182226
0 0.930379 0.621383 0.0785418 0.196592 0.033991
0 0.751698 0.362603 0.0953 0.230067 0.0205903
0 0.800525 0.436559 0.0757387 0.213177 0.0113341
0 0.11815 0.0531653 0.0691465 0.103048 0.00953981
0 0.659066 0.109508 0.0821486 0.212053 0.00496515
0 0.762574 0.429903 0.077943 0.197672 0.00287309
0 0.731327 0.101584 0.110986 0.198373 0.00161966
0 0.70923 0.117129 0.116846 0.225426 0.0011611
