0 0.499288 0.907497 0.0916554 0.184631 0.877787
0 0.383454 0.930591 0.0693389 0.137895 0.864692
0 0.331776 0.938595 0.0680664 0.12281 0.859439
0 0.715929 0.273715 0.0917636 0.221651 0.846444
0 0.832217 0.132824 0.0801113 0.15041 0.615856
0 0.830033 0.190174 0.0921291 0.264423 0.0469293
0 0.114129 0.050654 0.0640474 0.099244 0.0267056
0 0.0524489 0.011269 0.0641394 0.0225107 0.00885616
0 0.356143 0.933906 0.101137 0.131701 0.00278117
0 0.0408627 0.00909581 0.0528116 0.0181916 0.00257467
0 0.0585846 0.0165801 0.0638827 0.0330395 0.00233929
0 0.101926 0.0449802 0.0593973 0.0866841 0.0018999
0 0.0780943 0.024406 0.0791802 0.0488121 0.00184383
0 0.811805 0.146628 0.114941 0.186682 0.00159784
