0 0.867059 0.30322 0.113455 0.262065 0.783474
0 0.112202 0.0497703 0.0591717 0.0953291 0.117293
0 0.059519 0.017188 0.0673898 0.0334708 0.0577848
0 0.046981 0.0110573 0.0550394 0.0221146 0.0216771
0 0.0653831 0.0285754 0.0745711 0.0571508 0.0120287
0 0.0352588 0.0102841 0.0476954 0.0205681 0.00874162
0 0.0408333 0.0168859 0.0553065 0.0337717 0.00588012
0 0.0734508 0.0131603 0.078936 0.0250795 0.00534231
0 0.0823404 0.0438422 0.0884893 0.085912 0.00525934
0 0.0590218 0.00945302 0.0640535 0.0187401 0.00361016
0 0.10886 0.0395758 0.0446006 0.0765342 0.0034929
0 0.056795 0.0392288 0.0652038 0.0772491 0.00210309
0 0.845086 0.290588 0.096043 0.250588 0.00185967
0 0.0583156 0.0136294 0.0466171 0.0266873 0.0016738
0 0.0346145 0.00824858 0.0274028 0.0164972 0.00150206
0 0.0948988 0.0310754 0.0741647 0.0618023 0.00149591
0 0.0399938 0.0098687 0.0277499 0.0197374 0.00139813
0 0.0445731 0.00836295 0.0548335 0.0167259 0.00115241
0 0.128165 0.0521208 0.0670787 0.10038 0.00114279
0 0.0286082 0.0142363 0.0521079 0.0284007 0.00104641
