0 0.950724 0.50326 0.0978296 0.279477 0.857728
0 0.0542613 0.0127465 0.0613758 0.0252763 0.0793068
0 0.121046 0.0521936 0.0637542 0.101322 0.061579
0 0.0418688 0.0104883 0.0494397 0.0209766 0.0287911
0 0.0619961 0.0169461 0.0711879 0.0323943 0.0208755
0 0.0433628 0.0169179 0.0568881 0.0338358 0.0110794
0 0.0517833 0.00938782 0.04591 0.0187756 0.00497771
0 0.0727155 0.0122008 0.0765311 0.0231055 0.00471764
0 0.0296745 0.00997739 0.0519477 0.0199548 0.0042572
0 0.0532539 0.0230359 0.064129 0.045702 0.00341669
0 0.0409385 0.0103253 0.0280704 0.0206506 0.00255074
0 0.0452882 0.00877909 0.0547199 0.0175582 0.00199805
0 0.0518077 0.0119595 0.0285763 0.0239126 0.00165363
0 0.01858 0.0172027 0.0356397 0.0336755 0.0010483
0 0.0349006 0.00827063 0.027423 0.0165413 0.00101868
