0 0.0743557 0.851731 0.0947953 0.288785 0.832121
0 0.611646 0.150916 0.0569102 0.167006 0.745978
0 0.86364 0.454885 0.100755 0.276506 0.680054
0 0.975114 0.879864 0.049773 0.197535 0.162127
0 0.111986 0.0518581 0.0661872 0.100201 0.123717
0 0.980656 0.855664 0.0386884 0.15469 0.0903562
0 0.959902 0.886386 0.0801954 0.218646 0.0882649
0 0.985656 0.882156 0.0276215 0.195505 0.010826
0 0.986822 0.842276 0.0246939 0.153385 0.00329374
0 0.627262 0.1537 0.0671302 0.170489 0.00232763
0 0.129149 0.0526378 0.0731605 0.101322 0.00116866
0 0.0916858 0.037324 0.0718471 0.0732708 0.00108523
