0 0.358 0.913805 0.103239 0.170386 0.89602
0 0.27482 0.913785 0.0846207 0.172408 0.857386
0 0.939173 0.63143 0.087561 0.289481 0.845802
0 0.904135 0.954181 0.115221 0.0909866 0.682754
0 0.107033 0.0444236 0.0616804 0.0861847 0.0410627
0 0.496372 0.935982 0.11403 0.127626 0.0313048
0 0.0957742 0.0389359 0.0542527 0.0762603 0.00589741
0 0.929817 0.950543 0.110901 0.0978199 0.00430069
0 0.123487 0.0506569 0.0730529 0.0991535 0.0031246
0 0.60983 0.97716 0.0707369 0.0453036 0.00298398
0 0.589938 0.396733 0.127896 0.286081 0.00197992
