0 0.964996 0.262098 0.06943 0.256313 0.812496
0 0.904216 0.956308 0.121269 0.0863142 0.739969
0 0.117498 0.0515815 0.069616 0.10095 0.107424
0 0.681145 0.236793 0.0862032 0.206888 0.0189432
0 0.610022 0.976819 0.0713943 0.0460083 0.00791313
0 0.585275 0.3947 0.111366 0.272961 0.00333358
0 0.880892 0.96043 0.089999 0.0791405 0.00290586
0 0.095728 0.0502544 0.0720867 0.0977302 0.00265498
0 0.930149 0.952719 0.106462 0.0919124 0.0024921
0 0.977533 0.272565 0.0449344 0.256871 0.00204201
0 0.135533 0.0524057 0.0779812 0.102354 0.00101209
