0 0.075203 0.536519 0.0926695 0.283417 0.839838
0 0.0217002 0.625839 0.0410821 0.307583 0.801419
0 0.957505 0.500728 0.0727804 0.252581 0.790465
0 0.974613 0.530188 0.0501024 0.242907 0.55874
0 0.119071 0.0515026 0.0675199 0.100634 0.0381518
0 0.983764 0.524798 0.0307207 0.227754 0.0310605
0 0.016587 0.73912 0.0322964 0.299918 0.00668186
0 0.0796777 0.467722 0.0865998 0.320574 0.00648103
0 0.052623 0.0124321 0.0633073 0.0245296 0.0047876
0 0.940713 0.494329 0.0630325 0.241673 0.00453696
0 0.058258 0.0179728 0.0657922 0.0351989 0.00429245
0 0.0312436 0.625927 0.0624873 0.310318 0.00177254
0 0.987759 0.494428 0.0228006 0.190346 0.00155033
0 0.0167092 0.590898 0.0316313 0.24461 0.00124496
0 0.0144219 0.693969 0.0251628 0.282632 0.00112922
0 0.0306726 0.011792 0.0551884 0.0235841 0.00107556
