0 0.255596 0.785017 0.0986027 0.325419 0.889927
0 0.703476 0.31248 0.0836834 0.240144 0.876337
0 0.177081 0.79572 0.0869835 0.315802 0.868426
0 0.904118 0.951904 0.109411 0.0946609 0.82638
0 0.72475 0.0789937 0.0977478 0.152997 0.712855
0 0.382581 0.969424 0.0663933 0.0611519 0.507915
0 0.117352 0.0513692 0.0708027 0.101327 0.352497
0 0.702693 0.0744059 0.0759335 0.146556 0.026657
0 0.100657 0.0457578 0.0684576 0.0891894 0.00654388
0 0.582982 0.41129 0.102288 0.24062 0.00511207
0 0.609305 0.977112 0.0664761 0.0452586 0.00302574
0 0.392893 0.367589 0.0796752 0.191671 0.0025595
0 0.405135 0.972184 0.10289 0.0553132 0.00233319
0 0.391676 0.962304 0.0893802 0.0753911 0.00215685
0 0.135143 0.0522559 0.0746576 0.102787 0.0018719
0 0.364639 0.971627 0.0874098 0.0567456 0.00118703
0 0.747539 0.0824659 0.101741 0.164932 0.00102571
