0 0.254362 0.866187 0.0870144 0.267625 0.895441
0 0.171107 0.87657 0.0806016 0.243936 0.879839
0 0.0257131 0.330202 0.0498856 0.270672 0.857119
0 0.6892 0.864598 0.103122 0.270804 0.836983
0 0.115912 0.0512319 0.0626402 0.0991316 0.0473469
0 0.607494 0.0936985 0.0955141 0.183464 0.0392319
0 0.492319 0.937593 0.0999403 0.124695 0.0101899
0 0.553386 0.0803458 0.0739409 0.15623 0.00819658
0 0.631166 0.094534 0.0762283 0.185564 0.00753149
0 0.0813063 0.33205 0.0782544 0.265704 0.00741442
0 0.586775 0.0836956 0.0911464 0.167391 0.00632394
0 0.611261 0.97752 0.0582978 0.0447356 0.00293151
0 0.0162902 0.322723 0.0308442 0.284186 0.00159716
