0 0.101952 0.882409 0.0979287 0.23416 0.887843
0 0.118222 0.0517065 0.0667664 0.101347 0.16161
0 0.0525922 0.0116192 0.0628266 0.0231475 0.0138307
0 0.0582413 0.0167075 0.0659912 0.0330568 0.00608753
0 0.0708349 0.023036 0.0823411 0.0460721 0.00497991
0 0.0414859 0.00921763 0.0507184 0.0184353 0.00267498
0 0.0946043 0.051586 0.0775813 0.100445 0.0020295
0 0.040459 0.0112588 0.0601367 0.0225175 0.0019799
0 0.133459 0.0478373 0.0725081 0.0956747 0.00134425
0 0.029063 0.0100357 0.0537373 0.0200714 0.00123237
0 0.0745903 0.0116354 0.0792201 0.0211035 0.00121813
0 0.036861 0.0177022 0.0570506 0.0354043 0.00111595
