0 0.773278 0.293408 0.0986129 0.189467 0.763824
0 0.710534 0.95997 0.0662117 0.0792319 0.683548
0 0.117731 0.0528295 0.064348 0.103278 0.560632
0 0.767973 0.336467 0.110675 0.283043 0.411184
0 0.789359 0.981089 0.0567643 0.0378212 0.0743488
0 0.747552 0.348821 0.0841863 0.250467 0.013264
0 0.732973 0.960516 0.113887 0.0765237 0.0123065
0 0.783768 0.972888 0.0652368 0.0531883 0.0040432
0 0.805886 0.980874 0.0809027 0.0382518 0.00330541
0 0.786481 0.981357 0.028514 0.0370005 0.00143301
0 0.134685 0.0533644 0.0733538 0.103331 0.00134005
0 0.0968391 0.0537076 0.0723505 0.104227 0.00133909
