0 0.326786 0.780815 0.0868069 0.307234 0.895899
0 0.247157 0.791694 0.0934983 0.325693 0.874159
0 0.910213 0.737271 0.112618 0.341303 0.714876
0 0.975477 0.923086 0.0475456 0.152811 0.521141
0 0.113231 0.051083 0.0676741 0.0980196 0.0283626
0 0.943526 0.917402 0.112947 0.16387 0.0179085
0 0.964889 0.922642 0.0702211 0.154715 0.00320107
0 0.937292 0.752333 0.124008 0.349757 0.00251068
0 0.915738 0.920323 0.0958361 0.155334 0.0019348
0 0.957097 0.888933 0.0858052 0.214987 0.00183696
0 0.93209 0.876547 0.114171 0.23357 0.00137694
0 0.0522576 0.0110563 0.0662503 0.0218436 0.0013103
0 0.399606 0.366685 0.0880615 0.192731 0.00121787
0 0.988763 0.319156 0.0204346 0.168702 0.00113095
