0 0.893009 0.429265 0.112589 0.273044 0.854033
0 0.746382 0.154889 0.110181 0.274997 0.845418
0 0.684315 0.138138 0.0694517 0.257367 0.731131
0 0.122158 0.052962 0.0640777 0.103833 0.597448
0 0.979495 0.723045 0.0410101 0.107897 0.0568552
0 0.966509 0.837544 0.0658459 0.2673 0.050193
0 0.975374 0.785282 0.0492518 0.233806 0.00235415
0 0.699849 0.15877 0.0723829 0.290491 0.00206981
0 0.0092833 0.0670666 0.0169753 0.118384 0.00187318
0 0.749564 0.110572 0.09708 0.182841 0.00184933
0 0.137042 0.0494616 0.0677532 0.0989232 0.00157281
0 0.674165 0.110298 0.0637013 0.217103 0.00133275
0 0.986363 0.7281 0.0271791 0.10696 0.0012502
0 0.00638931 0.0598466 0.012066 0.102423 0.00117409
