0 0.369471 0.940338 0.0981885 0.119263 0.876178
0 0.901212 0.404626 0.0996613 0.280737 0.873535
0 0.71226 0.869527 0.072678 0.26027 0.856658
0 0.609093 0.975183 0.0585246 0.0493709 0.311612
0 0.116769 0.051476 0.0651679 0.100554 0.0513818
0 0.982469 0.78813 0.0343493 0.179867 0.0139779
0 0.59588 0.972117 0.0817071 0.0557654 0.0038145
0 0.0129965 0.038288 0.0252203 0.0749618 0.00304772
0 0.614344 0.964017 0.0682483 0.0677272 0.00254148
0 0.609386 0.977168 0.0285614 0.0438929 0.00130336
0 0.0104077 0.0289946 0.0200279 0.0575314 0.00110794
0 0.980147 0.851922 0.0394775 0.256848 0.00108732
