0 0.873757 0.11325 0.0909798 0.221992 0.887549
0 0.972376 0.853036 0.0540794 0.293333 0.849696
0 0.632807 0.0718218 0.0884896 0.141901 0.0954172
0 0.911429 0.0186911 0.0598135 0.0360576 0.0522088
0 0.567704 0.0735874 0.0697337 0.143425 0.02843
0 0.925684 0.0187194 0.0469051 0.0350915 0.0244089
0 0.651148 0.0603855 0.0738569 0.118856 0.00855566
0 0.608515 0.0758209 0.111516 0.147025 0.00418322
0 0.109737 0.0517259 0.0696901 0.10065 0.00395341
0 0.586978 0.395259 0.121018 0.274709 0.00353133
0 0.694332 0.0576651 0.0924734 0.112358 0.00237874
0 0.493838 0.937375 0.085236 0.12525 0.00196598
0 0.547505 0.0785173 0.0865953 0.151984 0.00179517
0 0.92186 0.0185857 0.0283676 0.0344892 0.00167761
0 0.911809 0.0187369 0.0281797 0.0356329 0.00128048
0 0.919087 0.0249684 0.0534866 0.0442386 0.00118222
0 0.984742 0.852255 0.0287165 0.290485 0.00117142
