0 0.143624 0.903844 0.102349 0.192087 0.887809
0 0.960617 0.709218 0.0781095 0.254347 0.787361
0 0.115363 0.0534136 0.0623088 0.104249 0.14429
0 0.990781 0.380771 0.0171045 0.129927 0.0780674
0 0.619602 0.976526 0.0874763 0.0469479 0.00434833
0 0.9906 0.341189 0.0172033 0.144078 0.00413991
0 0.987768 0.414924 0.0232212 0.202671 0.00406159
0 0.991693 0.369716 0.0163363 0.0832891 0.00352631
0 0.755765 0.529869 0.124944 0.206624 0.00173081
0 0.950566 0.668525 0.0637501 0.190177 0.00172043
0 0.987186 0.349401 0.0256282 0.14928 0.00153375
0 0.980878 0.432823 0.0382451 0.225773 0.00138589
0 0.0963123 0.0534818 0.073187 0.103784 0.0013261
0 0.988714 0.311302 0.0216665 0.205307 0.00117838
