0 0.07994 0.443383 0.0877603 0.291075 0.891135
0 0.954895 0.740447 0.0890066 0.2785 0.879459
0 0.689522 0.864706 0.0992468 0.270589 0.841612
0 0.0206716 0.459436 0.0400657 0.278726 0.835074
0 0.969936 0.681165 0.0601276 0.284009 0.759861
0 0.330821 0.966848 0.0647357 0.066089 0.716967
0 0.226929 0.9752 0.0840958 0.0490712 0.0975926
0 0.611654 0.974404 0.0534512 0.0511921 0.0494935
0 0.115385 0.051567 0.0631306 0.0992389 0.0222073
0 0.208108 0.970705 0.123559 0.0582945 0.00756785
0 0.976009 0.634507 0.0468298 0.205843 0.00421479
0 0.350228 0.969334 0.0957252 0.0613314 0.00399753
0 0.248701 0.976167 0.0948207 0.0476655 0.00364274
0 0.980174 0.711074 0.0396521 0.288429 0.00356761
0 0.492534 0.937317 0.102408 0.124387 0.00285613
0 0.228736 0.976879 0.047093 0.04552 0.00247404
0 0.0372328 0.458724 0.0744656 0.291613 0.00226084
0 0.241526 0.965455 0.0893293 0.0633537 0.00173437
0 0.583803 0.391326 0.114173 0.29401 0.00164894
0 0.314559 0.968737 0.0797198 0.0625266 0.00158546
0 0.985229 0.681036 0.027879 0.300931 0.00141703
0 0.0259581 0.46094 0.0519161 0.283947 0.00127571
0 0.223301 0.961159 0.110052 0.0776812 0.00107038
