0 0.0695172 0.710095 0.0989019 0.321388 0.872433
0 0.13086 0.964302 0.0937491 0.0710905 0.737999
0 0.958722 0.829289 0.0798838 0.274744 0.493889
0 0.01663 0.731468 0.031448 0.281223 0.41773
0 0.117914 0.050307 0.0680795 0.0982978 0.0350682
0 0.0415639 0.728521 0.0740802 0.307221 0.00267777
0 0.963067 0.762414 0.0716984 0.217323 0.00223037
0 0.133724 0.964163 0.0478861 0.0699324 0.00157489
0 0.447776 0.609905 0.0833625 0.208195 0.00155819
0 0.101777 0.0497551 0.0621777 0.0960807 0.00151384
0 0.138164 0.0519835 0.0903681 0.10124 0.00133852
0 0.0144637 0.682681 0.0270023 0.234204 0.00118914
0 0.151616 0.96624 0.0782048 0.0675123 0.00115213
0 0.152298 0.957713 0.110034 0.0823095 0.0010861
