0 0.915969 0.214081 0.0893986 0.268845 0.863326
0 0.720434 0.941811 0.074541 0.116368 0.831446
0 0.115144 0.0521087 0.0668034 0.102437 0.342818
0 0.0962454 0.0529288 0.0775377 0.102789 0.00542596
0 0.0525118 0.0116834 0.0642239 0.0232999 0.00507606
0 0.791278 0.981785 0.052767 0.0364298 0.00376908
0 0.0816303 0.0333511 0.085484 0.0657883 0.00284848
0 0.0582779 0.0173132 0.0674519 0.0341934 0.00267985
0 0.741087 0.947134 0.114869 0.105732 0.00161683
0 0.0318178 0.011143 0.0569177 0.0222859 0.00103177
