0 0.940583 0.52571 0.103194 0.255177 0.847282
0 0.306982 0.825839 0.0859166 0.307592 0.843106
0 0.359386 0.795047 0.0840801 0.321934 0.743613
0 0.33795 0.805814 0.0946128 0.309273 0.0088356
0 0.0542703 0.0121019 0.0689822 0.0232226 0.00723322
0 0.0585653 0.01864 0.0708128 0.0367369 0.00472326
0 0.0406832 0.010562 0.0507624 0.0211239 0.00370585
0 0.117289 0.052481 0.0704439 0.10223 0.00256724
0 0.0283371 0.00877011 0.0493694 0.0175402 0.00140009
0 0.0386178 0.0172882 0.0593302 0.0345764 0.00126332
