0 0.568952 0.938967 0.107448 0.122067 0.878641
0 0.739568 0.0928708 0.0911736 0.18188 0.840513
0 0.421851 0.969262 0.0757039 0.0610504 0.802258
0 0.357661 0.974112 0.0582798 0.0517629 0.631088
0 0.967893 0.330005 0.0642134 0.146378 0.212742
0 0.701178 0.0782156 0.0439594 0.152647 0.0591901
0 0.0558779 0.0119538 0.0695481 0.0237683 0.0492121
0 0.515969 0.0739183 0.0765968 0.145625 0.0323052
0 0.981911 0.346094 0.0357456 0.159696 0.0214811
0 0.114831 0.0526495 0.0730613 0.102104 0.020629
0 0.988807 0.335542 0.0211878 0.143273 0.0198705
0 0.0602594 0.017798 0.0700246 0.035596 0.0169022
0 0.339225 0.974108 0.089144 0.0514138 0.0161255
0 0.0410446 0.0102323 0.0509194 0.0204646 0.0152602
0 0.967196 0.377384 0.065554 0.233857 0.0104082
0 0.988588 0.379001 0.0215269 0.211345 0.00475059
0 0.371843 0.9754 0.0662221 0.0483957 0.00443927
0 0.0404878 0.0162718 0.060852 0.0325435 0.00406356
0 0.0287486 0.00865177 0.0494997 0.0173035 0.003799
0 0.716056 0.076517 0.0746536 0.151357 0.00305855
0 0.074184 0.0120396 0.0725069 0.0224844 0.00250849
0 0.358728 0.974311 0.0289046 0.0453255 0.00207351
0 0.0538159 0.0253678 0.0694983 0.0502148 0.00188649
0 0.0526394 0.0163582 0.0467086 0.0325788 0.00175277
0 0.0517333 0.00931679 0.0468803 0.0186336 0.00169971
0 0.364108 0.982567 0.0586617 0.0338786 0.00168606
0 0.991699 0.311301 0.0154819 0.152938 0.00166332
0 0.0398347 0.0100644 0.0281229 0.0201288 0.00131131
0 0.0565729 0.00873444 0.0693749 0.0174689 0.00127021
0 0.07517 0.0204617 0.0748439 0.0405799 0.00125554
0 0.439608 0.974133 0.0928275 0.0517346 0.00112634
0 0.511218 0.0504823 0.0713748 0.0972038 0.00106984
