0 0.870876 0.870674 0.09918 0.243192 0.895482
0 0.113628 0.0517594 0.066166 0.0998341 0.560263
0 0.956188 0.409 0.0762255 0.234245 0.449709
0 0.977604 0.373024 0.0446085 0.203661 0.343312
0 0.98399 0.35396 0.0304647 0.169226 0.0323084
0 0.609365 0.976799 0.0655753 0.0461323 0.0211461
0 0.963455 0.370901 0.0724697 0.216426 0.0151972
0 0.0930999 0.040278 0.0684587 0.0791393 0.0026964
0 0.0962787 0.0532878 0.0857232 0.105941 0.00261523
0 0.941178 0.400609 0.0597887 0.220552 0.00212811
0 0.135657 0.0529473 0.0773048 0.10307 0.00153454
0 0.596582 0.388537 0.116152 0.267563 0.00150393
