0 0.694739 0.224744 0.10905 0.253924 0.874029
0 0.892832 0.672472 0.115907 0.270848 0.798242
0 0.967288 0.345033 0.0651106 0.249298 0.439406
0 0.583726 0.0710733 0.100827 0.138964 0.219245
0 0.856797 0.714128 0.0641441 0.204961 0.155276
0 0.858228 0.787886 0.0539671 0.251566 0.122085
0 0.882704 0.785118 0.0958817 0.270675 0.114435
0 0.902848 0.777343 0.0699215 0.255531 0.0201837
0 0.107665 0.0481135 0.0664699 0.0929746 0.016618
0 0.981248 0.424806 0.0362232 0.289861 0.0122844
0 0.978295 0.364071 0.0422506 0.287243 0.0122147
0 0.965441 0.964075 0.0691174 0.0717577 0.0108119
0 0.986451 0.339053 0.0258005 0.249429 0.0048364
0 0.865403 0.760292 0.0789484 0.277608 0.00463102
0 0.0863176 0.0355939 0.0776242 0.0711703 0.0038671
0 0.0588735 0.0194795 0.0736171 0.0389589 0.00234562
0 0.962772 0.412707 0.0706341 0.299429 0.00204566
0 0.124594 0.0509187 0.0716657 0.0995149 0.00196552
0 0.0555775 0.0118994 0.0721102 0.0222339 0.00186602
0 0.908633 0.803144 0.0989353 0.301694 0.00140477
0 0.454134 0.120526 0.0872047 0.23858 0.00133982
0 0.0414193 0.010542 0.0519646 0.021084 0.00133506
0 0.924241 0.67718 0.0757025 0.263849 0.00101336
