0 0.764871 0.225782 0.102935 0.282868 0.861799
0 0.277808 0.437424 0.0756306 0.276597 0.853012
0 0.274776 0.955822 0.105242 0.0877731 0.841762
0 0.113914 0.54567 0.0969233 0.279582 0.676467
0 0.11299 0.0528397 0.0668632 0.101923 0.345464
0 0.254509 0.959429 0.0791941 0.0803038 0.00309338
0 0.0989634 0.0602813 0.0735017 0.117971 0.0030794
0 0.294729 0.9602 0.0758029 0.0795991 0.00303272
0 0.0912839 0.0404452 0.0724198 0.0792794 0.00244109
0 0.136018 0.0535022 0.0845752 0.104329 0.00115533
0 0.588002 0.394532 0.115498 0.27274 0.00111834
0 0.105039 0.0474423 0.0441069 0.0921264 0.00107135
