0 0.964735 0.355656 0.0705306 0.257513 0.842679
0 0.718049 0.959289 0.066007 0.0808822 0.834565
0 0.793612 0.984301 0.0457647 0.0313691 0.0894403
0 0.120909 0.0526521 0.0623063 0.102186 0.0571983
0 0.0521066 0.0141467 0.0638417 0.0282935 0.0541048
0 0.0415812 0.0110372 0.0524515 0.0220745 0.0170337
0 0.791377 0.984909 0.0279979 0.0301815 0.00915452
0 0.0613844 0.0191692 0.0717496 0.0374338 0.00655861
0 0.805055 0.981821 0.0653355 0.0363585 0.00622928
0 0.0581615 0.00919495 0.0641023 0.0183899 0.00514709
0 0.0526239 0.0169795 0.0460236 0.0336059 0.0041047
0 0.0287151 0.0105165 0.0518144 0.0210329 0.00398847
0 0.0364201 0.0172897 0.0595938 0.0344465 0.00288878
0 0.0735964 0.0116903 0.0768662 0.0220262 0.00272563
0 0.0519994 0.0238625 0.064943 0.0477251 0.00267865
0 0.780906 0.985875 0.0623579 0.0282508 0.00216387
0 0.793983 0.974175 0.057569 0.049068 0.00171139
0 0.0405554 0.0108216 0.0279285 0.0216431 0.00140083
0 0.0201655 0.0158588 0.0385921 0.0309992 0.00126626
0 0.0454229 0.00911068 0.0581489 0.0182214 0.0011851
0 0.790671 0.989197 0.0405295 0.0203772 0.0010264
