0 0.76296 0.216252 0.083044 0.191962 0.68082
0 0.295832 0.968935 0.0695666 0.062129 0.649218
0 0.709045 0.220995 0.0640364 0.211374 0.623928
0 0.747123 0.239084 0.11385 0.237668 0.025765
0 0.11075 0.0495405 0.0660045 0.0968355 0.0159418
0 0.541463 0.963208 0.0824104 0.0734097 0.0148623
0 0.725774 0.213415 0.0844699 0.20325 0.00731669
0 0.277139 0.966432 0.0946611 0.0671359 0.00651202
0 0.311953 0.971505 0.0685312 0.05699 0.00294587
0 0.30338 0.978858 0.0591485 0.042285 0.00147804
0 0.765359 0.182942 0.0754512 0.126818 0.00137645
