0 0.840832 0.868159 0.0709803 0.263643 0.891633
0 0.293701 0.644173 0.0897051 0.283999 0.874458
0 0.745724 0.0927476 0.0986771 0.180756 0.814911
0 0.882151 0.365415 0.120526 0.271449 0.805435
0 0.117872 0.0502519 0.0669578 0.0986309 0.180108
0 0.59573 0.37964 0.124569 0.267637 0.0745266
0 0.701442 0.0873708 0.0691661 0.169772 0.0405592
0 0.719698 0.0884627 0.0805033 0.173341 0.00591963
0 0.344706 0.676837 0.0689398 0.233503 0.00181004
0 0.332462 0.649962 0.0811555 0.296943 0.00147405
0 0.687623 0.0782518 0.0627972 0.155608 0.00121109
0 0.106164 0.0440219 0.0552762 0.0846411 0.0010951
