0 0.723474 0.220305 0.0956239 0.231986 0.884982
0 0.112827 0.0529011 0.0641874 0.101215 0.559107
0 0.0554223 0.0121868 0.0662355 0.0242455 0.0685597
0 0.0621822 0.0200477 0.0718025 0.0400955 0.0290699
0 0.0956007 0.0531019 0.0766219 0.103315 0.0180168
0 0.0415594 0.0100548 0.0472952 0.0201095 0.0126809
0 0.0494994 0.0177579 0.0595292 0.0350519 0.00641713
0 0.0737174 0.0122801 0.0820025 0.0228001 0.0038864
0 0.0516265 0.00923095 0.0467083 0.0184619 0.00243088
0 0.0298456 0.00965119 0.0505115 0.0193024 0.00237643
0 0.0532061 0.0386079 0.0645984 0.0753925 0.00213756
0 0.056375 0.00898016 0.0666932 0.0179603 0.00162111
0 0.0399029 0.00982889 0.0282659 0.0196578 0.00150841
0 0.0714072 0.0421099 0.0956132 0.0842198 0.00138218
0 0.393724 0.366368 0.0766277 0.187935 0.00119275
