0 0.792004 0.321559 0.0976208 0.271397 0.82256
0 0.120466 0.0529127 0.0651347 0.103258 0.14205
0 0.0548861 0.0128874 0.0652079 0.0254457 0.0391885
0 0.0623075 0.019224 0.0724129 0.0384479 0.0190898
0 0.0413288 0.0113718 0.0533345 0.0227435 0.0132655
0 0.0475657 0.0177038 0.0613852 0.0350343 0.00784319
0 0.0737493 0.0122171 0.085601 0.0233435 0.00383987
0 0.028673 0.00913308 0.0515804 0.0182662 0.00325759
0 0.0827373 0.0444553 0.092044 0.0886712 0.00209802
0 0.0533183 0.0250137 0.0634568 0.04987 0.00196666
0 0.101303 0.0519117 0.069632 0.101308 0.00167436
0 0.0666799 0.0332848 0.0805974 0.0645827 0.00158047
0 0.0289922 0.0145793 0.0553143 0.0291348 0.00149398
0 0.0519509 0.0097406 0.0461067 0.0194812 0.00144565
0 0.0401108 0.0111861 0.0280333 0.0223722 0.00102529
