0 0.402548 0.744851 0.0735412 0.311565 0.874327
0 0.0482292 0.633664 0.086134 0.308923 0.857608
0 0.130715 0.589553 0.0809086 0.320393 0.851858
0 0.342228 0.745142 0.0636226 0.328043 0.823162
0 0.0359998 0.362738 0.0697357 0.262767 0.673345
0 0.910704 0.952424 0.116493 0.0932958 0.641528
0 0.113611 0.0521417 0.0651726 0.100556 0.0372944
0 0.0661052 0.349163 0.11255 0.25776 0.0363157
0 0.892136 0.959161 0.0849617 0.081515 0.00985353
0 0.35082 0.70068 0.0659599 0.260847 0.00651086
0 0.0284107 0.309538 0.0562036 0.230407 0.00181155
0 0.364406 0.741736 0.0942179 0.329375 0.00166263
0 0.927872 0.940794 0.122966 0.118412 0.0014316
0 0.0903127 0.325235 0.100132 0.273485 0.00134277
