0 0.695471 0.196871 0.115857 0.266081 0.883163
0 0.0475065 0.564902 0.0862763 0.298712 0.859081
0 0.233304 0.950107 0.102426 0.0997113 0.8096
0 0.840394 0.142212 0.0962782 0.233186 0.80447
0 0.953983 0.753463 0.0912472 0.306034 0.774524
0 0.11186 0.0521827 0.0677736 0.100801 0.418855
0 0.31089 0.972621 0.0643337 0.0547584 0.296091
0 0.305148 0.977425 0.0464536 0.0446783 0.0168076
0 0.0924806 0.0428622 0.069381 0.0857245 0.00804065
0 0.328909 0.97082 0.0917371 0.0583599 0.00563026
0 0.294206 0.969738 0.0819098 0.0605249 0.00522355
0 0.126018 0.0589612 0.0701268 0.113125 0.00390635
0 0.308025 0.957668 0.0654965 0.0792468 0.00236042
0 0.959797 0.702182 0.0761694 0.202741 0.00129079
0 0.309292 0.97445 0.0285079 0.0444998 0.00100872
