0 0.215947 0.904256 0.106099 0.191324 0.87377
0 0.660815 0.182935 0.118275 0.250724 0.83825
0 0.0878764 0.903965 0.0858788 0.190085 0.836142
0 0.260906 0.647524 0.0896213 0.332495 0.762892
0 0.198452 0.67397 0.0726134 0.278214 0.759771
0 0.932085 0.323395 0.117759 0.26291 0.709374
0 0.903619 0.309132 0.0882576 0.261364 0.140992
0 0.0213121 0.899388 0.0407587 0.201205 0.00705824
0 0.0509732 0.0156218 0.0662448 0.0312436 0.00544555
0 0.0410085 0.011836 0.0541489 0.0236719 0.0044884
0 0.209418 0.808304 0.0635269 0.0684489 0.00236608
0 0.06201 0.0192157 0.0733888 0.0366288 0.00219224
0 0.0344006 0.0162967 0.0594979 0.0325153 0.00196417
0 0.0526503 0.00889348 0.0621026 0.017482 0.00157034
0 0.208938 0.678199 0.0617786 0.224356 0.00109485
