0 0.690004 0.865124 0.0894401 0.269752 0.885085
0 0.101717 0.78861 0.139748 0.347816 0.867681
0 0.106177 0.439316 0.0892579 0.306575 0.841601
0 0.0274517 0.494669 0.0531807 0.305749 0.750122
0 0.922667 0.276182 0.0702559 0.164137 0.296818
0 0.110757 0.0512577 0.0680687 0.0989999 0.0629299
0 0.920419 0.310515 0.0812006 0.238618 0.0292471
0 0.0299049 0.414646 0.0594175 0.270466 0.0276077
0 0.0399061 0.461078 0.0754313 0.337235 0.011038
0 0.0914939 0.0411643 0.0719377 0.082054 0.00359484
0 0.0153714 0.478738 0.0288381 0.293925 0.00352495
0 0.0218795 0.44836 0.0429614 0.30233 0.00324695
0 0.0722626 0.430829 0.125777 0.287955 0.001556
0 0.0966179 0.0605782 0.070865 0.117845 0.00139915
0 0.129315 0.0523198 0.0690978 0.0999206 0.00132492
