0 0.69915 0.217 0.0993785 0.244852 0.868376
0 0.0526564 0.809939 0.0888926 0.342313 0.768067
0 0.981673 0.385533 0.0359137 0.291385 0.238326
0 0.114761 0.0523054 0.0632663 0.101165 0.206601
0 0.98287 0.325356 0.0325413 0.175152 0.0794486
0 0.586552 0.389615 0.108015 0.277186 0.0752846
0 0.974169 0.413331 0.0503023 0.297717 0.0310689
0 0.452286 0.120614 0.0974266 0.241227 0.00716567
0 0.442197 0.044544 0.0774425 0.0835725 0.00611708
0 0.0968127 0.0529531 0.06933 0.103016 0.00279819
0 0.965435 0.394973 0.0691293 0.305645 0.00145786
0 0.135978 0.0528366 0.0748409 0.102888 0.00119776
