0 0.842539 0.374797 0.107594 0.255083 0.823497
0 0.117689 0.0513224 0.0652268 0.100368 0.0797062
0 0.849497 0.291666 0.0825403 0.105729 0.0474422
0 0.0531206 0.0123961 0.0624049 0.0243449 0.034193
0 0.0415839 0.0105292 0.049907 0.0210584 0.0161138
0 0.0591548 0.0192568 0.06869 0.0385136 0.0116319
0 0.0433191 0.0172152 0.0562834 0.0344305 0.00545872
0 0.0517406 0.00905157 0.0464137 0.0181031 0.00223374
0 0.0294784 0.0098963 0.0520802 0.0197926 0.00199279
0 0.0740011 0.0118121 0.0763389 0.0216008 0.00169999
0 0.0403577 0.0103523 0.0281863 0.0207046 0.00153864
0 0.0554823 0.0287847 0.0680535 0.0559228 0.00134902
