0 0.665648 0.185057 0.10306 0.248164 0.878518
0 0.820155 0.891932 0.0731533 0.216136 0.819591
0 0.534574 0.0866572 0.0947862 0.172422 0.816788
0 0.763712 0.855263 0.0631625 0.28872 0.800911
0 0.062544 0.0125132 0.0718334 0.0242585 0.015348
0 0.112877 0.0489235 0.0628016 0.0930698 0.0109322
0 0.0674366 0.0188056 0.0749288 0.0376111 0.00698578
0 0.0527872 0.00950102 0.0611766 0.019002 0.00544442
0 0.798709 0.884471 0.0915026 0.231058 0.00410366
0 0.0471399 0.0140126 0.0658026 0.0270397 0.00353566
0 0.0992036 0.0446879 0.0581847 0.085684 0.00245335
0 0.0357528 0.0109016 0.0593764 0.021548 0.00235493
0 0.77442 0.82736 0.0612741 0.252119 0.00223975
0 0.398597 0.365502 0.0745111 0.184204 0.00196478
0 0.038322 0.0190429 0.0630766 0.0380858 0.0016082
0 0.783066 0.855863 0.0860948 0.284461 0.00138677
0 0.0589551 0.0161631 0.0462476 0.0319266 0.0010206
