0 0.27327 0.91235 0.111625 0.17417 0.893118
0 0.900682 0.131251 0.100492 0.210351 0.864028
0 0.713126 0.940153 0.0715343 0.11904 0.839603
0 0.809151 0.975215 0.0540292 0.0490679 0.553322
0 0.856915 0.237402 0.118618 0.201307 0.161622
0 0.707176 0.0242588 0.0935124 0.0485176 0.136731
0 0.715146 0.0168529 0.0757484 0.0333966 0.0150154
0 0.107787 0.0510724 0.0787259 0.100187 0.0093603
0 0.729502 0.023355 0.0875748 0.04671 0.00879218
0 0.687169 0.0203043 0.11392 0.0406087 0.00735726
0 0.809015 0.976647 0.0290674 0.0447428 0.0036404
0 0.717895 0.0329112 0.0851851 0.0579847 0.0032033
0 0.807114 0.965549 0.0642287 0.0623592 0.00262197
0 0.829367 0.976766 0.0907441 0.0464675 0.00218048
0 0.710276 0.0212491 0.0470698 0.0416098 0.00192562
0 0.703144 0.0294889 0.108307 0.0589778 0.00181912
0 0.86353 0.286857 0.122496 0.254411 0.00167867
0 0.0197723 0.900047 0.0354681 0.199906 0.00136248
0 0.739449 0.0163531 0.099422 0.0327062 0.00108687
0 0.877705 0.23071 0.0786005 0.184149 0.00107259
