0 0.853446 0.482143 0.0994091 0.271991 0.84863
0 0.112393 0.0524045 0.0734872 0.101458 0.326561
0 0.671333 0.0421502 0.0895616 0.0843004 0.0480654
0 0.0984594 0.0601854 0.0743295 0.11805 0.00501164
0 0.0918026 0.040451 0.0733237 0.0800819 0.00493572
0 0.649002 0.0486089 0.0954038 0.0965097 0.0028787
0 0.108758 0.0470996 0.0464777 0.0913395 0.00263564
0 0.675116 0.0290778 0.085313 0.0581556 0.00205332
0 0.135284 0.0532233 0.076888 0.103862 0.0016972
0 0.0520038 0.0110335 0.067298 0.0218799 0.00155309
0 0.677961 0.0633827 0.0893002 0.126765 0.00137335
0 0.586835 0.395347 0.119913 0.26563 0.00127081
0 0.0547628 0.0177386 0.0654571 0.0354771 0.0011346
0 0.0783523 0.327257 0.101555 0.275204 0.00104699
