0 0.580017 0.0697534 0.0749769 0.137722 0.603924
0 0.0561982 0.0128209 0.06985 0.0253669 0.0171461
0 0.064371 0.0188473 0.0784967 0.0360075 0.0107641
0 0.070366 0.0273735 0.0882777 0.0547469 0.00856242
0 0.107304 0.0463141 0.0682246 0.0879184 0.00554686
0 0.041774 0.0105951 0.0530339 0.0211902 0.00483727
0 0.0290785 0.0101742 0.0553968 0.0203484 0.0030699
0 0.569999 0.0494439 0.0741234 0.0988878 0.0029277
0 0.0389182 0.0181504 0.059016 0.0363007 0.00277365
0 0.0770933 0.0432294 0.0955765 0.0843296 0.00202379
0 0.0533876 0.0255373 0.0650236 0.0505799 0.00122253
0 0.0524248 0.0171172 0.0463583 0.0340735 0.00102011
