0 0.789195 0.341718 0.102993 0.267313 0.882629
0 0.930499 0.76545 0.111693 0.230892 0.825195
0 0.0226295 0.742618 0.0446914 0.231926 0.719106
0 0.906971 0.879767 0.106712 0.234804 0.0707237
0 0.115955 0.0516694 0.0688356 0.10152 0.0638804
0 0.918343 0.834895 0.120684 0.236278 0.0172914
0 0.545388 0.0843439 0.0794174 0.164888 0.0110751
0 0.0540597 0.0109924 0.0688102 0.0214384 0.010545
0 0.0402955 0.00992572 0.0487274 0.0198514 0.00962904
0 0.931862 0.721987 0.105496 0.155348 0.00734036
0 0.0778984 0.0296209 0.080607 0.0592418 0.00594072
0 0.886172 0.866794 0.0705265 0.223246 0.00572408
0 0.0992992 0.0450882 0.0645651 0.0880128 0.00479709
0 0.0620828 0.0135729 0.0751213 0.0271458 0.00456447
0 0.0342294 0.754788 0.0617046 0.262422 0.00233647
0 0.0345028 0.0151158 0.0527247 0.0302316 0.00194316
0 0.0289415 0.00871153 0.0471756 0.0174231 0.00174575
0 0.107401 0.0328041 0.065661 0.0656082 0.0015049
0 0.075763 0.0120246 0.0815264 0.0225721 0.0013091
0 0.0647603 0.0211305 0.0784138 0.0408857 0.0012928
0 0.0394392 0.00982075 0.0279511 0.0196415 0.00108487
