0 0.584396 0.158229 0.09559 0.217133 0.906764
0 0.2279 0.679907 0.0967719 0.316047 0.887923
0 0.146643 0.695646 0.084462 0.290705 0.882058
0 0.583309 0.961264 0.0887142 0.0774717 0.866222
0 0.354543 0.920449 0.0925354 0.159102 0.861809
0 0.27131 0.941606 0.0873365 0.116788 0.853416
0 0.905918 0.948897 0.111837 0.100646 0.836425
0 0.503227 0.95981 0.0907367 0.0792709 0.831636
0 0.108158 0.0486296 0.0790271 0.0929984 0.0132333
0 0.584169 0.961776 0.0480823 0.0760934 0.00458836
0 0.503634 0.959489 0.0481165 0.0802576 0.00453232
0 0.0909428 0.0396194 0.073698 0.0788238 0.00269113
0 0.58787 0.975503 0.0842361 0.0488572 0.0012446
