0 0.118593 0.761272 0.126472 0.308509 0.728453
0 0.112773 0.0525387 0.0696001 0.101425 0.329273
0 0.969171 0.882096 0.0614326 0.235807 0.0217357
0 0.609124 0.976451 0.0739119 0.0466927 0.0068084
0 0.970678 0.947851 0.0586437 0.104298 0.00415463
0 0.099382 0.0603718 0.0705718 0.117756 0.00223047
0 0.0974321 0.718924 0.102105 0.233022 0.00211604
0 0.979905 0.936095 0.0394163 0.127328 0.00169846
0 0.104557 0.0481971 0.0448258 0.0931432 0.00167047
0 0.0917311 0.0380916 0.0692525 0.0738574 0.00155831
0 0.977537 0.897281 0.0432985 0.201077 0.00153845
0 0.977482 0.839505 0.0450356 0.293754 0.00145299
