0 0.403684 0.923849 0.0946091 0.151773 0.895133
0 0.71571 0.862551 0.0670339 0.274899 0.866695
0 0.584814 0.107811 0.0879336 0.206481 0.839471
0 0.975262 0.77851 0.0484974 0.292568 0.736372
0 0.112668 0.0506062 0.0691398 0.0977774 0.314953
0 0.0941152 0.0397125 0.0667258 0.0775707 0.00303332
0 0.984989 0.802431 0.0281723 0.291643 0.00272912
0 0.389203 0.369542 0.0761751 0.18934 0.00158667
0 0.964286 0.816014 0.0655481 0.304433 0.00145063
0 0.978536 0.727385 0.0401873 0.210344 0.00121867
0 0.107954 0.0349499 0.0676127 0.0698999 0.0011618
0 0.0990286 0.0608637 0.0725634 0.118255 0.00114451
