0 0.956366 0.729573 0.0839506 0.223644 0.867742
0 0.257607 0.228821 0.108632 0.299629 0.122453
0 0.378891 0.46537 0.103362 0.253619 0.0669962
0 0.191274 0.425083 0.106821 0.352393 0.0209248
0 0.284934 0.245129 0.0755517 0.297275 0.0140485
0 0.354652 0.42736 0.122423 0.338837 0.0113252
0 0.333465 0.119975 0.0813175 0.221772 0.00625713
0 0.635202 0.818475 0.0662628 0.204466 0.00597507
0 0.530746 0.741849 0.103709 0.304461 0.00463787
0 0.33439 0.189959 0.0898399 0.249701 0.00347835
0 0.655634 0.833791 0.09393 0.237742 0.00336206
0 0.67475 0.854241 0.0933414 0.26529 0.0023817
0 0.302162 0.244466 0.0712118 0.278255 0.00169338
0 0.24051 0.197175 0.1045 0.291851 0.00160106
0 0.502511 0.598864 0.121625 0.309348 0.00159134
