0 0.304892 0.879652 0.110327 0.238009 0.860458
0 0.292106 0.244078 0.0792309 0.293923 0.204055
0 0.679943 0.853092 0.095368 0.270319 0.0401143
0 0.358599 0.425844 0.117767 0.304615 0.0193695
0 0.633726 0.819685 0.0703742 0.208699 0.0170061
0 0.656543 0.837246 0.0947493 0.244633 0.0159163
0 0.291959 0.302478 0.0733614 0.227704 0.0084221
0 0.308418 0.272131 0.0854333 0.286699 0.00372594
0 0.297794 0.349942 0.0902166 0.309489 0.00293228
0 0.271657 0.24658 0.0787283 0.289502 0.00267307
0 0.709008 0.914179 0.104378 0.169248 0.00260227
0 0.380132 0.458278 0.111638 0.274809 0.00257116
0 0.344028 0.107854 0.0746912 0.215109 0.00224428
0 0.499059 0.58253 0.129833 0.286884 0.00197153
0 0.62826 0.887691 0.0790734 0.22135 0.00159781
0 0.324825 0.0992305 0.0770099 0.187919 0.0011974
