0 0.753297 0.516123 0.0792192 0.206026 0.880589
0 0.353273 0.40317 0.108499 0.312367 0.0996776
0 0.677468 0.860021 0.0917408 0.265024 0.0355613
0 0.296068 0.255849 0.0630404 0.27094 0.013753
0 0.269334 0.258414 0.0864985 0.274631 0.00524607
0 0.31599 0.273327 0.0760576 0.268065 0.00469291
0 0.284242 0.230752 0.0726203 0.280497 0.00374954
0 0.710436 0.913062 0.0988955 0.171427 0.00259747
0 0.65965 0.837003 0.106186 0.247677 0.00206585
0 0.653475 0.889796 0.094004 0.218568 0.0019051
0 0.504729 0.616378 0.11286 0.334373 0.00108306
