0 0.413723 0.942008 0.0876049 0.11549 0.854826
0 0.514001 0.926499 0.0848218 0.147003 0.824077
0 0.713143 0.346126 0.100521 0.235644 0.799212
0 0.359864 0.432351 0.134779 0.344093 0.344705
0 0.672678 0.853256 0.102707 0.283179 0.0836196
0 0.170096 0.427811 0.109772 0.328915 0.0513749
0 0.283136 0.242944 0.0827826 0.281454 0.0184092
0 0.640171 0.893946 0.071366 0.211741 0.0161096
0 0.377947 0.468926 0.11614 0.268765 0.0138641
0 0.605708 0.893711 0.0791731 0.212578 0.0101939
0 0.64632 0.852788 0.0850622 0.275251 0.00734305
0 0.713951 0.916557 0.0987057 0.164889 0.00598072
0 0.301829 0.230783 0.0787315 0.281476 0.00419666
0 0.585876 0.886223 0.0883674 0.222986 0.00256104
0 0.337203 0.40241 0.113072 0.317325 0.00192593
0 0.502358 0.613905 0.117776 0.315706 0.001322
0 0.635366 0.833368 0.0666342 0.21821 0.00112233
0 0.261426 0.244058 0.0915994 0.289807 0.00105001
