0 0.472447 0.936253 0.0944837 0.12722 0.836681
0 0.809071 0.355446 0.0749262 0.196324 0.341962
0 0.884881 0.522395 0.110031 0.232274 0.286457
0 0.372331 0.458189 0.108941 0.293265 0.0711345
0 0.3583 0.411191 0.108404 0.324741 0.055956
0 0.294977 0.228191 0.0731764 0.294479 0.0274357
0 0.670931 0.864439 0.112068 0.271122 0.0220108
0 0.649331 0.886514 0.0925254 0.221605 0.00401023
0 0.272447 0.224783 0.0855463 0.301093 0.00256818
0 0.33074 0.110654 0.0744105 0.221308 0.00230954
0 0.725485 0.918637 0.0962103 0.161276 0.00206267
0 0.107886 0.278849 0.116203 0.286489 0.00187258
0 0.33317 0.428062 0.110895 0.305398 0.00134028
0 0.30797 0.119738 0.08292 0.236191 0.00116105
