0 0.739938 0.304835 0.0718623 0.203081 0.872174
0 0.405052 0.813305 0.0710182 0.273789 0.854428
0 0.676786 0.853722 0.101186 0.26861 0.0312204
0 0.642029 0.317684 0.0757431 0.203197 0.0239878
0 0.26023 0.410875 0.0961457 0.286564 0.0201044
0 0.168776 0.445674 0.103415 0.30635 0.0119731
0 0.436611 0.10459 0.0608104 0.162461 0.00865687
0 0.192063 0.431785 0.107804 0.317074 0.00342606
0 0.660451 0.820628 0.111311 0.225895 0.00281899
0 0.146418 0.461901 0.0885299 0.271906 0.00246771
0 0.350517 0.433619 0.126497 0.316196 0.0024179
0 0.457897 0.719837 0.0779202 0.266886 0.00239836
0 0.238818 0.4046 0.103227 0.314264 0.00236991
0 0.169769 0.388288 0.0886801 0.255007 0.00193516
0 0.504892 0.613387 0.111232 0.323138 0.00163306
0 0.654642 0.891768 0.0959866 0.215082 0.00159861
0 0.703966 0.909165 0.102221 0.180255 0.00150709
0 0.256835 0.349811 0.0855793 0.296832 0.00144479
0 0.281094 0.290111 0.0906865 0.278335 0.00120127
0 0.632865 0.838141 0.075251 0.238346 0.00109612
