0 0.868043 0.663844 0.0878086 0.23854 0.842915
0 0.345745 0.433149 0.113123 0.29975 0.1007
0 0.275541 0.226742 0.0765852 0.279656 0.0171574
0 0.710474 0.915711 0.106274 0.167671 0.00709898
0 0.656785 0.840804 0.0876026 0.240369 0.00621427
0 0.292671 0.241132 0.066925 0.257784 0.00501625
0 0.670737 0.867476 0.0881374 0.251612 0.00310599
0 0.686563 0.90888 0.0990497 0.181192 0.00278272
0 0.636663 0.818923 0.0750804 0.204608 0.00221995
0 0.379147 0.44517 0.0977951 0.265677 0.00134302
0 0.649024 0.892096 0.0896409 0.211591 0.00114968
0 0.509602 0.602474 0.102991 0.306038 0.0011104
