0 0.25847 0.64855 0.057072 0.21304 0.839299
0 0.306486 0.63007 0.0519537 0.233608 0.774191
0 0.845098 0.493 0.0784052 0.183484 0.650899
0 0.357877 0.427879 0.118474 0.324104 0.346843
0 0.460312 0.175173 0.081743 0.219195 0.291636
0 0.683399 0.854524 0.100382 0.272514 0.175751
0 0.270958 0.231178 0.0785258 0.270167 0.17149
0 0.251892 0.396361 0.0677835 0.276211 0.12125
0 0.379489 0.459263 0.0847546 0.268098 0.108628
0 0.195662 0.423875 0.0898366 0.329733 0.0117921
0 0.291438 0.254326 0.0743511 0.278359 0.00713494
0 0.231046 0.424063 0.10057 0.321465 0.00695791
0 0.635082 0.88513 0.0839083 0.228103 0.00308116
0 0.258448 0.273729 0.0792947 0.263417 0.00287632
0 0.338123 0.401069 0.105333 0.290089 0.00275949
0 0.285199 0.622541 0.0753102 0.250089 0.00248856
0 0.399269 0.460379 0.0744553 0.263529 0.00213566
0 0.706965 0.910895 0.107387 0.175562 0.00193242
0 0.661266 0.836215 0.105996 0.247239 0.0017183
0 0.257362 0.459635 0.0927228 0.340218 0.00163182
0 0.118379 0.195986 0.0954678 0.287709 0.0014325
0 0.279816 0.463708 0.0901445 0.285574 0.00120472
