0 0.946838 0.692903 0.0796017 0.212471 0.886421
0 0.807582 0.584309 0.0770484 0.20925 0.872364
0 0.358793 0.438598 0.129936 0.329123 0.71189
0 0.271088 0.443188 0.0972953 0.320388 0.0626547
0 0.254557 0.318879 0.089231 0.293006 0.0520871
0 0.385931 0.459026 0.100783 0.282333 0.00781636
0 0.328663 0.187503 0.105178 0.270331 0.00773082
0 0.104698 0.619803 0.10517 0.297355 0.00520721
0 0.33467 0.403204 0.110254 0.304683 0.00502394
0 0.132979 0.686864 0.0903844 0.287177 0.0048464
0 0.269086 0.227142 0.0791798 0.267371 0.0029299
0 0.498869 0.588455 0.11876 0.278051 0.00165084
0 0.248448 0.261353 0.0898197 0.259259 0.00164164
0 0.293332 0.228289 0.0765346 0.264434 0.0016294
0 0.290868 0.472224 0.0860885 0.272913 0.00150187
0 0.131135 0.616655 0.0984243 0.279514 0.00139908
0 0.168734 0.837874 0.0911842 0.28152 0.00131827
0 0.147886 0.749619 0.111975 0.333185 0.00125106
