0 0.93092 0.549566 0.109557 0.287025 0.756745
0 0.353674 0.428844 0.110393 0.306168 0.0995594
0 0.940844 0.518761 0.0816338 0.223281 0.00658229
0 0.679399 0.853361 0.0909512 0.263502 0.00506948
0 0.336321 0.388351 0.111912 0.312706 0.00237981
0 0.33195 0.166962 0.0877505 0.256824 0.00167035
0 0.344829 0.122737 0.0722356 0.208165 0.00157071
0 0.130693 0.86058 0.113806 0.246754 0.00136147
0 0.968983 0.51226 0.0568865 0.226411 0.00125434
0 0.722829 0.499821 0.0758604 0.243041 0.00111606
0 0.37591 0.460132 0.0934288 0.27932 0.00105854
