0 0.945871 0.73099 0.0868448 0.232665 0.881747
0 0.354207 0.426807 0.132385 0.33895 0.68222
0 0.196039 0.398662 0.0925551 0.300611 0.0587073
0 0.369837 0.46805 0.114833 0.260645 0.0487606
0 0.257825 0.401679 0.102058 0.298487 0.0438366
0 0.222683 0.399488 0.111628 0.309336 0.0182664
0 0.178342 0.424239 0.103075 0.31037 0.00600005
0 0.672642 0.835391 0.10128 0.251849 0.0056765
0 0.126712 0.437755 0.109831 0.312511 0.0015098
0 0.326002 0.401852 0.125959 0.312325 0.00134303
0 0.157936 0.460238 0.108274 0.277498 0.00133358
