0 0.852266 0.541169 0.0721399 0.194044 0.866381
0 0.35 0.428207 0.125055 0.345842 0.659245
0 0.244876 0.397997 0.0761714 0.272169 0.065252
0 0.671582 0.852759 0.0969928 0.265931 0.0379004
0 0.220108 0.397719 0.123561 0.283621 0.0219504
0 0.293709 0.231505 0.0665295 0.270729 0.013826
0 0.651651 0.822322 0.0939842 0.217104 0.00958072
0 0.377169 0.461704 0.11345 0.275374 0.00727965
0 0.632628 0.82884 0.0683558 0.225626 0.00636929
0 0.270409 0.226306 0.078841 0.274068 0.00496371
0 0.326987 0.187153 0.0970469 0.265714 0.00382219
0 0.727992 0.915471 0.0973526 0.169058 0.00276614
0 0.650494 0.889885 0.0848323 0.219247 0.00215372
0 0.501028 0.618624 0.118248 0.322462 0.00112491
