0 0.294967 0.91375 0.0688894 0.171924 0.891479
0 0.349612 0.419607 0.123072 0.333334 0.528487
0 0.50173 0.609775 0.113435 0.314888 0.0836305
0 0.671097 0.867683 0.0909 0.258662 0.0282732
0 0.721618 0.915437 0.105788 0.167708 0.0176298
0 0.297321 0.256118 0.0749119 0.301027 0.0167118
0 0.651882 0.892065 0.0894146 0.213263 0.0113935
0 0.278332 0.247935 0.0915717 0.314149 0.00908655
0 0.315771 0.274905 0.0795674 0.270326 0.00662796
0 0.369444 0.456549 0.114837 0.281302 0.00413944
0 0.698891 0.915672 0.0753113 0.165547 0.00225748
0 0.659654 0.821375 0.106294 0.218724 0.00191799
