0 0.96136 0.604695 0.0758024 0.208867 0.838806
0 0.37238 0.438713 0.129521 0.330926 0.202157
0 0.677172 0.854074 0.112861 0.28445 0.201197
0 0.501785 0.616509 0.107943 0.291806 0.0514181
0 0.346665 0.415167 0.124756 0.329625 0.0127956
0 0.711872 0.915396 0.104071 0.165567 0.00482124
0 0.419304 0.113794 0.0859202 0.221847 0.00416787
0 0.633338 0.879578 0.0843919 0.240844 0.00295868
0 0.65882 0.811311 0.114559 0.215608 0.0025274
0 0.657683 0.876177 0.106417 0.247645 0.0020822
0 0.705363 0.848362 0.10709 0.284125 0.00131023
0 0.623663 0.81785 0.0689066 0.228477 0.0013008
