0 0.755635 0.370544 0.0746702 0.208731 0.878688
0 0.683259 0.413198 0.0756484 0.227597 0.721926
0 0.366926 0.433201 0.118639 0.300364 0.291227
0 0.454105 0.13374 0.0714685 0.180045 0.0600193
0 0.72652 0.916074 0.0931176 0.166906 0.00889705
0 0.518525 0.112767 0.0868403 0.220006 0.00570476
0 0.438331 0.120428 0.0844204 0.208931 0.00301116
0 0.676812 0.853446 0.0830364 0.254922 0.00260862
0 0.338176 0.413515 0.102657 0.316225 0.00199367
0 0.657565 0.844508 0.088306 0.247845 0.00177867
0 0.275224 0.314798 0.0847452 0.282003 0.00136425
