0 0.76585 0.475673 0.0788828 0.200631 0.906984
0 0.353765 0.426269 0.11988 0.328354 0.538162
0 0.379574 0.458775 0.12273 0.273053 0.106752
0 0.24414 0.445341 0.100205 0.332637 0.0214778
0 0.226307 0.402672 0.119535 0.342063 0.0201978
0 0.279425 0.460529 0.0794046 0.277711 0.0142338
0 0.683389 0.861499 0.117622 0.277001 0.010605
0 0.659092 0.871764 0.102328 0.255895 0.00453617
0 0.632415 0.817849 0.0703968 0.202218 0.00274081
0 0.103363 0.461214 0.115135 0.316093 0.002546
0 0.157247 0.445165 0.120485 0.309283 0.00213097
0 0.637339 0.881537 0.0784108 0.236925 0.00200507
0 0.206083 0.462727 0.119776 0.328594 0.00170559
0 0.266684 0.410441 0.0926757 0.320901 0.00167925
0 0.244305 0.355325 0.0975811 0.337723 0.00167585
0 0.259247 0.484753 0.0967485 0.317408 0.00136812
0 0.337145 0.387867 0.106662 0.292473 0.00132953
0 0.0692922 0.188754 0.109224 0.316983 0.00131402
0 0.405453 0.471955 0.111632 0.264938 0.00129636
0 0.243768 0.275217 0.0908464 0.287638 0.00107098
0 0.706162 0.83443 0.14178 0.33114 0.00106391
0 0.119366 0.180164 0.0882346 0.280338 0.00105544
0 0.464665 0.0972531 0.0890213 0.184962 0.00102108
