0 0.516259 0.862982 0.0785571 0.263069 0.826899
0 0.285742 0.710886 0.116456 0.220606 0.651444
0 0.67278 0.855787 0.106756 0.284523 0.228785
0 0.249509 0.811913 0.0815044 0.26723 0.0337449
0 0.35055 0.420897 0.120036 0.325963 0.0327518
0 0.273432 0.81082 0.10404 0.278657 0.0251969
0 0.231922 0.825352 0.0822845 0.289161 0.0100544
0 0.271706 0.738913 0.111436 0.166964 0.00908752
0 0.297898 0.677806 0.0938457 0.172403 0.00776265
0 0.60613 0.870949 0.0689591 0.245759 0.00762086
0 0.619709 0.851126 0.0609458 0.243102 0.00521825
0 0.289826 0.775007 0.116619 0.311727 0.00482527
0 0.658007 0.810199 0.102263 0.232095 0.00336619
0 0.630827 0.810872 0.0647477 0.228095 0.00292729
0 0.625344 0.874968 0.0879482 0.250064 0.00241921
0 0.651353 0.888671 0.0928351 0.222657 0.00170358
0 0.255724 0.75477 0.0759537 0.166514 0.00167251
0 0.311251 0.710521 0.0794192 0.236911 0.00104601
