0 0.695957 0.413395 0.0787278 0.199589 0.867097
0 0.358513 0.426129 0.129685 0.341611 0.68539
0 0.265965 0.415402 0.100197 0.343146 0.588483
0 0.676137 0.853622 0.0980504 0.269809 0.0632334
0 0.281902 0.290075 0.076807 0.285521 0.0105591
0 0.269462 0.338618 0.0921662 0.312404 0.0085405
0 0.0572434 0.304431 0.0998084 0.295769 0.00796853
0 0.378527 0.468508 0.112355 0.26381 0.00676527
0 0.246964 0.455439 0.114458 0.335004 0.00525983
0 0.346517 0.117326 0.0705005 0.21216 0.00448108
0 0.293733 0.228662 0.0802588 0.289409 0.00432365
0 0.32196 0.18353 0.0895049 0.26574 0.00402392
0 0.338147 0.389927 0.126874 0.312354 0.00277305
0 0.247201 0.371159 0.113233 0.331922 0.00269963
0 0.266665 0.41254 0.0857857 0.230064 0.00267352
0 0.271439 0.223334 0.0836267 0.289681 0.00241688
0 0.659757 0.82376 0.110338 0.245274 0.00239358
0 0.682994 0.438193 0.101006 0.257623 0.00227833
0 0.506672 0.647249 0.110645 0.339831 0.001983
0 0.705634 0.912946 0.104602 0.172799 0.00160429
0 0.260674 0.284157 0.100688 0.305395 0.00139098
0 0.277008 0.473327 0.100447 0.315985 0.0013541
0 0.0348568 0.303535 0.0687751 0.280815 0.00111057
