0 0.286404 0.653707 0.0786606 0.252373 0.726678
0 0.329508 0.95951 0.0844845 0.0809793 0.680513
0 0.358115 0.442668 0.115345 0.301124 0.287574
0 0.256952 0.397439 0.0945986 0.272278 0.0655002
0 0.547942 0.242643 0.0924698 0.211825 0.0469641
0 0.672606 0.84726 0.114653 0.289231 0.024608
0 0.291499 0.231309 0.0663453 0.275931 0.0237986
0 0.71965 0.916412 0.104557 0.16635 0.0219076
0 0.378349 0.47177 0.0856193 0.262054 0.0107166
0 0.502738 0.61918 0.117513 0.323179 0.0102482
0 0.327803 0.961599 0.0477953 0.0763506 0.0086749
0 0.344829 0.110649 0.0690691 0.221299 0.0057057
0 0.34622 0.390535 0.119493 0.298848 0.00362438
0 0.325007 0.197671 0.104933 0.305927 0.00331563
0 0.236268 0.384554 0.0954287 0.283477 0.00322684
0 0.349746 0.954072 0.116241 0.0914373 0.00304258
0 0.273954 0.240727 0.0844381 0.286905 0.00294979
0 0.64691 0.833708 0.0905732 0.258346 0.00290465
0 0.264074 0.649529 0.0990839 0.250109 0.00259272
0 0.330564 0.942009 0.0979669 0.101448 0.00254355
0 0.866826 0.964386 0.110165 0.0712274 0.00231021
0 0.689202 0.911181 0.117738 0.175647 0.00229919
0 0.257016 0.324939 0.0897397 0.288821 0.00216085
0 0.310046 0.649238 0.105253 0.257332 0.00207199
0 0.312684 0.954524 0.0792206 0.0888485 0.00197169
0 0.596771 0.871474 0.0762117 0.23758 0.00165247
0 0.184344 0.463339 0.0994465 0.324173 0.00155511
0 0.628517 0.876371 0.0843858 0.247259 0.00116162
0 0.129243 0.439347 0.109157 0.335842 0.00100768
