0 0.36013 0.671107 0.0687361 0.256396 0.81089
0 0.502997 0.601919 0.108346 0.302308 0.0974245
0 0.672518 0.836658 0.111978 0.250276 0.0353121
0 0.347614 0.426499 0.11022 0.283361 0.0226451
0 0.524564 0.0850756 0.04843 0.163394 0.00337928
0 0.171892 0.462917 0.111123 0.316511 0.00230344
0 0.458738 0.689573 0.062025 0.23978 0.00207274
0 0.645178 0.832686 0.0997217 0.236282 0.00182152
0 0.440957 0.105818 0.0769284 0.19023 0.00143105
0 0.680064 0.893414 0.111034 0.210445 0.00138036
0 0.706117 0.914477 0.106762 0.168849 0.00132961
0 0.192488 0.431436 0.0883128 0.316253 0.00131925
0 0.525227 0.598026 0.0692742 0.288867 0.00115699
