0 0.240493 0.647567 0.0740644 0.24996 0.872636
0 0.344915 0.943672 0.0854947 0.112161 0.744107
0 0.358119 0.432225 0.122533 0.322111 0.301304
0 0.37858 0.456534 0.0957298 0.274447 0.0155218
0 0.268152 0.257521 0.109874 0.303188 0.0117381
0 0.657392 0.818454 0.10807 0.252919 0.0106066
0 0.319661 0.941803 0.129984 0.116292 0.010603
0 0.633167 0.818151 0.0769058 0.230878 0.00599838
0 0.507825 0.615118 0.107219 0.309822 0.00398018
0 0.725656 0.916972 0.0970605 0.164348 0.00301729
0 0.319416 0.179146 0.104027 0.26874 0.00290589
0 0.336859 0.403289 0.115729 0.290916 0.00203142
0 0.247103 0.28645 0.109994 0.299427 0.00202796
0 0.256242 0.211854 0.0910691 0.282718 0.00148862
0 0.27812 0.0853323 0.0746356 0.167682 0.00108497
