0 0.267608 0.809103 0.0947495 0.23335 0.855361
0 0.19896 0.571935 0.0715518 0.22162 0.770814
0 0.269802 0.267904 0.0864519 0.291405 0.669492
0 0.331816 0.185858 0.0957403 0.251882 0.043434
0 0.25802 0.213064 0.0875119 0.288732 0.0218473
0 0.293772 0.117008 0.0723552 0.199258 0.0191753
0 0.284933 0.149096 0.0865169 0.269711 0.00645787
0 0.0454055 0.336769 0.0893008 0.29361 0.00619568
0 0.350571 0.42543 0.116858 0.323893 0.00483892
0 0.297091 0.2184 0.0894633 0.305501 0.00349217
0 0.0679597 0.320863 0.105188 0.293724 0.00281343
0 0.306447 0.16443 0.098379 0.282992 0.00269482
0 0.244448 0.251521 0.0944562 0.307022 0.00232402
0 0.184498 0.543873 0.0874597 0.25589 0.00188592
0 0.306758 0.102889 0.0631586 0.184848 0.00145734
0 0.0919678 0.337547 0.101336 0.290053 0.00100484
