0 0.831059 0.491533 0.10615 0.258141 0.702426
0 0.81052 0.481318 0.0701172 0.255108 0.131233
0 0.369209 0.453918 0.105621 0.274382 0.119537
0 0.854285 0.453726 0.0733589 0.159063 0.101616
0 0.809291 0.469774 0.0473569 0.221942 0.0250437
0 0.642735 0.879678 0.0889931 0.240158 0.0184322
0 0.675233 0.845591 0.115477 0.274905 0.0171561
0 0.827067 0.458858 0.0778131 0.192576 0.00953418
0 0.33346 0.114827 0.0849814 0.222579 0.00876867
0 0.347827 0.431697 0.126966 0.294841 0.00781583
0 0.648003 0.818301 0.0940579 0.224162 0.00608043
0 0.306286 0.0848331 0.0820508 0.169666 0.00560153
0 0.853706 0.494025 0.0932577 0.243286 0.00247059
0 0.722881 0.913629 0.0988301 0.170822 0.00239612
0 0.291793 0.257104 0.0987077 0.299929 0.00225338
0 0.280403 0.475778 0.0936582 0.255512 0.00168147
0 0.285198 0.084966 0.0830811 0.16892 0.00113623
0 0.626335 0.808072 0.0695091 0.207833 0.00110356
