0 0.949048 0.510381 0.0680235 0.200314 0.79541
0 0.891277 0.524942 0.0684906 0.252843 0.396348
0 0.909204 0.498856 0.0601572 0.2236 0.140717
0 0.367762 0.462417 0.101076 0.267136 0.0779642
0 0.729804 0.242339 0.106829 0.247436 0.0631544
0 0.680136 0.861578 0.0892463 0.264081 0.0487483
0 0.502347 0.589182 0.127769 0.300685 0.0328216
0 0.351273 0.433961 0.124553 0.335029 0.0301815
0 0.280607 0.303659 0.0793978 0.276782 0.0155306
0 0.927437 0.496559 0.0579407 0.212781 0.0101283
0 0.260531 0.305687 0.0825245 0.279299 0.00604117
0 0.28588 0.243398 0.0768939 0.282733 0.00538542
0 0.633981 0.819677 0.0593547 0.195763 0.00440246
0 0.707992 0.235124 0.0824178 0.230926 0.00345207
0 0.63013 0.883256 0.0794257 0.233489 0.00308467
0 0.303878 0.289154 0.0838176 0.282128 0.00219942
0 0.328351 0.281424 0.11518 0.297687 0.00205493
0 0.62102 0.257414 0.0882824 0.240029 0.00203365
0 0.727015 0.91709 0.106834 0.165234 0.00148604
0 0.875324 0.515534 0.0755545 0.252172 0.00138646
0 0.254276 0.375156 0.0932631 0.31426 0.00125197
0 0.518022 0.634759 0.0936989 0.320461 0.00121648
0 0.658443 0.875816 0.1009 0.248368 0.00115323
0 0.753933 0.243168 0.0917224 0.255947 0.00105224
