0 0.357927 0.430092 0.119099 0.342146 0.740147
0 0.81046 0.345643 0.0740232 0.207773 0.416723
0 0.179605 0.706627 0.105903 0.289768 0.379615
0 0.781623 0.346112 0.05971 0.222341 0.249978
0 0.27208 0.290417 0.074629 0.251504 0.224687
0 0.755114 0.368977 0.0710265 0.265023 0.165331
0 0.732183 0.368761 0.109093 0.277786 0.0690874
0 0.377269 0.471452 0.114366 0.264331 0.0675749
0 0.29402 0.251477 0.0724681 0.298374 0.0580243
0 0.204501 0.693916 0.0942602 0.292629 0.00629136
0 0.71171 0.915707 0.0980449 0.166933 0.00506844
0 0.286851 0.335288 0.0807976 0.307091 0.00465177
0 0.309442 0.276683 0.0756854 0.281071 0.00430434
0 0.159933 0.73965 0.123221 0.317441 0.00430158
0 0.181561 0.633138 0.0957639 0.287462 0.00411939
0 0.33805 0.3889 0.100254 0.289894 0.00328275
0 0.271513 0.227016 0.0831862 0.284658 0.0027368
0 0.260804 0.334189 0.0825817 0.301409 0.00204719
0 0.650993 0.879363 0.0902126 0.238094 0.00203343
0 0.130627 0.719324 0.0993808 0.277948 0.00171187
0 0.259033 0.262677 0.0839528 0.258292 0.0015787
0 0.454222 0.170277 0.0745272 0.217473 0.00150935
0 0.311324 0.227147 0.0917208 0.315971 0.00144798
0 0.685277 0.908811 0.092339 0.181004 0.00143137
