0 0.273838 0.807272 0.0757626 0.250958 0.819928
0 0.176341 0.840108 0.0955308 0.285486 0.57776
0 0.352168 0.415224 0.115996 0.327064 0.420236
0 0.676852 0.85115 0.107458 0.279438 0.241121
0 0.63239 0.838027 0.0676249 0.229785 0.0290845
0 0.500094 0.589774 0.129337 0.296686 0.0215278
0 0.62227 0.878577 0.0775823 0.241113 0.0178309
0 0.656735 0.82461 0.100982 0.235457 0.013719
0 0.180205 0.794489 0.0752339 0.212683 0.0124093
0 0.517899 0.613806 0.0854602 0.320416 0.00999866
0 0.257061 0.385783 0.0878423 0.282299 0.00671869
0 0.281707 0.243373 0.0799814 0.278921 0.00601412
0 0.30265 0.244441 0.068174 0.275917 0.00366787
0 0.267753 0.342713 0.0814729 0.299352 0.00362883
0 0.199462 0.836259 0.0790847 0.273072 0.00313594
0 0.701775 0.83695 0.11884 0.318815 0.00299294
0 0.369498 0.455083 0.115174 0.274656 0.00207113
0 0.248156 0.337139 0.0869067 0.277975 0.00157141
0 0.323564 0.427026 0.114638 0.304392 0.00139874
0 0.139606 0.838292 0.117166 0.273752 0.00126226
0 0.644001 0.891158 0.0880642 0.217498 0.00119489
0 0.25906 0.291435 0.0816545 0.27741 0.00117278
0 0.295435 0.310111 0.0734059 0.299843 0.00105915
