0 0.872687 0.648152 0.0820864 0.219329 0.884492
0 0.220895 0.615465 0.107979 0.257928 0.784045
0 0.372411 0.438948 0.125297 0.326249 0.73429
0 0.277345 0.87431 0.0582078 0.233985 0.610824
0 0.479529 0.724956 0.125883 0.290481 0.563147
0 0.22821 0.87856 0.0542539 0.233334 0.557803
0 0.249939 0.875573 0.0955875 0.244779 0.17997
0 0.392841 0.47077 0.113463 0.262209 0.0639972
0 0.276181 0.256356 0.0920387 0.290188 0.0564674
0 0.683626 0.850967 0.106738 0.277303 0.0205432
0 0.655493 0.843632 0.0949901 0.261295 0.00858653
0 0.250083 0.273019 0.0826548 0.269694 0.00557298
0 0.64401 0.812192 0.0761383 0.209302 0.00541603
0 0.509537 0.615814 0.0976624 0.276862 0.00490278
0 0.231518 0.826985 0.0776776 0.268268 0.00484459
0 0.414311 0.484806 0.0873582 0.24895 0.00439215
0 0.215735 0.869307 0.0589036 0.250252 0.00368304
0 0.299355 0.259536 0.090877 0.282474 0.00356559
0 0.640562 0.879443 0.078172 0.237195 0.00315034
0 0.193975 0.604551 0.116268 0.258676 0.00200144
0 0.358902 0.390609 0.0977176 0.27469 0.00195037
0 0.452155 0.715456 0.0937461 0.282132 0.0014026
