0 0.287647 0.935847 0.0678686 0.128306 0.86978
0 0.338503 0.924596 0.052706 0.149893 0.745108
0 0.159884 0.696436 0.0873179 0.293797 0.314187
0 0.292342 0.226579 0.0656934 0.233679 0.0971009
0 0.169107 0.634533 0.0766485 0.265135 0.0899921
0 0.35196 0.409031 0.11544 0.318744 0.0842955
0 0.675228 0.85798 0.102446 0.270055 0.0733154
0 0.134519 0.713021 0.108993 0.29261 0.0654446
0 0.170318 0.880922 0.0794742 0.236206 0.0432021
0 0.105006 0.717144 0.0822681 0.289328 0.0418267
0 0.0495476 0.742202 0.0933955 0.267861 0.0239478
0 0.128176 0.661917 0.0843539 0.266109 0.0136419
0 0.178886 0.710771 0.0882361 0.290203 0.0114524
0 0.304446 0.204386 0.0927821 0.254842 0.00959697
0 0.0795772 0.718813 0.0989856 0.289183 0.00921171
0 0.0685726 0.78089 0.102104 0.301703 0.00716811
0 0.113049 0.664318 0.0632683 0.224646 0.0071292
0 0.656817 0.820546 0.106818 0.21534 0.00629514
0 0.428191 0.248102 0.0664349 0.236545 0.00468882
0 0.504557 0.614052 0.106243 0.310265 0.00424866
0 0.149135 0.634057 0.0805616 0.272841 0.00347144
0 0.0949794 0.774556 0.0896723 0.312326 0.00340294
0 0.635065 0.881245 0.091024 0.237509 0.00298548
0 0.131689 0.875854 0.106981 0.244419 0.0020506
0 0.331602 0.195616 0.100349 0.270169 0.00177089
0 0.181148 0.601424 0.0862348 0.300463 0.00173285
0 0.635343 0.818129 0.072606 0.205997 0.00169105
0 0.274944 0.214021 0.0778641 0.242113 0.00166201
0 0.724191 0.920163 0.0963768 0.159035 0.00148862
0 0.134234 0.602522 0.0980183 0.312521 0.00141638
0 0.0476597 0.666667 0.0844392 0.28572 0.00141117
0 0.344439 0.106377 0.0734582 0.209894 0.00139071
0 0.043944 0.811271 0.0823167 0.280946 0.00138643
0 0.108081 0.839521 0.0886703 0.256536 0.00127607
0 0.149712 0.892765 0.0873036 0.214469 0.00120163
