0 0.135928 0.689262 0.0775086 0.223906 0.850338
0 0.962206 0.723244 0.0755871 0.234241 0.826523
0 0.268561 0.186458 0.0884101 0.243277 0.00561041
0 0.758065 0.70042 0.0633403 0.100005 0.00543874
0 0.641686 0.829678 0.0808282 0.222289 0.0044575
0 0.343044 0.123768 0.0770516 0.208931 0.00251741
0 0.354231 0.429141 0.120718 0.297443 0.00214225
0 0.965908 0.685368 0.0666512 0.163169 0.00180716
0 0.329763 0.171474 0.0982014 0.26651 0.00139069
0 0.752177 0.693087 0.0469511 0.0773426 0.00119521
0 0.498472 0.588535 0.128844 0.29531 0.00115749
0 0.857945 0.965258 0.112146 0.0694846 0.00112983
