0 0.313268 0.751144 0.0839877 0.238652 0.843123
0 0.187029 0.748608 0.101167 0.189137 0.75023
0 0.353313 0.415076 0.111316 0.319715 0.568791
0 0.672143 0.855198 0.101807 0.270498 0.19559
0 0.627249 0.82674 0.0641067 0.212985 0.0245617
0 0.653442 0.822937 0.104565 0.218772 0.0221737
0 0.368527 0.452652 0.0992256 0.265457 0.00728974
0 0.180884 0.446477 0.0773349 0.240735 0.00534438
0 0.636153 0.879016 0.0892331 0.241968 0.00400247
0 0.159308 0.446341 0.0935739 0.246804 0.00238412
0 0.709026 0.912838 0.100876 0.172995 0.00213962
0 0.13354 0.449603 0.0900671 0.258298 0.0012526
0 0.193624 0.798295 0.111054 0.28533 0.00116312
