0 0.284707 0.621351 0.0809526 0.237138 0.84376
0 0.198749 0.627327 0.0743864 0.246682 0.775282
0 0.476778 0.947979 0.102966 0.103496 0.747534
0 0.286356 0.815847 0.07597 0.237158 0.277986
0 0.968107 0.703668 0.0617077 0.222814 0.245139
0 0.370107 0.460301 0.0981232 0.259275 0.21774
0 0.670682 0.834961 0.102573 0.245597 0.0337255
0 0.349132 0.440698 0.120516 0.291595 0.0233158
0 0.19628 0.679795 0.0874081 0.335214 0.0207782
0 0.256379 0.249828 0.100336 0.31445 0.0101903
0 0.65455 0.875158 0.0950294 0.246582 0.00741861
0 0.977744 0.684736 0.0432795 0.199904 0.00267579
0 0.636751 0.886045 0.0763146 0.219541 0.00218484
0 0.270304 0.832748 0.0903588 0.233532 0.00171227
0 0.986237 0.697629 0.026075 0.213216 0.00156689
0 0.280699 0.761206 0.0968874 0.345387 0.00129771
0 0.645393 0.832331 0.0888419 0.233015 0.00105814
