0 0.281381 0.924779 0.069791 0.149055 0.86156
0 0.336146 0.929255 0.0617404 0.141491 0.843895
0 0.279554 0.699356 0.0802248 0.264066 0.633238
0 0.511424 0.587756 0.0985307 0.258461 0.321052
0 0.648843 0.815813 0.083427 0.201456 0.300416
0 0.371498 0.455991 0.115085 0.262012 0.222717
0 0.233917 0.701041 0.0495895 0.22703 0.131963
0 0.252263 0.709069 0.0832057 0.262216 0.10848
0 0.667028 0.828977 0.107093 0.23091 0.0267439
0 0.39245 0.481058 0.0910295 0.248848 0.0145396
0 0.462928 0.723854 0.110261 0.272934 0.00534528
0 0.350612 0.412009 0.118186 0.319983 0.00506153
0 0.241564 0.668275 0.0563276 0.241593 0.00473913
0 0.233238 0.69889 0.0815622 0.244961 0.00454236
0 0.296004 0.696249 0.0631452 0.243479 0.00322382
0 0.332363 0.106278 0.0771029 0.207841 0.00278063
0 0.3357 0.18774 0.104463 0.283502 0.0023065
0 0.225083 0.738408 0.0638547 0.26842 0.00168126
0 0.672819 0.879979 0.0984041 0.240041 0.00161448
0 0.517205 0.642513 0.0862267 0.290228 0.00153
0 0.635236 0.797524 0.0669105 0.18839 0.0015055
