0 0.429592 0.905207 0.0751667 0.187394 0.856069
0 0.358201 0.455898 0.118405 0.319518 0.554218
0 0.379022 0.483865 0.1026 0.290687 0.039664
0 0.503015 0.616094 0.119774 0.3362 0.0254329
0 0.336209 0.418119 0.126433 0.304778 0.0234474
0 0.256103 0.183438 0.0916655 0.249169 0.0136052
0 0.281747 0.245902 0.106741 0.300407 0.00438561
0 0.670166 0.865153 0.104353 0.269693 0.00226753
0 0.403462 0.462736 0.0898214 0.271505 0.00201558
0 0.855029 0.965127 0.0863766 0.0687507 0.00155861
0 0.235674 0.21128 0.0992452 0.274942 0.0014004
