0 0.350034 0.426278 0.13318 0.33269 0.74327
0 0.592167 0.21289 0.0848765 0.212118 0.379241
0 0.731232 0.437414 0.0684847 0.19519 0.117145
0 0.704075 0.369739 0.101395 0.294397 0.044036
0 0.3741 0.458263 0.10488 0.276051 0.016535
0 0.72232 0.915743 0.086337 0.167531 0.00786276
0 0.657317 0.878708 0.0924615 0.236245 0.00712993
0 0.305355 0.257116 0.0683572 0.263181 0.00468416
0 0.674747 0.857708 0.0866695 0.253046 0.00413201
0 0.283196 0.244533 0.0711471 0.275428 0.00329377
0 0.85403 0.964438 0.0894918 0.0706091 0.00239405
0 0.637662 0.896293 0.0745702 0.203377 0.00225357
0 0.325687 0.400303 0.12984 0.317683 0.00197492
0 0.639118 0.815904 0.0776632 0.210558 0.00195932
0 0.354911 0.377522 0.100669 0.259767 0.00158391
0 0.716456 0.434644 0.08636 0.223692 0.00134392
0 0.345256 0.276757 0.111566 0.270668 0.00117739
0 0.254424 0.38763 0.085146 0.301723 0.00104127
