0 0.970341 0.780093 0.0575853 0.173527 0.801331
0 0.282736 0.256542 0.0966553 0.28583 0.149372
0 0.677567 0.857219 0.0925591 0.264891 0.0430937
0 0.658386 0.873755 0.0976602 0.250229 0.0260653
0 0.633416 0.8212 0.0644418 0.195073 0.0188845
0 0.259218 0.244296 0.113506 0.285458 0.0169428
0 0.637669 0.879502 0.0817448 0.240995 0.0135292
0 0.231461 0.248368 0.0882567 0.248964 0.00945922
0 0.653444 0.821314 0.0910686 0.208592 0.00377025
0 0.301415 0.232489 0.0797597 0.278893 0.00291495
0 0.0702079 0.247304 0.115722 0.282396 0.00216984
0 0.963719 0.801523 0.0725612 0.215789 0.00189752
0 0.530517 0.737554 0.0961704 0.312029 0.00119526
0 0.354782 0.412115 0.109882 0.322702 0.00109168
