0 0.679049 0.394884 0.0731808 0.213732 0.855616
0 0.366333 0.428267 0.116062 0.301638 0.361133
0 0.620155 0.800854 0.0664937 0.191339 0.06432
0 0.673914 0.857352 0.0951327 0.274569 0.0611256
0 0.291409 0.305737 0.0564026 0.196134 0.0192589
0 0.378321 0.473007 0.113037 0.252153 0.0169926
0 0.504059 0.604488 0.115683 0.290268 0.0138452
0 0.63573 0.808428 0.0736629 0.200868 0.00953598
0 0.656797 0.819099 0.0954844 0.225519 0.00279226
0 0.690392 0.82826 0.109921 0.268599 0.00109849
0 0.976051 0.432146 0.0462519 0.233165 0.00106648
