0 0.2519 0.773437 0.0646343 0.248685 0.83914
0 0.20269 0.78857 0.0537241 0.227393 0.75781
0 0.348175 0.421984 0.121413 0.328846 0.423283
0 0.669745 0.845851 0.114563 0.272608 0.0716935
0 0.280728 0.228766 0.0808505 0.281297 0.044059
0 0.232109 0.76329 0.0766015 0.215714 0.0211729
0 0.656553 0.812165 0.10045 0.209654 0.0170726
0 0.284135 0.162463 0.077373 0.271887 0.0114837
0 0.6351 0.887398 0.0785965 0.225205 0.00962332
0 0.261155 0.239007 0.0895365 0.284201 0.00904218
0 0.301229 0.229944 0.0721527 0.272144 0.0085102
0 0.722664 0.917329 0.0986974 0.163408 0.00507872
0 0.343614 0.111249 0.0670846 0.222497 0.00413148
0 0.30079 0.149996 0.0695108 0.250926 0.00300504
0 0.322101 0.184823 0.0951891 0.280687 0.00295231
0 0.64145 0.841296 0.0775128 0.254303 0.00259844
0 0.259439 0.163502 0.0889627 0.275565 0.002542
0 0.198167 0.751628 0.0521359 0.179498 0.00134254
0 0.366471 0.454615 0.110369 0.283799 0.00118582
0 0.24473 0.195639 0.0881523 0.283096 0.00115666
0 0.209638 0.760474 0.0547433 0.162224 0.00111236
0 0.327051 0.279763 0.108243 0.306227 0.00106223
0 0.190853 0.801112 0.0594822 0.244848 0.00104804
