0 0.260446 0.817421 0.0599688 0.227954 0.836572
0 0.765996 0.464809 0.0751709 0.199671 0.780394
0 0.351449 0.426685 0.132718 0.345088 0.138743
0 0.256649 0.401655 0.0942119 0.294722 0.0267692
0 0.277631 0.429101 0.100351 0.305359 0.00498388
0 0.672134 0.862716 0.0987154 0.274568 0.00450682
0 0.233124 0.410729 0.111231 0.294875 0.00411171
0 0.324769 0.401969 0.128732 0.316726 0.00385988
0 0.196973 0.412192 0.106465 0.308579 0.00163343
0 0.299993 0.435096 0.111429 0.339765 0.00130109
0 0.501423 0.617839 0.123464 0.318937 0.00104513
