0 0.780653 0.499753 0.0813725 0.213506 0.881153
0 0.357736 0.421784 0.138065 0.340068 0.405213
0 0.523904 0.618596 0.0733236 0.314673 0.0258388
0 0.183451 0.397679 0.0989235 0.307029 0.0228507
0 0.158472 0.419491 0.125956 0.335098 0.0174285
0 0.248004 0.395362 0.107886 0.355355 0.0157765
0 0.217992 0.397818 0.110742 0.301422 0.0103138
0 0.673279 0.865432 0.0984191 0.269136 0.00696131
0 0.132546 0.440559 0.101458 0.322806 0.00413084
0 0.323892 0.398843 0.130968 0.325404 0.00376674
0 0.107822 0.432592 0.109069 0.339095 0.00274921
0 0.245193 0.33644 0.076439 0.266742 0.0017363
0 0.302428 0.987334 0.0680674 0.0253316 0.00156543
0 0.695041 0.832245 0.103748 0.280718 0.00131416
0 0.705474 0.913891 0.0976426 0.169091 0.00126822
0 0.6494 0.892643 0.0894222 0.208554 0.00116316
