0 0.728513 0.499584 0.0885894 0.215255 0.859038
0 0.964808 0.755273 0.0686874 0.206164 0.825056
0 0.678458 0.856089 0.0899544 0.266199 0.0968569
0 0.630154 0.829727 0.0692331 0.20966 0.0147951
0 0.659326 0.835454 0.10149 0.231299 0.00836643
0 0.626014 0.876773 0.0824981 0.246454 0.00414183
0 0.346538 0.428786 0.111062 0.293285 0.00309877
0 0.5019 0.615086 0.118662 0.317779 0.00309853
0 0.722107 0.917048 0.10308 0.165358 0.00259763
0 0.278255 0.293977 0.0886636 0.260292 0.00145296
0 0.61512 0.821672 0.0615122 0.194837 0.00119698
