0 0.734821 0.396086 0.0752692 0.179438 0.866713
0 0.31502 0.889384 0.0612471 0.220388 0.808677
0 0.354516 0.434547 0.133587 0.352786 0.749193
0 0.293683 0.242458 0.0748809 0.278765 0.0234232
0 0.505062 0.633573 0.108305 0.335309 0.016437
0 0.674598 0.854314 0.0863608 0.267585 0.00693504
0 0.375307 0.470798 0.107777 0.277574 0.00656352
0 0.655954 0.820312 0.0938487 0.22938 0.00330982
0 0.319843 0.242841 0.103488 0.334755 0.00284224
0 0.711805 0.913409 0.095239 0.17036 0.00271711
0 0.634542 0.818085 0.071796 0.224962 0.00190281
0 0.274658 0.227521 0.0736342 0.279856 0.00184766
0 0.526464 0.595134 0.0715126 0.307919 0.00157097
0 0.2853 0.287391 0.0777775 0.286903 0.00129173
0 0.304595 0.204824 0.0836984 0.288629 0.00124798
0 0.348083 0.27309 0.113078 0.289387 0.00119157
0 0.330125 0.183061 0.0827426 0.253712 0.00116624
