0 0.326383 0.859761 0.0671241 0.245342 0.903118
0 0.261053 0.864573 0.056984 0.24843 0.865272
0 0.970463 0.818467 0.0576891 0.204764 0.811092
0 0.347913 0.420348 0.121487 0.339808 0.739191
0 0.141939 0.615467 0.0952975 0.290395 0.358579
0 0.36871 0.457874 0.113522 0.286339 0.0825466
0 0.659022 0.834756 0.107389 0.247606 0.0162811
0 0.710663 0.915362 0.104378 0.168073 0.00463644
0 0.503457 0.613435 0.112996 0.31977 0.00383918
0 0.977218 0.791016 0.0439873 0.157756 0.00302764
0 0.680351 0.865961 0.0938972 0.266125 0.0029592
0 0.634453 0.830779 0.0718905 0.229271 0.00233795
0 0.649834 0.893807 0.0883251 0.211576 0.00184488
0 0.987087 0.808152 0.0235401 0.189739 0.00131618
