0 0.770341 0.531374 0.0831899 0.188903 0.875871
0 0.368404 0.447324 0.117101 0.288418 0.636911
0 0.507746 0.617091 0.0981467 0.297762 0.260489
0 0.271057 0.433622 0.0858623 0.299412 0.240855
0 0.34803 0.41409 0.106887 0.322849 0.0674395
0 0.389658 0.471333 0.112031 0.25459 0.0467308
0 0.272218 0.308639 0.0959068 0.335055 0.0128325
0 0.672951 0.864709 0.0933742 0.270583 0.00848328
0 0.25987 0.369283 0.0994469 0.296138 0.00351257
0 0.168222 0.446019 0.104548 0.305973 0.00234942
0 0.242545 0.438966 0.113589 0.319019 0.0023254
0 0.368239 0.446338 0.0877055 0.22973 0.00156104
0 0.287904 0.380531 0.0859859 0.29896 0.00150811
0 0.288141 0.459158 0.0763304 0.271672 0.00140312
0 0.324609 0.396911 0.0989573 0.293014 0.00115951
