0 0.325601 0.723211 0.087991 0.248131 0.878339
0 0.351137 0.409744 0.118562 0.320371 0.718488
0 0.38236 0.469422 0.088586 0.243377 0.220749
0 0.680522 0.851109 0.102051 0.274922 0.088184
0 0.159965 0.604928 0.0753071 0.261664 0.0383248
0 0.294562 0.294899 0.0889496 0.257381 0.0116571
0 0.176502 0.59065 0.0835731 0.282244 0.00586356
0 0.661332 0.821733 0.106927 0.223759 0.00506244
0 0.16776 0.650686 0.0941365 0.317719 0.00412069
0 0.430983 0.151762 0.0804569 0.241241 0.00384638
0 0.154233 0.226967 0.102296 0.265513 0.00349649
0 0.148681 0.69213 0.0884692 0.283394 0.00347587
0 0.144384 0.620763 0.0627965 0.256668 0.00163358
0 0.334434 0.355967 0.108367 0.285447 0.00136341
0 0.70604 0.845809 0.10722 0.285388 0.00131001
0 0.313538 0.319213 0.0964528 0.291356 0.00126576
0 0.709277 0.912764 0.103272 0.171177 0.00126269
0 0.09775 0.284456 0.105603 0.263445 0.00106356
0 0.262417 0.407538 0.0757164 0.268709 0.00100856
