0 0.286387 0.910006 0.0804636 0.176877 0.895914
0 0.348812 0.428386 0.131001 0.343164 0.622262
0 0.473769 0.0560824 0.0560175 0.109638 0.335139
0 0.369942 0.470256 0.108255 0.271416 0.0382794
0 0.720192 0.91447 0.103443 0.169481 0.0190201
0 0.67378 0.855228 0.0887719 0.256082 0.0130029
0 0.256235 0.400177 0.0821707 0.266513 0.0108587
0 0.332162 0.371703 0.115989 0.292518 0.00711339
0 0.309328 0.352171 0.0780023 0.292909 0.00475562
0 0.682657 0.896659 0.100959 0.202307 0.00410101
0 0.658936 0.821472 0.101827 0.21918 0.00230178
0 0.310133 0.40579 0.102782 0.32633 0.00212464
0 0.294394 0.464287 0.0924674 0.294807 0.00171973
0 0.235754 0.414035 0.0911091 0.275407 0.00168049
0 0.631829 0.830401 0.0704 0.221271 0.00119662
0 0.276538 0.345302 0.0880891 0.298448 0.00104512
