0 0.354227 0.430021 0.125108 0.33926 0.770806
0 0.853091 0.442711 0.0705809 0.195996 0.498159
0 0.373376 0.45938 0.0969374 0.278399 0.0915983
0 0.245614 0.383982 0.0739638 0.288297 0.0228286
0 0.298616 0.0880826 0.0742252 0.173712 0.0100793
0 0.304781 0.257763 0.080023 0.284311 0.00471487
0 0.247939 0.261264 0.0881214 0.280554 0.00353792
0 0.492963 0.567173 0.116659 0.205813 0.00279508
0 0.120317 0.431211 0.101995 0.280725 0.00262886
0 0.336219 0.388823 0.114933 0.307584 0.00231552
0 0.261983 0.397842 0.070353 0.294935 0.00231498
0 0.671166 0.852515 0.111793 0.284561 0.0021995
0 0.283822 0.257485 0.0805185 0.284779 0.00212608
0 0.314653 0.0971597 0.0689588 0.184876 0.00170359
0 0.643908 0.83301 0.0956866 0.250974 0.00149934
0 0.723351 0.916624 0.102627 0.165318 0.00135049
