0 0.406712 0.783297 0.0739006 0.233462 0.874739
0 0.195483 0.699344 0.0891007 0.260491 0.757658
0 0.350985 0.425552 0.121201 0.338207 0.516826
0 0.291915 0.289912 0.067613 0.249065 0.165506
0 0.679835 0.854153 0.105541 0.275472 0.0849098
0 0.299547 0.329972 0.0843186 0.273416 0.0103484
0 0.29791 0.234236 0.0821023 0.315876 0.00986256
0 0.101341 0.807032 0.0886204 0.230361 0.00642644
0 0.276031 0.276166 0.0753814 0.267209 0.00453347
0 0.659389 0.822696 0.11066 0.230706 0.00375093
0 0.31208 0.27307 0.0954006 0.268393 0.00348739
0 0.122115 0.835351 0.119596 0.263816 0.00338856
0 0.712895 0.91547 0.0939731 0.165727 0.00192985
0 0.633143 0.830604 0.0715553 0.227846 0.00164438
0 0.282337 0.213031 0.0804799 0.273638 0.00156236
0 0.288335 0.301459 0.0592611 0.163721 0.00135271
