0 0.330679 0.894811 0.0860556 0.208038 0.899352
0 0.745457 0.456435 0.0865946 0.189804 0.865504
0 0.35496 0.426747 0.113039 0.305443 0.029475
0 0.675787 0.853093 0.108461 0.279501 0.0242759
0 0.530719 0.230956 0.0898137 0.188183 0.0225684
0 0.380512 0.463825 0.0763398 0.258161 0.0166029
0 0.293313 0.245098 0.0770231 0.276089 0.00752963
0 0.658938 0.821946 0.101096 0.237315 0.00317707
0 0.656838 0.877571 0.10347 0.244858 0.00238365
0 0.708758 0.912564 0.111226 0.173346 0.002147
0 0.107637 0.776785 0.10139 0.308913 0.0018481
0 0.110406 0.90392 0.110079 0.189334 0.00156147
0 0.402432 0.462075 0.0854162 0.258757 0.00121269
0 0.27158 0.24337 0.0856302 0.28128 0.00103659
