0 0.348987 0.880457 0.0878106 0.236359 0.874083
0 0.356222 0.428306 0.139927 0.34922 0.705694
0 0.269252 0.24422 0.0921772 0.322005 0.195456
0 0.255679 0.395968 0.082517 0.293605 0.183582
0 0.377671 0.458345 0.118831 0.286916 0.0624676
0 0.281342 0.291096 0.0717625 0.270705 0.0593908
0 0.342705 0.11077 0.0676716 0.218356 0.0537135
0 0.272625 0.35411 0.0831678 0.325223 0.0475839
0 0.672332 0.85338 0.101253 0.270394 0.0340712
0 0.292288 0.343821 0.0705367 0.310046 0.0201344
0 0.321744 0.429322 0.0970561 0.319015 0.0183518
0 0.288032 0.24222 0.0696088 0.289848 0.0165998
0 0.246424 0.33846 0.0940061 0.302559 0.013406
0 0.300462 0.289583 0.0712552 0.270657 0.00729307
0 0.302472 0.410673 0.0828878 0.348664 0.00688311
0 0.238627 0.426027 0.104505 0.334718 0.00497773
0 0.323229 0.117354 0.0698254 0.222107 0.00462167
0 0.361736 0.389525 0.1049 0.281873 0.00410186
0 0.169274 0.430529 0.10647 0.337581 0.00401896
0 0.638265 0.881771 0.0858658 0.236458 0.00352987
0 0.249288 0.27408 0.10348 0.288837 0.00322263
0 0.643578 0.831993 0.0907468 0.242662 0.00313511
0 0.721857 0.9151 0.111886 0.168251 0.00283841
0 0.204115 0.376644 0.0978044 0.319303 0.00206258
0 0.279577 0.42719 0.0791795 0.305751 0.00162685
0 0.311084 0.348432 0.0799616 0.30805 0.00159185
0 0.307491 0.191919 0.0864693 0.303765 0.00110484
0 0.503772 0.616679 0.11969 0.325402 0.00108449
0 0.154213 0.257891 0.081229 0.274333 0.0010554
