0 0.351998 0.429872 0.117793 0.345804 0.801401
0 0.238213 0.413693 0.0890141 0.300081 0.682744
0 0.721749 0.914293 0.103887 0.170492 0.0186841
0 0.104061 0.526542 0.10556 0.23568 0.00687528
0 0.497024 0.647959 0.139928 0.348648 0.00463165
0 0.698493 0.915307 0.0927105 0.164883 0.00264076
0 0.368114 0.469475 0.105171 0.286005 0.0022075
0 0.154405 0.123686 0.0946469 0.240062 0.00211543
0 0.22325 0.37373 0.0985711 0.34278 0.00150364
0 0.255552 0.356238 0.0805682 0.290631 0.00122589
0 0.326786 0.429353 0.109061 0.31076 0.00103213
0 0.231912 0.306635 0.114565 0.296783 0.00100364
