0 0.242719 0.666591 0.101088 0.285001 0.739355
0 0.35739 0.434227 0.112025 0.33569 0.311684
0 0.278364 0.299143 0.0831394 0.249896 0.162695
0 0.674276 0.851187 0.0918603 0.259886 0.122358
0 0.96635 0.218554 0.0606405 0.236692 0.0453113
0 0.377616 0.470307 0.100765 0.269198 0.0130839
0 0.659169 0.8222 0.100051 0.220837 0.0102067
0 0.627777 0.827971 0.0662151 0.22311 0.00680388
0 0.265492 0.333777 0.0931753 0.314547 0.0055394
0 0.723956 0.915738 0.0926526 0.167039 0.00553853
0 0.62985 0.881416 0.0837179 0.237167 0.00266944
0 0.295767 0.264652 0.0710255 0.255553 0.00212664
0 0.504757 0.61298 0.107894 0.30289 0.00202532
0 0.640816 0.809472 0.0708813 0.19794 0.00169442
0 0.653471 0.889609 0.0926416 0.220364 0.0015891
0 0.961123 0.248475 0.0541018 0.158648 0.00117768
0 0.528834 0.771312 0.0967053 0.24245 0.00116087
0 0.346323 0.10889 0.0777364 0.217779 0.00111777
