0 0.354524 0.42222 0.107427 0.332583 0.772598
0 0.217059 0.509074 0.0913353 0.276898 0.692576
0 0.834718 0.605587 0.0783735 0.250134 0.686883
0 0.169452 0.461369 0.0761034 0.286294 0.0692818
0 0.653537 0.833528 0.0957692 0.228777 0.0318193
0 0.283201 0.0999582 0.0872229 0.194329 0.0240805
0 0.672509 0.867342 0.0922318 0.251342 0.0165613
0 0.635952 0.819508 0.0739032 0.206822 0.00997305
0 0.37359 0.445849 0.101689 0.282142 0.00914482
0 0.730331 0.91604 0.106824 0.167921 0.00659506
0 0.188976 0.463385 0.0828239 0.290535 0.00603371
0 0.236568 0.494094 0.0914188 0.289958 0.0043392
0 0.33045 0.45719 0.0687417 0.262168 0.0022359
0 0.194333 0.521961 0.0923022 0.27606 0.00210496
0 0.651757 0.889868 0.0927484 0.218123 0.0021033
0 0.255594 0.445389 0.0867017 0.299606 0.00209347
0 0.333286 0.188248 0.0843446 0.243434 0.0018976
0 0.338799 0.387337 0.0947279 0.291515 0.00165955
0 0.147977 0.473626 0.0951286 0.286369 0.00151362
0 0.300356 0.0923965 0.0714869 0.18152 0.00149276
