0 0.956947 0.555259 0.0809029 0.20712 0.861874
0 0.349412 0.429875 0.115093 0.348427 0.413108
0 0.679484 0.852944 0.104823 0.279875 0.0562174
0 0.50277 0.635338 0.113207 0.333371 0.0479458
0 0.367867 0.472985 0.11343 0.284143 0.0135326
0 0.630436 0.881126 0.0791064 0.237747 0.00459049
0 0.629545 0.840607 0.0641809 0.243286 0.00412476
0 0.704842 0.837902 0.132714 0.308451 0.00364971
0 0.273197 0.446721 0.0921167 0.328916 0.00297278
0 0.661067 0.822589 0.104617 0.233213 0.00280855
0 0.294242 0.290565 0.0732545 0.261932 0.00172353
0 0.29247 0.476486 0.0874424 0.28096 0.00160435
0 0.2839 0.342289 0.0759065 0.289367 0.00142963
0 0.324415 0.412462 0.117066 0.324967 0.00133421
0 0.297977 0.372445 0.0815596 0.321166 0.00118688
