0 0.420657 0.897001 0.0885196 0.205342 0.872104
0 0.229902 0.862104 0.0910917 0.26597 0.722324
0 0.668903 0.838236 0.115783 0.24858 0.33682
0 0.353478 0.412379 0.119351 0.325956 0.26742
0 0.648361 0.819497 0.0953392 0.207209 0.0109209
0 0.343293 0.110879 0.0742503 0.221758 0.00596801
0 0.652732 0.887574 0.103369 0.223381 0.00443764
0 0.248509 0.873432 0.0821137 0.253137 0.0026254
0 0.379666 0.457355 0.100106 0.275606 0.00178726
0 0.330625 0.184194 0.0879154 0.266482 0.00132297
0 0.687867 0.86426 0.0961499 0.271481 0.00121736
0 0.171339 0.894314 0.0664511 0.205289 0.00121173
0 0.686925 0.810837 0.114606 0.216753 0.00120274
0 0.279855 0.104823 0.0828357 0.20772 0.00116687
0 0.319554 0.106289 0.0699866 0.212386 0.00111266
