0 0.298725 0.803626 0.0643457 0.250829 0.892888
0 0.46435 0.899392 0.0975483 0.197216 0.862656
0 0.240028 0.801972 0.0593226 0.254223 0.852538
0 0.8552 0.642184 0.106685 0.197907 0.8522
0 0.15044 0.602245 0.0949315 0.288359 0.422628
0 0.380748 0.47216 0.0974186 0.255573 0.394339
0 0.35689 0.422927 0.125964 0.339753 0.221267
0 0.341424 0.110898 0.0726015 0.221797 0.0129993
0 0.323303 0.119685 0.0651231 0.216375 0.00525134
0 0.280052 0.24705 0.0781754 0.285797 0.00484502
0 0.335539 0.186396 0.089243 0.266356 0.00311506
0 0.399559 0.476048 0.0744092 0.229514 0.00269259
0 0.719858 0.913665 0.0942166 0.17025 0.00199469
0 0.965671 0.21633 0.0631294 0.239392 0.00185595
0 0.355378 0.379056 0.101022 0.258485 0.00146904
0 0.173311 0.843186 0.0694076 0.23588 0.00117732
