0 0.91353 0.647643 0.0841925 0.202213 0.601629
0 0.945155 0.451923 0.0638775 0.118726 0.311197
0 0.379479 0.47159 0.118903 0.288655 0.295042
0 0.352874 0.427095 0.128045 0.347187 0.151814
0 0.631897 0.820011 0.0741774 0.21534 0.059545
0 0.940415 0.47723 0.0681492 0.178338 0.0157085
0 0.65327 0.833785 0.103588 0.247351 0.00643237
0 0.672432 0.864391 0.0995522 0.271218 0.0060257
0 0.634856 0.874131 0.0819671 0.251737 0.00301247
0 0.324935 0.413026 0.119421 0.33951 0.00155468
0 0.38214 0.463704 0.0884408 0.230404 0.00143733
