0 0.268567 0.882283 0.0687511 0.230901 0.85583
0 0.356287 0.409998 0.117692 0.334725 0.0164405
0 0.295274 0.231165 0.0663127 0.264298 0.0106599
0 0.304135 0.271404 0.0706918 0.278473 0.00788162
0 0.678955 0.854589 0.102547 0.265642 0.00733805
0 0.503591 0.615014 0.116471 0.327504 0.00637133
0 0.724189 0.915864 0.094754 0.167698 0.00233451
0 0.285019 0.272184 0.0777323 0.274666 0.00211388
0 0.660341 0.833245 0.0982527 0.233171 0.00196311
0 0.343619 0.108651 0.0688297 0.21673 0.00135311
0 0.370563 0.455993 0.108568 0.279166 0.00118278
0 0.272855 0.227981 0.082993 0.278207 0.00115227
