0 0.809052 0.413536 0.0738604 0.189125 0.862495
0 0.348329 0.439507 0.118188 0.331296 0.671609
0 0.687918 0.411682 0.0532629 0.119449 0.029584
0 0.365113 0.469684 0.0851367 0.281948 0.0254293
0 0.295848 0.273602 0.0733361 0.289303 0.0119416
0 0.690063 0.452911 0.0576617 0.201568 0.0102257
0 0.295135 0.346981 0.0745903 0.300755 0.00559849
0 0.279199 0.369402 0.0885939 0.311002 0.00300441
0 0.283567 0.231007 0.0769986 0.283251 0.00295968
0 0.244948 0.397467 0.0730584 0.263225 0.00186565
0 0.701509 0.91586 0.11555 0.167693 0.00171855
0 0.297879 0.403905 0.0909304 0.34379 0.00162346
0 0.259613 0.34948 0.0870735 0.30364 0.00115815
0 0.318684 0.381778 0.106393 0.314872 0.00114169
0 0.151573 0.848024 0.115801 0.227397 0.00105566
