0 0.203592 0.806458 0.0852189 0.26613 0.75653
0 0.736336 0.454811 0.0778929 0.177986 0.693649
0 0.282467 0.273269 0.0825826 0.259758 0.0520068
0 0.596494 0.224242 0.0665913 0.217014 0.0500501
0 0.656507 0.83565 0.0989659 0.225359 0.0163242
0 0.52783 0.239279 0.0814603 0.210928 0.014201
0 0.632738 0.82116 0.0731448 0.203734 0.013427
0 0.671719 0.868015 0.0929876 0.247776 0.0126395
0 0.502243 0.615876 0.127035 0.336425 0.00930266
0 0.301034 0.261873 0.0682132 0.248569 0.00753316
0 0.709457 0.915725 0.110388 0.167932 0.00507847
0 0.129462 0.861332 0.0804076 0.25098 0.00471815
0 0.261467 0.260143 0.0941569 0.268244 0.00307232
0 0.35331 0.399143 0.108054 0.307813 0.0030682
0 0.725839 0.48989 0.103179 0.253803 0.00264576
0 0.111369 0.868021 0.086124 0.228791 0.00219411
0 0.370405 0.459917 0.120001 0.277748 0.00202732
0 0.61877 0.308176 0.069297 0.213062 0.00194076
0 0.656251 0.893652 0.0972592 0.212051 0.00193557
0 0.462215 0.699562 0.0694115 0.244431 0.00153967
0 0.34312 0.108623 0.0745452 0.21193 0.00101734
