0 0.915172 0.542224 0.0718414 0.204019 0.704663
0 0.356479 0.438652 0.125353 0.329891 0.480925
0 0.671066 0.393629 0.0779153 0.220782 0.453835
0 0.377194 0.47005 0.113071 0.270354 0.0234314
0 0.672732 0.86292 0.106452 0.27416 0.0185523
0 0.530335 0.27497 0.0846301 0.204693 0.00588298
0 0.279534 0.292314 0.0873615 0.277237 0.00571478
0 0.681408 0.27447 0.0732697 0.234135 0.00403914
0 0.671218 0.326161 0.0774739 0.0824701 0.00286327
0 0.292371 0.464126 0.0844211 0.297428 0.00152431
0 0.4054 0.446834 0.110025 0.306003 0.00143334
0 0.651853 0.400559 0.0963943 0.244254 0.00128171
