0 0.170839 0.750549 0.0796363 0.191335 0.782258
0 0.246585 0.560818 0.085337 0.241686 0.387345
0 0.126379 0.599921 0.0696363 0.229232 0.153004
0 0.354318 0.413668 0.110183 0.311222 0.0376547
0 0.221359 0.540836 0.103871 0.272452 0.018794
0 0.670428 0.833589 0.103388 0.243613 0.00873703
0 0.141852 0.573082 0.0814407 0.265041 0.00497991
0 0.645919 0.830622 0.0979536 0.229537 0.00250286
0 0.11488 0.629074 0.0639127 0.218532 0.00189327
0 0.469862 0.117049 0.0882855 0.225262 0.00156587
0 0.137652 0.627322 0.0755947 0.207592 0.0013774
0 0.292901 0.228008 0.0737816 0.25961 0.00102016
0 0.721792 0.914584 0.0935348 0.170138 0.00101206
