0 0.466743 0.926596 0.0726565 0.144366 0.707752
0 0.522598 0.918692 0.0738387 0.161254 0.561463
0 0.497641 0.919523 0.13337 0.159902 0.133344
0 0.660701 0.844205 0.10788 0.258796 0.018272
0 0.347068 0.413045 0.118659 0.334396 0.0121979
0 0.728606 0.916469 0.10695 0.166367 0.00504025
0 0.644572 0.819187 0.0897031 0.210083 0.00372505
0 0.58936 0.883917 0.0794076 0.220803 0.00215403
0 0.683011 0.870166 0.0968728 0.259668 0.00168824
0 0.629443 0.886676 0.080464 0.22633 0.00148663
0 0.625585 0.818383 0.0631689 0.201061 0.00132139
