0 0.357247 0.434045 0.129687 0.33153 0.810574
0 0.477247 0.946073 0.0776903 0.106806 0.763383
0 0.375938 0.955157 0.0830363 0.0896857 0.710559
0 0.276715 0.254378 0.0780888 0.307806 0.0910201
0 0.682141 0.246203 0.0709924 0.182308 0.0353983
0 0.321131 0.185822 0.0873917 0.245716 0.0207866
0 0.257491 0.267014 0.0978192 0.305194 0.0201847
0 0.300282 0.230678 0.0866058 0.322699 0.0158731
0 0.1942 0.119626 0.0851389 0.231001 0.0117308
0 0.714419 0.914456 0.101968 0.169025 0.0108743
0 0.168484 0.120113 0.0936674 0.233848 0.00661305
0 0.649913 0.828004 0.0909388 0.237109 0.00418138
0 0.234411 0.270656 0.10799 0.279738 0.00247058
0 0.287299 0.294662 0.0705586 0.28314 0.0022512
0 0.272313 0.298395 0.0624498 0.224831 0.00206165
0 0.645308 0.882319 0.0817559 0.235362 0.00135777
0 0.377332 0.955027 0.0482242 0.0899453 0.00105695
0 0.377177 0.467402 0.106821 0.279673 0.00103798
0 0.247767 0.214297 0.0966262 0.298845 0.00101137
