0 0.889064 0.678995 0.0789688 0.241906 0.851711
0 0.683528 0.440577 0.0867588 0.201058 0.776972
0 0.356453 0.431367 0.130665 0.336833 0.0410739
0 0.18208 0.433536 0.106332 0.296263 0.0171448
0 0.6734 0.837323 0.0989901 0.264068 0.00744751
0 0.297705 0.241465 0.0666072 0.26341 0.00416678
0 0.258705 0.404022 0.109579 0.316261 0.00249567
0 0.660422 0.873552 0.0905002 0.247902 0.00181167
0 0.723465 0.915936 0.092266 0.167117 0.00153079
0 0.680688 0.488001 0.105812 0.302029 0.00144491
0 0.375798 0.460948 0.105144 0.268916 0.00109619
0 0.160465 0.461365 0.110116 0.278124 0.00101788
0 0.643341 0.830603 0.0847808 0.235384 0.00101611
