0 0.461788 0.876801 0.0755668 0.246399 0.870832
0 0.385354 0.88647 0.0721545 0.216623 0.843572
0 0.362365 0.438929 0.135005 0.327899 0.382188
0 0.672324 0.838802 0.105623 0.246368 0.0159675
0 0.164985 0.417716 0.0898103 0.266172 0.0106452
0 0.277942 0.101632 0.0676246 0.199698 0.00815894
0 0.292566 0.117377 0.081847 0.228432 0.00412334
0 0.1277 0.777437 0.149045 0.324296 0.00394917
0 0.388121 0.457792 0.10893 0.28119 0.00343694
0 0.0816629 0.809708 0.125806 0.271167 0.00335788
0 0.500942 0.610377 0.123782 0.311844 0.0029741
0 0.129381 0.431755 0.125542 0.303096 0.00293719
0 0.721974 0.917042 0.089962 0.163557 0.00247528
0 0.337267 0.416721 0.10663 0.319832 0.0022746
0 0.649735 0.821737 0.0919539 0.216332 0.00188114
0 0.629131 0.827656 0.0584709 0.208233 0.00154618
0 0.229717 0.464531 0.0942831 0.29651 0.00152612
0 0.107893 0.831552 0.121828 0.274965 0.00134577
0 0.262144 0.116302 0.0606967 0.222616 0.0010032
