0 0.760169 0.485144 0.0764925 0.17726 0.83979
0 0.242568 0.82052 0.0685867 0.225635 0.785118
0 0.366029 0.431506 0.118602 0.326822 0.74374
0 0.198616 0.553936 0.0843937 0.243486 0.728418
0 0.185515 0.803506 0.0808154 0.238564 0.667406
0 0.470698 0.724032 0.11164 0.282802 0.533133
0 0.508571 0.604586 0.102885 0.291131 0.316685
0 0.280477 0.258182 0.0966649 0.308913 0.126081
0 0.694189 0.850805 0.101802 0.27627 0.097389
0 0.258175 0.273066 0.0959759 0.315974 0.0270415
0 0.345403 0.117814 0.0739831 0.228776 0.0119083
0 0.385331 0.472483 0.0936508 0.249533 0.00941252
0 0.496555 0.702063 0.124764 0.318456 0.00935179
0 0.350233 0.39094 0.0994785 0.279492 0.00621061
0 0.224927 0.832477 0.0895367 0.258846 0.0052966
0 0.195045 0.494766 0.0993593 0.303269 0.00515885
0 0.201808 0.831104 0.0951324 0.284379 0.00358805
0 0.236839 0.285009 0.0893907 0.284238 0.00284347
0 0.299264 0.286397 0.103871 0.286408 0.00261064
0 0.668305 0.85016 0.0982889 0.267617 0.00218913
0 0.174678 0.5536 0.0891416 0.249151 0.00112331
