0 0.300187 0.932217 0.0782901 0.135261 0.890961
0 0.355208 0.433145 0.124031 0.313129 0.135219
0 0.104899 0.694206 0.0625358 0.230052 0.0421585
0 0.655236 0.819274 0.101655 0.212118 0.0227356
0 0.304613 0.228256 0.0811826 0.286727 0.0127988
0 0.635077 0.811768 0.0760757 0.200138 0.00751619
0 0.670095 0.864784 0.105077 0.263564 0.00659469
0 0.729844 0.91667 0.0941262 0.166628 0.0054058
0 0.0905847 0.710249 0.0815193 0.25094 0.00455151
0 0.285246 0.244035 0.083974 0.297714 0.00379399
0 0.409311 0.425058 0.0633084 0.256347 0.00213932
0 0.257975 0.258643 0.109787 0.313562 0.00173058
0 0.110168 0.666793 0.0557426 0.159557 0.00172398
0 0.65322 0.887497 0.0954088 0.218544 0.00109415
