0 0.885446 0.620651 0.0815308 0.219979 0.883254
0 0.357925 0.424216 0.130805 0.337405 0.765686
0 0.284905 0.275517 0.0860406 0.280846 0.21502
0 0.671087 0.865591 0.0979922 0.268818 0.0672879
0 0.195608 0.399355 0.0904855 0.301039 0.010631
0 0.654147 0.88476 0.0975949 0.226619 0.00817798
0 0.720276 0.917661 0.104046 0.163247 0.00647162
0 0.269775 0.460657 0.0743907 0.262266 0.00464255
0 0.300428 0.244843 0.0866884 0.303651 0.00395164
0 0.377048 0.467469 0.104942 0.258393 0.00360383
0 0.305973 0.426924 0.0879326 0.297472 0.0027806
0 0.336857 0.388942 0.114636 0.29312 0.00254808
0 0.293352 0.329474 0.0925274 0.357951 0.00221793
0 0.170524 0.429954 0.101074 0.310194 0.00218042
0 0.271715 0.228461 0.0842855 0.297977 0.00196341
0 0.250124 0.407891 0.0998768 0.333243 0.00179893
0 0.215987 0.383771 0.10456 0.333311 0.0017902
0 0.268468 0.305741 0.0921014 0.319784 0.00135754
0 0.652252 0.823736 0.0923705 0.22252 0.00133656
0 0.289752 0.457003 0.0810152 0.264852 0.0012367
0 0.0683048 0.22657 0.0908643 0.282514 0.00102605
