0 0.338028 0.910925 0.0795769 0.175587 0.862875
0 0.459702 0.755713 0.0808825 0.25839 0.804163
0 0.378322 0.458667 0.0965896 0.260628 0.180753
0 0.528185 0.981268 0.0741266 0.0371563 0.106005
0 0.539954 0.976633 0.0579164 0.0465478 0.0242204
0 0.368006 0.420533 0.124349 0.343572 0.0212269
0 0.52429 0.754337 0.0631312 0.251541 0.0118006
0 0.552545 0.979572 0.0675707 0.0403946 0.0115235
0 0.528228 0.984985 0.0447121 0.0298054 0.0106167
0 0.565351 0.982896 0.0532369 0.0339438 0.00929039
0 0.67423 0.853524 0.0973568 0.264131 0.00706651
0 0.521557 0.973371 0.0832089 0.0517714 0.00687102
0 0.641488 0.809393 0.0811213 0.208731 0.00457208
0 0.539221 0.983724 0.0433388 0.0324599 0.00455372
0 0.731079 0.916202 0.108565 0.167441 0.0045113
0 0.511171 0.985111 0.0811761 0.029052 0.00439293
0 0.534756 0.713534 0.073495 0.320805 0.00282566
0 0.57077 0.976326 0.0598716 0.0473489 0.00163128
0 0.648365 0.893643 0.0885891 0.208829 0.00133959
0 0.490531 0.987704 0.0620014 0.0245928 0.0013129
0 0.518386 0.981959 0.044867 0.0355324 0.00117252
0 0.496089 0.751172 0.0946784 0.266391 0.00111249
0 0.3988 0.461812 0.0767742 0.246553 0.00103475
