0 0.775336 0.493803 0.0672997 0.186507 0.833921
0 0.35682 0.409315 0.127283 0.347201 0.172084
0 0.671187 0.85991 0.0908225 0.261575 0.0566927
0 0.169859 0.419443 0.115214 0.334151 0.00609075
0 0.375605 0.442211 0.106683 0.296733 0.00564846
0 0.650619 0.88945 0.0876671 0.220906 0.00356518
0 0.658787 0.824224 0.0939993 0.213442 0.00324496
0 0.313752 0.194147 0.0923852 0.28612 0.00197919
0 0.343393 0.107075 0.0702427 0.21415 0.00181864
0 0.294839 0.133738 0.0772635 0.235849 0.00179462
0 0.146088 0.445356 0.134442 0.314598 0.00175856
0 0.70904 0.912877 0.105094 0.174177 0.00155146
0 0.323758 0.41164 0.1203 0.34048 0.00141973
0 0.269969 0.377241 0.102766 0.345473 0.00129666
0 0.530212 0.595526 0.0669333 0.289616 0.0012778
0 0.505723 0.587069 0.120428 0.302992 0.00111242
0 0.528797 0.745503 0.100092 0.283938 0.00104432
