0 0.268386 0.647503 0.0686133 0.21532 0.839369
0 0.338437 0.645279 0.0718156 0.25674 0.766343
0 0.209223 0.622159 0.0560296 0.217032 0.555995
0 0.144298 0.64541 0.0702666 0.227402 0.33444
0 0.652876 0.838418 0.0995298 0.253452 0.047026
0 0.634707 0.819934 0.0721428 0.211587 0.0156439
0 0.132192 0.613626 0.079267 0.26267 0.0151328
0 0.354048 0.395104 0.11241 0.262547 0.0117061
0 0.715593 0.915283 0.096461 0.166887 0.00504801
0 0.166665 0.681235 0.100486 0.266192 0.00503681
0 0.638223 0.874569 0.0882631 0.250862 0.00470596
0 0.199826 0.678604 0.06818 0.271214 0.00377818
0 0.370204 0.459388 0.105848 0.27344 0.00335043
0 0.682224 0.845548 0.109241 0.279047 0.00307001
0 0.161331 0.636185 0.0837593 0.222602 0.00299089
0 0.187123 0.609723 0.0831327 0.242639 0.00168946
0 0.119291 0.648281 0.0858558 0.235044 0.00160631
0 0.333323 0.118116 0.0799378 0.209743 0.00152284
0 0.184443 0.650507 0.0710524 0.201678 0.00119321
0 0.665766 0.87604 0.0993676 0.24792 0.00100808
