0 0.280324 0.516572 0.0735989 0.245778 0.804471
0 0.358433 0.405595 0.0972714 0.304773 0.619381
0 0.386813 0.472003 0.0812409 0.235779 0.329137
0 0.633218 0.821806 0.0670282 0.217964 0.249599
0 0.450615 0.0970419 0.0695942 0.185491 0.0807013
0 0.672081 0.846353 0.10349 0.273803 0.0806202
0 0.469333 0.0983478 0.0755 0.193848 0.0444091
0 0.654235 0.822843 0.100661 0.233463 0.0430102
0 0.478397 0.179661 0.0924328 0.255455 0.00592891
0 0.486823 0.101293 0.065566 0.19317 0.00576951
0 0.436599 0.111285 0.0653336 0.200336 0.00531839
0 0.402857 0.481643 0.0668942 0.219436 0.00453372
0 0.246941 0.519122 0.118399 0.25836 0.0034346
0 0.458895 0.165611 0.0856791 0.263391 0.00302599
0 0.219154 0.496762 0.0974213 0.271605 0.00232337
0 0.622143 0.844457 0.063029 0.227941 0.00207572
0 0.369136 0.443183 0.0797592 0.226746 0.0020048
0 0.411878 0.10173 0.0734101 0.195729 0.00191504
0 0.63247 0.866573 0.0900658 0.256082 0.0014662
0 0.505592 0.241686 0.0967163 0.264853 0.00142226
0 0.434552 0.0830785 0.0843752 0.16146 0.00131843
