0 0.829444 0.426726 0.0732277 0.186569 0.879535
0 0.442302 0.873631 0.0719082 0.244453 0.871658
0 0.734337 0.432536 0.0672627 0.196179 0.868055
0 0.370691 0.444831 0.110501 0.28422 0.479371
0 0.508862 0.630414 0.0997601 0.307358 0.0510275
0 0.673429 0.848236 0.109491 0.267741 0.0152065
0 0.349038 0.415891 0.12751 0.322985 0.00904447
0 0.656108 0.821249 0.101158 0.218493 0.00552841
0 0.712794 0.913418 0.0993584 0.170551 0.00445409
0 0.480447 0.185183 0.0925389 0.210599 0.00228443
0 0.322082 0.190742 0.0935121 0.239919 0.00202586
0 0.635169 0.819391 0.0691457 0.208367 0.00172113
0 0.681051 0.895656 0.10794 0.206683 0.00159111
0 0.334359 0.118241 0.0806279 0.218173 0.00153075
0 0.402469 0.106155 0.0717945 0.196427 0.0011652
0 0.634523 0.884575 0.0837418 0.230848 0.00114705
0 0.268607 0.209406 0.0774323 0.260251 0.0011111
