0 0.770874 0.556109 0.0826946 0.219572 0.87821
0 0.2571 0.653851 0.071881 0.237891 0.817538
0 0.496418 0.976767 0.0488433 0.0462844 0.62512
0 0.202799 0.692407 0.0637319 0.262585 0.615574
0 0.547877 0.976308 0.0563637 0.0464754 0.597707
0 0.357221 0.412039 0.102644 0.313696 0.35607
0 0.371154 0.458216 0.0966562 0.261876 0.142435
0 0.275393 0.260372 0.0854132 0.303229 0.0679899
0 0.231981 0.65906 0.0994979 0.230923 0.0525126
0 0.485913 0.971915 0.0693546 0.0561697 0.0226172
0 0.199417 0.65032 0.0525066 0.173759 0.0147113
0 0.536618 0.972891 0.0565686 0.0539451 0.0136569
0 0.496719 0.978259 0.029037 0.0431627 0.0135304
0 0.514548 0.977493 0.0762225 0.044448 0.0123477
0 0.562547 0.979345 0.0691059 0.0412793 0.0101742
0 0.190903 0.666839 0.0640647 0.228043 0.00923202
0 0.551941 0.982122 0.0440706 0.0348857 0.00645232
0 0.387549 0.463918 0.0748638 0.227375 0.00508075
0 0.280118 0.312404 0.0744638 0.246728 0.00503541
0 0.547164 0.977963 0.0285976 0.0431736 0.00409362
0 0.670116 0.834378 0.0986115 0.235579 0.00283039
0 0.290594 0.230878 0.0846431 0.277713 0.0026971
0 0.485968 0.983478 0.0633721 0.0328574 0.00183172
0 0.550963 0.967805 0.0843931 0.0643901 0.00176197
0 0.531637 0.979014 0.0379287 0.0419712 0.00174674
0 0.25891 0.228392 0.0898188 0.28789 0.00170403
0 0.211412 0.652482 0.066096 0.219924 0.0012141
0 0.557174 0.979012 0.027973 0.0410841 0.00117976
0 0.245538 0.688116 0.0934549 0.310145 0.00113497
0 0.262662 0.301436 0.0705263 0.2597 0.00103202
0 0.507157 0.98365 0.0558937 0.032483 0.00102607
