0 0.700565 0.270011 0.0743123 0.178725 0.838488
0 0.368722 0.457527 0.116595 0.277655 0.108295
0 0.348027 0.413601 0.125149 0.344162 0.0270443
0 0.658926 0.832761 0.0964667 0.237471 0.00622875
0 0.990568 0.312505 0.0187044 0.206418 0.00255249
0 0.131489 0.19737 0.0880653 0.256974 0.00240776
0 0.296575 0.247539 0.0770461 0.304029 0.00181977
0 0.63485 0.818359 0.065678 0.212667 0.00166429
0 0.344966 0.109379 0.0750367 0.218758 0.00160269
0 0.720779 0.914626 0.106857 0.169473 0.00111238
0 0.2851 0.291438 0.0748234 0.270521 0.00110101
0 0.280918 0.223052 0.0854869 0.298827 0.00107441
