0 0.868594 0.492457 0.0917818 0.233034 0.878689
0 0.356823 0.445421 0.122866 0.28428 0.374507
0 0.336484 0.413204 0.116555 0.332887 0.0420369
0 0.16851 0.460732 0.107247 0.30308 0.0155655
0 0.726059 0.914354 0.101293 0.170153 0.0108901
0 0.257512 0.396963 0.0847329 0.282914 0.00807015
0 0.273347 0.440659 0.0907808 0.315134 0.00391273
0 0.190821 0.447297 0.0920493 0.310058 0.00328022
0 0.26951 0.346329 0.0921262 0.324525 0.00324987
0 0.13476 0.464735 0.117664 0.306625 0.00251203
0 0.629246 0.813284 0.0692486 0.209602 0.00250464
0 0.28283 0.241098 0.0753473 0.281193 0.00246295
0 0.304185 0.241168 0.0732987 0.275972 0.00212013
0 0.291356 0.459634 0.0827291 0.282028 0.00194346
0 0.284929 0.120796 0.0843499 0.229376 0.00182872
0 0.676664 0.851288 0.0870867 0.263472 0.00160378
0 0.379127 0.471021 0.100784 0.263073 0.00140494
0 0.238935 0.375216 0.0945447 0.306236 0.00132766
0 0.342255 0.108797 0.0766979 0.217593 0.00130293
0 0.656411 0.841335 0.0875686 0.253649 0.00117832
