0 0.831957 0.627934 0.0842175 0.22458 0.86184
0 0.367408 0.44682 0.126161 0.304316 0.720798
0 0.267735 0.311522 0.110378 0.255534 0.114556
0 0.67005 0.856427 0.0983754 0.272461 0.0528046
0 0.339759 0.431158 0.0954066 0.283116 0.0168255
0 0.501915 0.618839 0.118459 0.32757 0.00902988
0 0.647256 0.831614 0.098965 0.241379 0.00761963
0 0.630876 0.885573 0.0900387 0.228855 0.00419326
0 0.27864 0.258812 0.114076 0.322372 0.0040642
0 0.710591 0.916009 0.102512 0.166611 0.00315077
0 0.177847 0.348954 0.102902 0.241881 0.00281584
0 0.397572 0.459016 0.0956389 0.284222 0.00169729
