0 0.293588 0.92357 0.0824104 0.152823 0.882
0 0.899078 0.560947 0.0747234 0.177735 0.877452
0 0.223829 0.936594 0.0684557 0.126541 0.850926
0 0.352822 0.413386 0.123974 0.328455 0.152905
0 0.670719 0.835791 0.103351 0.232721 0.0198764
0 0.728066 0.915958 0.0980761 0.167165 0.0131562
0 0.629131 0.826985 0.065499 0.202222 0.0101558
0 0.655519 0.867681 0.0996091 0.257843 0.00311786
0 0.293709 0.227579 0.0840336 0.276126 0.00185992
0 0.34681 0.276444 0.110342 0.281969 0.00179421
0 0.343049 0.107592 0.0741467 0.210497 0.00153359
0 0.629907 0.882361 0.0837393 0.235279 0.00151294
0 0.700096 0.915102 0.0935111 0.168919 0.00102794
