0 0.777263 0.56286 0.0832935 0.220227 0.869738
0 0.448251 0.115522 0.0720778 0.189033 0.264306
0 0.378366 0.460355 0.113112 0.272789 0.11932
0 0.656947 0.853355 0.105158 0.282014 0.0298797
0 0.528978 0.595394 0.0689549 0.282944 0.0074767
0 0.854971 0.965437 0.0886023 0.0685443 0.00417144
0 0.639571 0.875785 0.0905819 0.248093 0.00404278
0 0.506886 0.618418 0.108697 0.325849 0.00403036
0 0.71173 0.916266 0.0990224 0.166493 0.00395537
0 0.165775 0.428763 0.119906 0.307798 0.00239071
0 0.127405 0.443265 0.131903 0.298473 0.0020396
0 0.168093 0.275467 0.0897073 0.267133 0.0012189
0 0.0835504 0.817898 0.145262 0.26694 0.0010019
