0 0.268656 0.622805 0.0875064 0.246218 0.855199
0 0.360338 0.426202 0.121669 0.339251 0.45947
0 0.675876 0.851822 0.107639 0.274555 0.39201
0 0.155691 0.574384 0.0712342 0.242011 0.356408
0 0.376002 0.460417 0.0986307 0.265717 0.0789891
0 0.281262 0.207802 0.0762131 0.270897 0.0498232
0 0.265041 0.189735 0.0742181 0.2883 0.0298673
0 0.315756 0.192236 0.110549 0.297893 0.0164327
0 0.635384 0.881698 0.078074 0.232584 0.00622055
0 0.109205 0.814484 0.11097 0.260757 0.00505055
0 0.248122 0.210533 0.0845205 0.263311 0.00461221
0 0.295558 0.231468 0.0846173 0.260132 0.00454742
0 0.660426 0.811126 0.111111 0.217744 0.00293034
0 0.338678 0.400552 0.110536 0.295206 0.00265514
0 0.656497 0.876039 0.107676 0.247922 0.0022464
0 0.709381 0.915848 0.0936269 0.163704 0.00176838
0 0.292675 0.167184 0.100515 0.292877 0.00135459
0 0.270572 0.235688 0.0635669 0.216412 0.00101394
