0 0.270519 0.845109 0.0945727 0.276381 0.859927
0 0.47416 0.935769 0.0953088 0.127601 0.854378
0 0.685945 0.407188 0.0795094 0.219523 0.63612
0 0.684676 0.354963 0.0765712 0.114968 0.223626
0 0.722891 0.91677 0.107193 0.165705 0.0248488
0 0.355094 0.427618 0.112962 0.300099 0.023478
0 0.674913 0.869776 0.0955602 0.249403 0.00857776
0 0.504651 0.600514 0.114088 0.28204 0.00676414
0 0.52494 0.216204 0.105022 0.244295 0.00333362
0 0.658852 0.832939 0.102684 0.233894 0.00214057
0 0.641009 0.819612 0.0753753 0.197362 0.00198303
0 0.652899 0.896686 0.0919381 0.204348 0.00193965
0 0.705613 0.501229 0.0809298 0.243041 0.00128962
