0 0.960425 0.789867 0.0750128 0.24594 0.862052
0 0.38192 0.948466 0.0939479 0.101925 0.828355
0 0.365711 0.440471 0.123001 0.312762 0.690822
0 0.519218 0.600042 0.0951057 0.298943 0.189726
0 0.676967 0.843522 0.122126 0.296617 0.0763193
0 0.632772 0.830191 0.0730644 0.239622 0.00505541
0 0.496746 0.987788 0.0561749 0.0244244 0.00334607
0 0.244981 0.21074 0.090846 0.291412 0.0024269
0 0.659361 0.809975 0.112365 0.244811 0.00220314
0 0.70856 0.913365 0.116872 0.171291 0.00211213
0 0.682607 0.896144 0.111464 0.204695 0.00141534
0 0.527601 0.690845 0.106914 0.377215 0.00132385
0 0.457201 0.697804 0.0676621 0.217008 0.00123
0 0.481881 0.979843 0.0832164 0.0403144 0.00119135
0 0.347486 0.404517 0.121917 0.290961 0.00116218
