0 0.323875 0.86598 0.0676041 0.263686 0.890523
0 0.382874 0.87695 0.0618683 0.245006 0.884798
0 0.369647 0.433383 0.11254 0.288213 0.124095
0 0.270709 0.242644 0.0917984 0.325959 0.058343
0 0.288419 0.278269 0.0871612 0.271747 0.0161269
0 0.26855 0.286912 0.0718317 0.248634 0.0150362
0 0.347585 0.408962 0.118004 0.323745 0.0144059
0 0.248041 0.273233 0.089757 0.276698 0.0111571
0 0.343668 0.112077 0.0688175 0.224153 0.00850833
0 0.63181 0.830586 0.0741097 0.22634 0.00565963
0 0.650722 0.838328 0.0901076 0.242881 0.00454836
0 0.67422 0.843794 0.0929414 0.254007 0.00343546
0 0.642946 0.89188 0.0754558 0.206676 0.00283237
0 0.38613 0.469763 0.0937774 0.250994 0.00201176
0 0.722367 0.916192 0.0939163 0.165821 0.00187685
0 0.308127 0.252844 0.0867779 0.309511 0.00108421
