0 0.953005 0.551639 0.0727022 0.195464 0.811824
0 0.357529 0.435107 0.13202 0.343633 0.650007
0 0.674631 0.834989 0.0986793 0.247046 0.132493
0 0.376499 0.471565 0.109976 0.273528 0.0560724
0 0.335842 0.404487 0.112329 0.327417 0.00489631
0 0.256233 0.40673 0.103723 0.337358 0.00358691
0 0.131371 0.260073 0.0811827 0.273729 0.00289942
0 0.504065 0.589834 0.111265 0.294969 0.00237349
0 0.646529 0.83088 0.0953231 0.238293 0.00209691
0 0.527285 0.597191 0.0635534 0.280588 0.00110681
0 0.317693 0.322171 0.0758061 0.279334 0.00108161
0 0.291196 0.489051 0.0770641 0.261454 0.00100629
