0 0.281784 0.254023 0.0942043 0.313938 0.714756
0 0.360064 0.429479 0.119808 0.328937 0.690838
0 0.378331 0.466968 0.100064 0.262745 0.0126558
0 0.207656 0.446309 0.131983 0.375131 0.00777264
0 0.0986893 0.839653 0.130723 0.278851 0.00644355
0 0.671051 0.850451 0.0984113 0.271163 0.00499675
0 0.299616 0.23047 0.0886678 0.289193 0.00496397
0 0.724271 0.916419 0.110649 0.165716 0.00253664
0 0.991514 0.320647 0.0161547 0.192602 0.00227592
0 0.263505 0.23099 0.0921848 0.315846 0.00216598
0 0.208779 0.24577 0.0782573 0.276741 0.00187768
0 0.270327 0.300875 0.0897559 0.295344 0.00186465
0 0.100539 0.89844 0.133411 0.197247 0.00182909
0 0.336144 0.401639 0.116271 0.328743 0.00166904
0 0.64638 0.834212 0.0928113 0.246647 0.00158553
0 0.242921 0.462785 0.111894 0.360976 0.001535
0 0.993383 0.351218 0.0120636 0.137844 0.00146846
0 0.170759 0.448781 0.113999 0.347041 0.0011706
0 0.401696 0.430182 0.0748594 0.274902 0.00106497
