0 0.366734 0.847252 0.0920323 0.279282 0.859184
0 0.932791 0.640008 0.0787544 0.182068 0.855129
0 0.354067 0.431868 0.120208 0.334451 0.634667
0 0.218485 0.644069 0.101714 0.331709 0.61789
0 0.208428 0.591428 0.0881577 0.270794 0.252492
0 0.119184 0.627788 0.0899749 0.296133 0.0554382
0 0.379113 0.46133 0.0912562 0.269839 0.0385832
0 0.266284 0.29356 0.0836814 0.25114 0.0358043
0 0.342602 0.111003 0.0691858 0.222007 0.0200187
0 0.503585 0.615822 0.105003 0.296348 0.0163861
0 0.194572 0.627258 0.121166 0.341928 0.0118558
0 0.270667 0.221438 0.0884099 0.300857 0.00985093
0 0.100591 0.647584 0.0970394 0.280487 0.00416351
0 0.677277 0.851939 0.0985003 0.270661 0.00321455
0 0.130707 0.679294 0.0817377 0.256647 0.00292419
0 0.293136 0.242605 0.0694945 0.280709 0.0026021
0 0.72238 0.917735 0.0928448 0.163101 0.00250208
0 0.108625 0.713497 0.0987011 0.301589 0.00246595
0 0.250393 0.319664 0.0984435 0.288014 0.00177572
0 0.65777 0.834153 0.0972411 0.246128 0.00175124
0 0.219528 0.659704 0.0869886 0.228953 0.00167528
0 0.283894 0.310742 0.0848623 0.281747 0.00123355
0 0.322678 0.10834 0.0735063 0.216679 0.00120095
0 0.643039 0.810691 0.0810655 0.206116 0.00104315
