0 0.913487 0.740936 0.069305 0.178387 0.832802
0 0.358063 0.42077 0.130522 0.331902 0.662545
0 0.256236 0.400458 0.0839114 0.27909 0.138934
0 0.34306 0.109285 0.0670755 0.211874 0.0241873
0 0.236219 0.385742 0.0908495 0.304893 0.0184714
0 0.296941 0.290081 0.0668285 0.281516 0.0139493
0 0.685008 0.851385 0.105984 0.281331 0.0137451
0 0.631865 0.811285 0.0705606 0.215779 0.00952767
0 0.301868 0.101223 0.0670691 0.191023 0.00900012
0 0.278155 0.343992 0.0782902 0.319541 0.00775737
0 0.454457 0.170257 0.0615249 0.218555 0.00742435
0 0.302115 0.230321 0.0691119 0.260718 0.00713748
0 0.376134 0.455996 0.10428 0.269153 0.00599447
0 0.274969 0.413294 0.0819579 0.280045 0.00573857
0 0.653252 0.848783 0.0936819 0.265589 0.00509389
0 0.306663 0.16208 0.0812264 0.269807 0.00504096
0 0.211136 0.397545 0.0949659 0.305922 0.00431022
0 0.318215 0.102423 0.0667077 0.197948 0.00376346
0 0.635197 0.880723 0.080658 0.238554 0.0034175
0 0.992109 0.351147 0.0142574 0.128801 0.00338607
0 0.461031 0.696327 0.067882 0.234052 0.00314307
0 0.987513 0.371055 0.0238697 0.0803475 0.00271387
0 0.406503 0.109658 0.0732031 0.208802 0.00203177
0 0.716079 0.241412 0.0729357 0.225936 0.00187411
0 0.287577 0.116608 0.0672966 0.214974 0.00184619
0 0.0682283 0.246056 0.0889935 0.231809 0.00171001
0 0.167102 0.445262 0.114252 0.314506 0.00162121
0 0.260988 0.316452 0.0844504 0.303247 0.00144512
0 0.990611 0.323685 0.0176308 0.172917 0.00130068
0 0.993097 0.370893 0.0128139 0.0839943 0.00114256
0 0.284302 0.212405 0.0766057 0.267945 0.00112676
0 0.28703 0.304817 0.0642561 0.223058 0.00110295
0 0.324014 0.426016 0.113272 0.314324 0.00102612
