0 0.842073 0.455899 0.0713993 0.173515 0.855477
0 0.350049 0.416282 0.117755 0.323587 0.0553344
0 0.505905 0.617319 0.114059 0.330903 0.0519759
0 0.727052 0.914321 0.0960275 0.170105 0.0341452
0 0.648675 0.878134 0.0863519 0.240484 0.0211939
0 0.254846 0.398163 0.0943573 0.293776 0.0159228
0 0.265817 0.341078 0.094392 0.324148 0.0104594
0 0.28098 0.230879 0.0714705 0.271574 0.0045335
0 0.168662 0.460752 0.127047 0.312756 0.0040552
0 0.667716 0.860369 0.0856728 0.25938 0.00401182
0 0.2396 0.349426 0.106294 0.331 0.00317785
0 0.119079 0.215163 0.0850299 0.295019 0.00307992
0 0.142126 0.431906 0.10999 0.316558 0.00262078
0 0.26995 0.441168 0.0961038 0.313823 0.00239802
0 0.259353 0.277099 0.0899763 0.285954 0.00188481
0 0.218079 0.383487 0.107418 0.301665 0.0016806
0 0.194711 0.412454 0.10329 0.330198 0.00116947
0 0.0951725 0.225923 0.0976998 0.290537 0.00108748
0 0.278018 0.290361 0.0798191 0.287083 0.00107071
0 0.688017 0.875543 0.0973209 0.248914 0.00105609
0 0.682179 0.276943 0.0983968 0.266477 0.00101527
