0 0.748829 0.239327 0.0808309 0.168507 0.78569
0 0.351029 0.432121 0.131856 0.352543 0.321284
0 0.764735 0.4622 0.120047 0.293106 0.149757
0 0.668874 0.850377 0.113522 0.27902 0.110958
0 0.764988 0.396478 0.104202 0.266373 0.0340642
0 0.504023 0.620367 0.11686 0.300496 0.0194036
0 0.36978 0.470467 0.120792 0.286257 0.015038
0 0.647534 0.832227 0.101929 0.241547 0.0150038
0 0.637001 0.877272 0.0921581 0.245455 0.00558641
0 0.34484 0.111163 0.0728573 0.222325 0.00333876
0 0.624701 0.818345 0.0680742 0.223669 0.0023356
0 0.712801 0.914619 0.104175 0.16683 0.00183919
0 0.736228 0.21953 0.0854457 0.163654 0.00110544
