0 0.284711 0.262981 0.0865717 0.302253 0.330321
0 0.374502 0.468032 0.0965038 0.298169 0.212595
0 0.357088 0.432169 0.105646 0.290375 0.0726039
0 0.672076 0.846647 0.0983721 0.261616 0.0138783
0 0.129688 0.920813 0.100024 0.158374 0.0114809
0 0.389678 0.431191 0.0808483 0.277432 0.00762254
0 0.334736 0.398891 0.0972998 0.315254 0.00704578
0 0.656855 0.808024 0.0984649 0.204745 0.00639232
0 0.632898 0.807553 0.0650537 0.196224 0.00483548
0 0.634953 0.881809 0.0864587 0.236382 0.00318457
0 0.299179 0.232514 0.0824472 0.26176 0.00307885
0 0.506249 0.618217 0.115096 0.325325 0.00224204
0 0.375694 0.386334 0.107034 0.312414 0.00150857
0 0.127518 0.876744 0.0927683 0.232688 0.0012538
0 0.399557 0.489267 0.0908115 0.279397 0.00119786
0 0.722513 0.91368 0.096231 0.172169 0.00119522
