0 0.290378 0.933228 0.0717516 0.132799 0.896729
0 0.492057 0.936358 0.0682859 0.126343 0.8652
0 0.390926 0.833178 0.0657805 0.243307 0.820717
0 0.452314 0.798126 0.0622502 0.229821 0.792487
0 0.369581 0.448305 0.124919 0.303542 0.658271
0 0.423226 0.954124 0.0591803 0.0905216 0.17164
0 0.296497 0.246074 0.0745571 0.278547 0.123462
0 0.281739 0.272221 0.0889567 0.285552 0.0221181
0 0.119565 0.273515 0.10656 0.3116 0.0166988
0 0.60878 0.890496 0.0567765 0.213551 0.0154247
0 0.0555436 0.289646 0.101875 0.320817 0.014692
0 0.339542 0.429757 0.107137 0.297885 0.0104351
0 0.388428 0.477079 0.0994353 0.248149 0.00909007
0 0.258644 0.278071 0.0911763 0.277056 0.00806711
0 0.672186 0.853162 0.0995731 0.271698 0.00705288
0 0.429259 0.874404 0.0471359 0.251193 0.00577598
0 0.278452 0.439686 0.0819127 0.312498 0.0050489
0 0.406467 0.844211 0.0703988 0.269145 0.0038225
0 0.456684 0.751086 0.07274 0.262609 0.00352136
0 0.25179 0.344656 0.0917128 0.320612 0.00342349
0 0.342749 0.109677 0.0713124 0.211005 0.00274911
0 0.118651 0.195666 0.0995372 0.277285 0.00261687
0 0.2594 0.403677 0.092067 0.307073 0.00234058
0 0.632983 0.829761 0.0696234 0.239929 0.00226542
0 0.095259 0.182265 0.0908953 0.271376 0.00214137
0 0.657214 0.821595 0.102222 0.238621 0.00186878
0 0.504374 0.610749 0.113529 0.317752 0.00175937
0 0.629469 0.88509 0.0673344 0.218224 0.0016048
0 0.233177 0.374797 0.099133 0.307565 0.00154611
0 0.591087 0.883917 0.0764732 0.22217 0.00152185
0 0.140599 0.209668 0.104137 0.288924 0.00149639
0 0.435758 0.90545 0.0544218 0.180285 0.0014689
0 0.434673 0.945346 0.0816692 0.109308 0.00130334
0 0.311899 0.27108 0.0978097 0.287309 0.00123186
0 0.0960712 0.260912 0.0983865 0.304115 0.00111197
0 0.284104 0.212002 0.0685822 0.253884 0.00105473
