0 0.91594 0.503642 0.0637615 0.189951 0.860138
0 0.352743 0.427705 0.125964 0.336243 0.312802
0 0.13433 0.627638 0.0933477 0.28748 0.0414621
0 0.296411 0.234096 0.0679471 0.247058 0.0267285
0 0.376161 0.456659 0.100888 0.284847 0.0131012
0 0.114095 0.646666 0.103988 0.273134 0.00574009
0 0.125724 0.715018 0.104425 0.287552 0.00278943
0 0.673783 0.850552 0.0972247 0.27364 0.0027761
0 0.72153 0.913252 0.105607 0.170946 0.00227075
0 0.155424 0.649773 0.0862402 0.280909 0.00226672
0 0.284793 0.269004 0.0776363 0.273716 0.00222707
0 0.312433 0.258193 0.0843032 0.27604 0.00188965
0 0.270974 0.241908 0.0849968 0.274587 0.00171766
0 0.991498 0.310983 0.0165388 0.196392 0.00169625
0 0.655665 0.870819 0.0945234 0.252633 0.00155319
0 0.10614 0.740314 0.0906896 0.270701 0.00152364
0 0.993149 0.350311 0.012656 0.132884 0.00135086
0 0.169148 0.873753 0.0823265 0.211536 0.00116273
0 0.130854 0.260787 0.0973589 0.284906 0.00110731
0 0.333826 0.275359 0.115023 0.308913 0.00106043
0 0.147071 0.739667 0.121184 0.315373 0.00105537
