0 0.274342 0.895496 0.0639844 0.206289 0.818934
0 0.334468 0.888685 0.0662081 0.219794 0.816755
0 0.37661 0.465631 0.1507 0.312566 0.379399
0 0.356599 0.411995 0.130212 0.317786 0.191723
0 0.402622 0.480449 0.114988 0.262365 0.103214
0 0.67469 0.866093 0.0928423 0.263188 0.0556248
0 0.511391 0.598714 0.0994671 0.287501 0.0346205
0 0.47336 0.728426 0.109974 0.276801 0.0275754
0 0.501092 0.725734 0.0966381 0.271346 0.00653094
0 0.33754 0.456682 0.143319 0.311379 0.00510586
0 0.127776 0.282123 0.108634 0.302941 0.00281247
0 0.262147 0.873541 0.0735461 0.231558 0.00129106
0 0.276642 0.277692 0.104432 0.312618 0.00105869
