0 0.351885 0.902495 0.0766343 0.192888 0.887696
0 0.2996 0.710088 0.0593113 0.232805 0.853749
0 0.357644 0.671739 0.0650328 0.235163 0.847605
0 0.234088 0.903526 0.0780961 0.190575 0.689147
0 0.506079 0.612721 0.100847 0.313133 0.103746
0 0.271144 0.102854 0.0683118 0.201391 0.10298
0 0.352813 0.425571 0.106949 0.271596 0.0568611
0 0.342537 0.115976 0.0782124 0.22873 0.0303438
0 0.303002 0.21685 0.0826151 0.290492 0.0222851
0 0.67977 0.858505 0.0919703 0.269647 0.0197857
0 0.64001 0.818245 0.0736635 0.210298 0.0135748
0 0.130188 0.273616 0.0864606 0.269281 0.00970214
0 0.394113 0.136132 0.0734206 0.244911 0.00898141
0 0.286473 0.24208 0.0718385 0.264706 0.00829387
0 0.656598 0.832099 0.0986013 0.242037 0.00813717
0 0.200868 0.192755 0.0909118 0.271612 0.00679421
0 0.287811 0.114143 0.0659736 0.218118 0.00570013
0 0.206604 0.121268 0.073678 0.230266 0.00505127
0 0.211859 0.879261 0.099031 0.24143 0.00448252
0 0.316222 0.185902 0.072166 0.255693 0.00307109
0 0.171337 0.466081 0.109855 0.324422 0.00290336
0 0.322116 0.117413 0.0659205 0.222255 0.002602
0 0.172785 0.895667 0.0735126 0.202558 0.0021697
0 0.194505 0.474828 0.0781866 0.287732 0.0021592
0 0.155857 0.274702 0.09465 0.271617 0.00206761
0 0.702178 0.85656 0.107778 0.28688 0.00188449
0 0.527582 0.615017 0.0623654 0.30436 0.00178298
0 0.363513 0.117735 0.0748785 0.235269 0.00175152
0 0.220488 0.106383 0.0645285 0.202913 0.00174605
0 0.107889 0.281444 0.104771 0.287722 0.00170486
0 0.373407 0.163654 0.0746141 0.23885 0.00161201
0 0.403973 0.109447 0.0614141 0.212384 0.00153078
0 0.188298 0.155543 0.091212 0.26229 0.00143128
0 0.306263 0.117173 0.0598108 0.217719 0.00121988
0 0.27987 0.150506 0.0765483 0.268378 0.00120593
0 0.247469 0.102752 0.0598927 0.199314 0.00115924
0 0.252385 0.904416 0.0656131 0.18906 0.00109857
0 0.625018 0.831118 0.0679997 0.22803 0.00108348
0 0.313106 0.270414 0.0813821 0.263659 0.00106557
0 0.226519 0.15038 0.0703827 0.254842 0.00106249
0 0.389802 0.475549 0.076287 0.24077 0.00101503
