0 0.856108 0.683664 0.0594736 0.214712 0.773305
0 0.881005 0.508483 0.0876303 0.183337 0.766313
0 0.35776 0.434738 0.120725 0.320545 0.568853
0 0.506621 0.617113 0.109412 0.31548 0.226862
0 0.377779 0.468916 0.0993614 0.276113 0.0867982
0 0.336558 0.401219 0.10017 0.297863 0.0580871
0 0.672777 0.853995 0.0902716 0.275502 0.0366488
0 0.295131 0.243221 0.079094 0.280661 0.017582
0 0.249082 0.377627 0.0832382 0.312141 0.0160577
0 0.181772 0.363687 0.110702 0.323776 0.0123677
0 0.658174 0.822803 0.099602 0.231785 0.0100546
0 0.883978 0.550625 0.100768 0.277107 0.00870806
0 0.720884 0.914124 0.125495 0.171753 0.00869321
0 0.392841 0.432716 0.0916171 0.281806 0.00718427
0 0.271837 0.349659 0.0950498 0.326035 0.00569227
0 0.633807 0.832099 0.0796897 0.243799 0.00426614
0 0.86423 0.721293 0.0710661 0.278783 0.00321313
0 0.343592 0.111066 0.0745759 0.219105 0.00304069
0 0.2969 0.311117 0.0831178 0.296184 0.00246896
0 0.524961 0.589209 0.0819794 0.264727 0.002254
0 0.271699 0.244228 0.0904106 0.294838 0.00201292
0 0.689491 0.877638 0.0996783 0.244723 0.0014936
0 0.413661 0.445534 0.089517 0.294806 0.00135701
0 0.847223 0.71049 0.0697632 0.274842 0.00123654
0 0.314617 0.410577 0.087073 0.33139 0.00117578
0 0.6573 0.890841 0.0965808 0.21794 0.00100748
