0 0.854073 0.564695 0.0826836 0.195119 0.804778
0 0.359939 0.459234 0.11811 0.313118 0.405985
0 0.51756 0.614928 0.0833552 0.309451 0.123072
0 0.521433 0.688551 0.103532 0.370077 0.011504
0 0.295895 0.462428 0.10137 0.322138 0.0049653
0 0.337572 0.429334 0.122261 0.325808 0.00397671
0 0.724208 0.915231 0.10024 0.168053 0.00291914
0 0.499163 0.64877 0.122569 0.330889 0.0026695
0 0.0718014 0.276991 0.11692 0.302384 0.00240594
0 0.682264 0.853725 0.0915793 0.268503 0.00216539
0 0.380316 0.488254 0.110709 0.283593 0.00146562
0 0.665232 0.366074 0.0962213 0.249619 0.00143044
0 0.271655 0.212781 0.0975672 0.284679 0.00110803
