0 0.351124 0.437847 0.134365 0.346409 0.692414
0 0.753735 0.318354 0.0546083 0.152997 0.0308374
0 0.722495 0.915727 0.108596 0.167745 0.00748823
0 0.375925 0.471482 0.112822 0.283793 0.00571915
0 0.466859 0.181813 0.0867313 0.259491 0.00430826
0 0.67602 0.855683 0.0990166 0.278299 0.00362864
0 0.735906 0.308772 0.0878887 0.170636 0.00314053
0 0.501054 0.61599 0.111639 0.301093 0.00285022
0 0.531653 0.247074 0.0809186 0.228677 0.00157744
0 0.365494 0.389957 0.112842 0.279714 0.00138204
0 0.436573 0.0609334 0.0535969 0.114986 0.00114173
0 0.921519 0.439361 0.0921629 0.243711 0.0011069
0 0.472181 0.117267 0.0695312 0.205043 0.00101744
