0 0.641273 0.227151 0.0764436 0.170218 0.735395
0 0.354666 0.437078 0.12109 0.337492 0.296703
0 0.379636 0.473068 0.0976738 0.267098 0.278427
0 0.505236 0.618788 0.109763 0.306938 0.010401
0 0.257613 0.402047 0.0890416 0.305901 0.00450679
0 0.216604 0.852599 0.117386 0.284223 0.0040163
0 0.0686682 0.273601 0.0831947 0.262746 0.00354689
0 0.295068 0.250366 0.0726458 0.304218 0.00345676
0 0.727231 0.916235 0.103111 0.166876 0.00281103
0 0.679647 0.870152 0.0958231 0.252051 0.00275307
0 0.278207 0.2914 0.0867674 0.253107 0.00274478
0 0.652901 0.878824 0.0889242 0.239773 0.00219368
0 0.203796 0.906103 0.0936932 0.187795 0.00188996
0 0.854754 0.965074 0.0863997 0.0692229 0.00184579
0 0.269791 0.345991 0.0883308 0.312894 0.00116086
0 0.281814 0.462723 0.0892408 0.301117 0.00111391
0 0.337051 0.388602 0.109665 0.290229 0.00103699
