0 0.315783 0.934404 0.0849163 0.129854 0.89727
0 0.231385 0.941955 0.0697669 0.11537 0.843043
0 0.370398 0.435467 0.118524 0.323242 0.701719
0 0.717564 0.369269 0.0826279 0.294885 0.0595657
0 0.673033 0.866488 0.0883922 0.261564 0.0128643
0 0.348946 0.403497 0.109415 0.31516 0.00566623
0 0.940423 0.0844288 0.0804998 0.165868 0.00562926
0 0.707392 0.326669 0.0837623 0.263492 0.00538605
0 0.722681 0.917803 0.112383 0.164394 0.00223135
0 0.29445 0.259203 0.0787403 0.277301 0.00205119
0 0.650226 0.892288 0.0869508 0.213254 0.00193416
0 0.333848 0.119086 0.0671877 0.203385 0.0014836
0 0.669692 0.811582 0.106611 0.224121 0.00131955
0 0.195986 0.431845 0.0896711 0.279792 0.0012947
0 0.179789 0.119989 0.0855375 0.233313 0.00121304
0 0.321364 0.427471 0.096508 0.30443 0.00120758
0 0.157476 0.121622 0.0869173 0.237519 0.00115733
0 0.046423 0.750544 0.0921705 0.258493 0.00112608
0 0.168448 0.462153 0.10756 0.298553 0.00112288
0 0.019631 0.292967 0.0382846 0.243226 0.00104973
