0 0.195584 0.599526 0.0975709 0.278749 0.619809
0 0.367251 0.440293 0.134571 0.330145 0.617852
0 0.337116 0.415156 0.106973 0.293811 0.0211165
0 0.273217 0.286011 0.085761 0.244504 0.00472846
0 0.669425 0.818432 0.10795 0.221635 0.00462706
0 0.195806 0.676532 0.103469 0.309734 0.00288883
0 0.402254 0.432436 0.0870599 0.301378 0.0026763
0 0.674782 0.872373 0.091192 0.238001 0.00204014
0 0.179952 0.463754 0.0939239 0.271268 0.00202289
0 0.501487 0.634024 0.122262 0.333842 0.00143468
0 0.646831 0.806451 0.107849 0.210355 0.00114073
