0 0.875163 0.586305 0.0759491 0.200521 0.883989
0 0.355906 0.431882 0.116733 0.317181 0.140515
0 0.728751 0.915052 0.0975578 0.169224 0.026433
0 0.634144 0.818431 0.0634204 0.187069 0.022724
0 0.649494 0.883544 0.0845094 0.232912 0.0183086
0 0.653333 0.818606 0.0909149 0.198623 0.00826997
0 0.296274 0.243305 0.0758499 0.272197 0.00777021
0 0.669078 0.871941 0.100917 0.254005 0.00599033
0 0.701069 0.914706 0.078458 0.16836 0.00296412
0 0.285777 0.287458 0.0733271 0.260123 0.00165283
0 0.265226 0.223006 0.0903351 0.298594 0.00104097
