0 0.257397 0.668339 0.0929557 0.238737 0.756048
0 0.27805 0.25041 0.0778897 0.300357 0.346187
0 0.357066 0.429934 0.12461 0.336326 0.28066
0 0.967424 0.75798 0.0626574 0.201865 0.165208
0 0.530798 0.210501 0.06513 0.217397 0.070019
0 0.376832 0.460452 0.105213 0.276919 0.0479901
0 0.659088 0.833844 0.109174 0.257444 0.0424902
0 0.260673 0.269459 0.0889202 0.291059 0.0234304
0 0.299207 0.243891 0.0772851 0.292492 0.012925
0 0.633175 0.836524 0.0786365 0.254676 0.00713502
0 0.712591 0.916246 0.104043 0.16633 0.00592595
0 0.682731 0.845619 0.102552 0.289725 0.00532626
0 0.459732 0.183048 0.0681236 0.218037 0.00286077
0 0.534803 0.183165 0.0442506 0.159995 0.00191328
0 0.644855 0.890257 0.0878039 0.219487 0.00171318
0 0.287897 0.255525 0.0709484 0.228821 0.00164925
0 0.132952 0.877659 0.100906 0.191198 0.00160339
