0 0.733471 0.278019 0.0827855 0.191517 0.741138
0 0.356045 0.425693 0.126877 0.341158 0.68057
0 0.279102 0.302677 0.0808473 0.266206 0.297774
0 0.256925 0.380957 0.113742 0.342986 0.179112
0 0.295156 0.260585 0.0752744 0.306028 0.0402592
0 0.598573 0.29429 0.0763232 0.207273 0.0182981
0 0.726229 0.912887 0.0879174 0.173822 0.0118133
0 0.232785 0.385009 0.102021 0.311782 0.00793147
0 0.283029 0.374395 0.0915737 0.360387 0.00744532
0 0.209526 0.382544 0.0841919 0.316855 0.00620409
0 0.508633 0.613262 0.0983588 0.306674 0.00600236
0 0.31551 0.252517 0.0968678 0.323985 0.00476744
0 0.376638 0.457805 0.108562 0.281164 0.00448995
0 0.338883 0.196305 0.0855615 0.258217 0.00425956
0 0.26641 0.258898 0.0922368 0.303877 0.00414601
0 0.337451 0.389902 0.111403 0.303543 0.00302799
0 0.526878 0.599962 0.070565 0.284721 0.00258948
0 0.342854 0.116552 0.0672573 0.215867 0.00212156
0 0.282237 0.21445 0.0870845 0.280154 0.00207683
0 0.309505 0.300402 0.0753309 0.281792 0.00163432
0 0.715363 0.284723 0.0718384 0.202564 0.00132443
0 0.249495 0.30736 0.103732 0.290955 0.00124795
