0 0.833895 0.56787 0.0778524 0.195789 0.883287
0 0.355454 0.418369 0.133485 0.33754 0.579512
0 0.68076 0.852983 0.113454 0.280711 0.274041
0 0.0726177 0.310423 0.11984 0.315915 0.164309
0 0.259482 0.399451 0.0968584 0.301192 0.0825292
0 0.166134 0.461075 0.109889 0.318709 0.0772299
0 0.0581419 0.461764 0.0968201 0.325873 0.0328259
0 0.0462915 0.304338 0.0888871 0.29424 0.0220338
0 0.377851 0.45421 0.113321 0.2896 0.0147457
0 0.131791 0.443065 0.129282 0.349687 0.0139584
0 0.267069 0.471223 0.10088 0.308136 0.0108624
0 0.963561 0.236719 0.0639904 0.193017 0.010289
0 0.345621 0.118144 0.0693536 0.211702 0.0102262
0 0.0965006 0.443446 0.137921 0.355175 0.00833682
0 0.10189 0.318076 0.125951 0.317964 0.00752202
0 0.241264 0.438917 0.119065 0.360547 0.0064919
0 0.120573 0.282657 0.106276 0.327778 0.00516372
0 0.283873 0.291557 0.077382 0.282604 0.00463672
0 0.0695316 0.243849 0.0899797 0.29349 0.0038486
0 0.192283 0.491433 0.102668 0.309024 0.00350914
0 0.293603 0.120808 0.0677559 0.219293 0.00337588
0 0.0265263 0.3254 0.0530527 0.284306 0.00328931
0 0.324634 0.427022 0.108091 0.312637 0.00303269
0 0.657985 0.875727 0.117796 0.248546 0.00286766
0 0.990532 0.309949 0.0180407 0.202827 0.00228974
0 0.330246 0.185006 0.092942 0.258238 0.00228112
0 0.269957 0.346798 0.0945914 0.318504 0.00216767
0 0.0973044 0.2568 0.10746 0.318059 0.00213382
0 0.191456 0.116241 0.0933357 0.228687 0.00201433
0 0.194798 0.411939 0.114068 0.360581 0.00190942
0 0.0341767 0.261075 0.06777 0.313843 0.00186387
0 0.286451 0.437871 0.113218 0.334211 0.00165765
0 0.66194 0.823293 0.113567 0.235457 0.0016454
0 0.0721904 0.122859 0.104503 0.245707 0.00162958
0 0.639345 0.847715 0.0974319 0.267425 0.00153439
0 0.139566 0.257361 0.0934619 0.321159 0.00152063
0 0.279138 0.225856 0.0890928 0.290828 0.00132055
0 0.704092 0.90819 0.114451 0.181848 0.00124445
0 0.68124 0.849544 0.0846612 0.22471 0.0012405
0 0.219094 0.384696 0.110276 0.311128 0.0012337
0 0.271411 0.119823 0.0871115 0.229205 0.00113308
0 0.219934 0.494551 0.108392 0.327421 0.00111933
0 0.171578 0.103154 0.0824767 0.200103 0.00105829
