0 0.240376 0.91023 0.0829255 0.176081 0.865336
0 0.357518 0.435799 0.128675 0.314567 0.735597
0 0.285443 0.288536 0.0728199 0.237787 0.00968944
0 0.643711 0.832826 0.0852546 0.245033 0.00872097
0 0.643761 0.889733 0.0748748 0.210225 0.00610274
0 0.195411 0.403932 0.0930137 0.284288 0.00551839
0 0.376926 0.467164 0.100127 0.262738 0.00248308
0 0.66179 0.873235 0.0860416 0.243173 0.00237803
0 0.33776 0.403052 0.109117 0.29642 0.00234025
0 0.296987 0.260017 0.0727441 0.274114 0.00201819
0 0.259172 0.375913 0.0869658 0.314588 0.00172082
0 0.724078 0.914796 0.0959509 0.168767 0.00150033
0 0.341107 0.181749 0.0955867 0.239362 0.00148416
0 0.330971 0.101219 0.0743688 0.193931 0.00126874
0 0.30005 0.22035 0.0938315 0.282516 0.00116853
0 0.624632 0.81962 0.0754289 0.229077 0.0011578
