0 0.776265 0.406261 0.0976222 0.267057 0.868103
0 0.355354 0.428478 0.123092 0.324608 0.349023
0 0.505791 0.615682 0.106681 0.30946 0.0609326
0 0.296743 0.232099 0.0719276 0.269498 0.0579747
0 0.673962 0.856892 0.0957859 0.263694 0.0301896
0 0.371352 0.47271 0.103148 0.268226 0.0237665
0 0.63822 0.878619 0.0823879 0.237651 0.00684743
0 0.725745 0.916527 0.0927269 0.166493 0.00367044
0 0.131062 0.460693 0.0998111 0.298346 0.00280286
0 0.306884 0.268567 0.0755867 0.278075 0.00264417
0 0.645553 0.836653 0.0843106 0.230003 0.00242028
