0 0.958744 0.738858 0.0811008 0.231167 0.858863
0 0.358261 0.42929 0.135419 0.342836 0.619528
0 0.67878 0.853193 0.110125 0.28365 0.22637
0 0.268959 0.378601 0.0942235 0.342268 0.152306
0 0.279173 0.288069 0.0858659 0.269194 0.0748139
0 0.293669 0.250839 0.0673002 0.307643 0.0481535
0 0.46231 0.726051 0.099543 0.275147 0.0296335
0 0.263564 0.252545 0.0942014 0.311194 0.0269894
0 0.273359 0.453367 0.0902777 0.312568 0.0247695
0 0.167688 0.446012 0.111348 0.333254 0.0247119
0 0.259296 0.320783 0.0927341 0.289463 0.0223372
0 0.287419 0.41383 0.0745854 0.296965 0.0219823
0 0.333901 0.402816 0.122747 0.320777 0.0208245
0 0.248555 0.412416 0.108924 0.298071 0.0150916
0 0.285192 0.348969 0.0844738 0.3386 0.00957648
0 0.306716 0.413403 0.110575 0.325465 0.00684625
0 0.146593 0.472225 0.115991 0.306357 0.00609834
0 0.306366 0.278973 0.0729592 0.28432 0.00485284
0 0.192618 0.432124 0.101171 0.338861 0.00359832
0 0.661313 0.821899 0.111002 0.232652 0.00323412
0 0.705008 0.846351 0.116053 0.290255 0.00260231
0 0.233589 0.461291 0.120304 0.337565 0.00225762
0 0.63577 0.879472 0.097519 0.241056 0.00223931
0 0.104159 0.437284 0.138767 0.345636 0.00185163
0 0.277137 0.205357 0.0816343 0.311502 0.0017633
0 0.38531 0.431162 0.106404 0.312065 0.00134914
0 0.0734681 0.308838 0.107475 0.308643 0.00130006
0 0.242674 0.282871 0.0987227 0.283751 0.00123009
0 0.219956 0.400027 0.11201 0.316069 0.00117139
