0 0.358836 0.803073 0.104815 0.260235 0.833113
0 0.202767 0.698832 0.0763242 0.250281 0.702814
0 0.359889 0.423873 0.126726 0.334163 0.324693
0 0.637332 0.819586 0.0728862 0.197854 0.0129404
0 0.65115 0.839313 0.0941981 0.239837 0.00841656
0 0.672654 0.868694 0.0933696 0.254388 0.00552621
0 0.627904 0.88302 0.0782319 0.23396 0.00186888
0 0.653618 0.893338 0.0956566 0.213325 0.00140947
0 0.283905 0.247225 0.0834585 0.299186 0.00122701
0 0.37881 0.467146 0.0984558 0.251419 0.00122016
0 0.70363 0.912761 0.0945099 0.171843 0.00116123
0 0.621013 0.818615 0.0646226 0.209263 0.00102201
