0 0.247324 0.622258 0.0719862 0.267798 0.84081
0 0.178614 0.614508 0.0775631 0.280283 0.753381
0 0.354583 0.425207 0.120501 0.34157 0.235016
0 0.679511 0.852856 0.0935104 0.264363 0.115144
0 0.443536 0.171643 0.0899769 0.249189 0.0511722
0 0.404749 0.109075 0.0712643 0.206633 0.00913729
0 0.664939 0.822645 0.100053 0.22359 0.00316357
0 0.318496 0.103743 0.0747864 0.202808 0.00177022
0 0.724086 0.918999 0.109577 0.162002 0.00168061
0 0.293474 0.101089 0.0852768 0.198445 0.00157175
0 0.702053 0.908039 0.103288 0.182287 0.00155798
0 0.199357 0.605211 0.0970625 0.287579 0.00117755
