0 0.421115 0.84844 0.0795192 0.282976 0.888491
0 0.315179 0.86091 0.0777799 0.265139 0.848226
0 0.348737 0.426668 0.120053 0.328408 0.520749
0 0.674859 0.848623 0.0943436 0.26333 0.0282999
0 0.720483 0.914491 0.102952 0.168971 0.0119015
0 0.542358 0.718946 0.0812824 0.293298 0.00885575
0 0.659087 0.821808 0.102521 0.219257 0.00576394
0 0.445082 0.702102 0.0847769 0.234277 0.00548934
0 0.633025 0.831485 0.0759109 0.229449 0.0029841
0 0.294007 0.276096 0.0649265 0.247685 0.00286769
0 0.685752 0.901267 0.101694 0.195366 0.00233738
0 0.63315 0.882723 0.0892241 0.234554 0.00111097
