0 0.489214 0.897126 0.057084 0.205288 0.878458
0 0.298386 0.879659 0.0747708 0.239025 0.868723
0 0.366795 0.861965 0.0665168 0.275285 0.837742
0 0.439606 0.891971 0.0591123 0.212899 0.766458
0 0.368313 0.442936 0.113164 0.300004 0.620364
0 0.278888 0.288153 0.084045 0.278741 0.240939
0 0.272077 0.369804 0.0960141 0.341288 0.0252112
0 0.276547 0.226885 0.096044 0.319115 0.00722677
0 0.350272 0.402672 0.104038 0.305321 0.00370199
0 0.202319 0.372316 0.0906152 0.315296 0.00346546
0 0.287516 0.336127 0.0863735 0.293655 0.00297095
0 0.2601 0.421958 0.0962161 0.29429 0.0025444
0 0.677959 0.852674 0.0934124 0.257394 0.00194467
0 0.386854 0.470385 0.100529 0.255744 0.00155026
0 0.370335 0.446282 0.0879925 0.230778 0.00138084
0 0.637767 0.814527 0.0776515 0.21661 0.00130357
0 0.291326 0.183173 0.102732 0.268544 0.00112636
0 0.300044 0.259624 0.0847769 0.275845 0.00102457
