0 0.27098 0.56271 0.0645644 0.213737 0.85978
0 0.251172 0.874429 0.0738345 0.246571 0.790445
0 0.671849 0.835512 0.104924 0.236502 0.0880839
0 0.361796 0.426556 0.105531 0.330878 0.0559569
0 0.636385 0.818799 0.0641375 0.210572 0.00833968
0 0.380305 0.457569 0.0900421 0.270725 0.00578328
0 0.292187 0.256569 0.0774541 0.274932 0.00412423
0 0.726244 0.916835 0.0962885 0.165529 0.00270379
0 0.687965 0.863983 0.09013 0.268555 0.00259469
0 0.269499 0.241909 0.0992708 0.288326 0.00219139
0 0.655582 0.811092 0.0832464 0.200473 0.00216903
