0 0.382068 0.761774 0.0856036 0.243065 0.713775
0 0.143967 0.730761 0.0679178 0.214258 0.611569
0 0.350764 0.788499 0.0478249 0.253995 0.393659
0 0.357541 0.413893 0.0933765 0.302676 0.24183
0 0.3657 0.786693 0.0802866 0.276978 0.0724829
0 0.295439 0.231693 0.0739404 0.273999 0.054078
0 0.283314 0.286867 0.0894118 0.291465 0.0480659
0 0.269263 0.414816 0.0880354 0.259217 0.0281722
0 0.381964 0.459818 0.0957477 0.265339 0.019703
0 0.271643 0.340804 0.0962069 0.324619 0.0167416
0 0.297013 0.333266 0.0777891 0.32567 0.0098916
0 0.658532 0.833239 0.106834 0.251674 0.00837961
0 0.52976 0.600421 0.0658072 0.285133 0.00552032
0 0.304825 0.280571 0.0729403 0.310502 0.00501096
0 0.133761 0.760777 0.0882925 0.276608 0.00494666
0 0.24677 0.399004 0.0884238 0.278826 0.00465992
0 0.674458 0.860713 0.0891929 0.257933 0.00306328
0 0.125254 0.71495 0.0984488 0.222289 0.00263655
0 0.633556 0.81771 0.0755942 0.217907 0.0025158
0 0.507432 0.613034 0.108623 0.307372 0.00247654
0 0.344187 0.787317 0.0796465 0.254539 0.00211588
0 0.266729 0.259677 0.0990677 0.307519 0.00194768
0 0.278226 0.102044 0.0752847 0.19619 0.00174508
0 0.333183 0.389571 0.106057 0.330557 0.0012224
0 0.286704 0.433894 0.0914957 0.304572 0.00117159
0 0.723463 0.916906 0.0913279 0.164769 0.00115706
0 0.248052 0.338233 0.0967747 0.286057 0.00100528
