0 0.843687 0.54039 0.096645 0.201368 0.810819
0 0.935912 0.755732 0.0923414 0.253568 0.608624
0 0.366352 0.42809 0.115805 0.33007 0.545772
0 0.504129 0.617012 0.113845 0.304387 0.0537817
0 0.334362 0.412379 0.109287 0.328152 0.0315228
0 0.197634 0.413446 0.0845403 0.291631 0.015416
0 0.848448 0.510033 0.0845142 0.136657 0.00808253
0 0.258553 0.348126 0.0894482 0.312863 0.00794481
0 0.530064 0.595927 0.0655785 0.284104 0.00745088
0 0.990047 0.323589 0.0191303 0.175277 0.00744349
0 0.384945 0.460234 0.100972 0.266787 0.00664216
0 0.939596 0.729619 0.0823305 0.170069 0.00370203
0 0.72584 0.916279 0.0964342 0.1656 0.00284775
0 0.850141 0.584424 0.113474 0.298904 0.00258618
0 0.230296 0.397844 0.0887612 0.286763 0.00231137
0 0.992384 0.346534 0.0141308 0.146163 0.00202313
0 0.255387 0.434154 0.0955852 0.305757 0.00167172
0 0.311098 0.426648 0.093518 0.296944 0.00162369
0 0.169819 0.415526 0.121451 0.320442 0.0014759
0 0.270103 0.467343 0.0888465 0.289256 0.00133572
0 0.31879 0.353974 0.0818066 0.297309 0.00121325
0 0.300415 0.277352 0.0702522 0.267834 0.00117444
