0 0.250514 0.891063 0.0753444 0.212439 0.845309
0 0.394745 0.950939 0.0646961 0.0974148 0.815408
0 0.355354 0.41538 0.102739 0.328309 0.647303
0 0.659056 0.81819 0.0960691 0.218061 0.0333232
0 0.281286 0.245722 0.0982386 0.293906 0.0318564
0 0.168619 0.432528 0.123635 0.309106 0.026363
0 0.157153 0.848474 0.0822536 0.266957 0.0169813
0 0.37369 0.412008 0.0837523 0.287104 0.0153066
0 0.672091 0.864411 0.101626 0.271179 0.0122662
0 0.634917 0.806056 0.0788186 0.202923 0.00438829
0 0.321215 0.428244 0.108404 0.292302 0.00301417
0 0.300654 0.272669 0.115984 0.287538 0.00301314
0 0.719036 0.913797 0.110598 0.171621 0.00197555
0 0.261018 0.224633 0.108554 0.297148 0.00156668
0 0.357405 0.400428 0.0861213 0.229303 0.00147159
0 0.509037 0.616552 0.105713 0.305165 0.00141871
0 0.135628 0.863479 0.101493 0.249203 0.00138758
