0 0.814581 0.512672 0.0837538 0.211699 0.810369
0 0.350431 0.432212 0.12321 0.339209 0.298309
0 0.274205 0.340442 0.0785146 0.292455 0.0581165
0 0.503669 0.614528 0.111328 0.315152 0.0360885
0 0.133638 0.494289 0.111194 0.301096 0.0184637
0 0.369563 0.4729 0.108692 0.283612 0.0127463
0 0.675 0.85515 0.0933828 0.260016 0.00920984
0 0.727058 0.917194 0.10196 0.164688 0.00410127
0 0.168164 0.479948 0.110231 0.309827 0.00396896
0 0.657284 0.820568 0.101363 0.219809 0.0027855
0 0.647395 0.890789 0.0866667 0.214052 0.00276732
0 0.634079 0.81625 0.0787159 0.217085 0.0027457
0 0.326025 0.427808 0.11708 0.302182 0.00203359
0 0.257945 0.400639 0.0881192 0.33325 0.00186107
0 0.192548 0.496918 0.110087 0.29616 0.00160565
0 0.261598 0.29463 0.0807039 0.248476 0.00153742
0 0.858652 0.965576 0.114376 0.0688481 0.00137279
