0 0.424553 0.890873 0.0887902 0.215706 0.883373
0 0.213906 0.793419 0.0957935 0.286753 0.660392
0 0.361098 0.42787 0.12669 0.338706 0.633085
0 0.674535 0.848367 0.116038 0.281023 0.0587065
0 0.502683 0.634039 0.114699 0.325161 0.0334113
0 0.342197 0.119775 0.0759862 0.220277 0.0229464
0 0.651546 0.82077 0.0947857 0.222785 0.0117757
0 0.634449 0.819371 0.0645844 0.195708 0.00885418
0 0.218472 0.33563 0.0986256 0.27422 0.00493034
0 0.10632 0.841058 0.102587 0.262044 0.00339269
0 0.321438 0.119915 0.0768413 0.226202 0.00227703
0 0.387547 0.43184 0.0896482 0.282047 0.00219387
0 0.337502 0.400381 0.103343 0.321674 0.00217037
0 0.29476 0.118646 0.0744257 0.228819 0.00178588
0 0.227878 0.827816 0.0767767 0.303929 0.00169196
0 0.635793 0.879111 0.0801748 0.241779 0.00168861
0 0.268571 0.225812 0.089392 0.287025 0.00121656
0 0.080131 0.808379 0.122278 0.265844 0.00111206
