0 0.753995 0.357994 0.0967115 0.233281 0.885046
0 0.656922 0.420308 0.0907933 0.240939 0.797038
0 0.359037 0.41439 0.114991 0.328344 0.273906
0 0.563764 0.256143 0.0768011 0.221104 0.270014
0 0.377938 0.460337 0.0945207 0.258772 0.150115
0 0.989972 0.324607 0.0192703 0.174589 0.0123626
0 0.0922149 0.225897 0.0923428 0.286285 0.00572993
0 0.674595 0.865072 0.0879535 0.251469 0.00428418
0 0.120773 0.210462 0.0964456 0.280934 0.00366008
0 0.0727089 0.212613 0.0869664 0.27104 0.00308164
0 0.142932 0.180965 0.0948556 0.283173 0.00246736
0 0.975822 0.431965 0.0469631 0.248675 0.0012077
0 0.334351 0.427404 0.0992896 0.305265 0.0011236
0 0.10245 0.159322 0.0876081 0.28629 0.00110951
