0 0.819216 0.584281 0.0765167 0.203402 0.905361
0 0.966953 0.751346 0.0653849 0.242182 0.864482
0 0.354035 0.430753 0.13463 0.343787 0.417361
0 0.497268 0.614968 0.126373 0.27608 0.168036
0 0.371523 0.983274 0.06747 0.033453 0.0439924
0 0.477073 0.724902 0.114443 0.289113 0.0374162
0 0.495862 0.688369 0.121705 0.341612 0.0157855
0 0.531057 0.785523 0.10289 0.21816 0.0135828
0 0.281438 0.229761 0.0590456 0.254342 0.0124763
0 0.371693 0.984505 0.043466 0.0308434 0.0116828
0 0.670206 0.852851 0.0979816 0.26747 0.00923429
0 0.276384 0.314617 0.0853353 0.299704 0.00667571
0 0.634522 0.877418 0.085537 0.245164 0.00447817
0 0.516733 0.661673 0.0894332 0.307257 0.00413534
0 0.344595 0.182723 0.104445 0.264872 0.00357099
0 0.270537 0.256401 0.0743566 0.260912 0.00314783
0 0.348952 0.980863 0.109258 0.0382624 0.00304031
0 0.72522 0.914682 0.0897922 0.170161 0.00266021
0 0.64502 0.833533 0.0879071 0.231834 0.00242938
0 0.303588 0.227962 0.072658 0.261773 0.00231503
0 0.369476 0.973803 0.0746934 0.0510671 0.00191549
0 0.258319 0.198849 0.0847273 0.285729 0.00187035
0 0.29152 0.283236 0.0748355 0.300887 0.00183743
0 0.469097 0.687716 0.0862709 0.235089 0.00162288
0 0.528689 0.599585 0.0925589 0.277645 0.00137044
0 0.387242 0.98492 0.074826 0.0301597 0.00128122
0 0.354714 0.985471 0.0820422 0.0290571 0.00127199
0 0.613386 0.876249 0.0826032 0.242841 0.00123377
