0 0.364865 0.909172 0.0864133 0.175932 0.866267
0 0.32885 0.478237 0.131498 0.265294 0.12525
0 0.255955 0.444088 0.0907104 0.304254 0.045416
0 0.682027 0.86288 0.0920119 0.217976 0.034143
0 0.977046 0.434095 0.0447664 0.234552 0.00762757
0 0.992053 0.354766 0.0148111 0.120001 0.00273724
0 0.258072 0.321586 0.0767665 0.267996 0.00267984
0 0.994062 0.371266 0.0116861 0.0858757 0.00266981
0 0.279701 0.461535 0.0858936 0.292978 0.00207588
0 0.236305 0.41809 0.103323 0.32146 0.00169138
0 0.990671 0.324113 0.0177784 0.18077 0.00147869
0 0.306327 0.449476 0.120354 0.323158 0.00147229
0 0.985865 0.431857 0.0269619 0.224986 0.0014196
0 0.395203 0.476476 0.0704696 0.225794 0.00132552
0 0.298568 0.248401 0.0676403 0.252881 0.00130725
0 0.987612 0.370977 0.0237555 0.0832043 0.00120363
