0 0.217689 0.70662 0.0688168 0.225982 0.818838
0 0.357043 0.62385 0.0474278 0.234482 0.813105
0 0.310327 0.630848 0.0504133 0.238428 0.805966
0 0.132566 0.713465 0.0672824 0.230736 0.483638
0 0.677006 0.852641 0.107376 0.2815 0.0650953
0 0.367464 0.44401 0.093543 0.270908 0.0329136
0 0.126945 0.676386 0.0842731 0.194144 0.00582897
0 0.632833 0.844815 0.0734574 0.251047 0.00546268
0 0.707442 0.353552 0.0939652 0.321536 0.00543885
0 0.658398 0.822508 0.109181 0.234611 0.00465771
0 0.1292 0.765821 0.0961761 0.309313 0.0045196
0 0.323548 0.621672 0.0609592 0.233359 0.00398508
0 0.361276 0.623194 0.0779818 0.241342 0.00242774
0 0.121498 0.622087 0.0966695 0.272307 0.00223248
0 0.389473 0.44425 0.0711369 0.265059 0.00219955
0 0.0923402 0.194827 0.101477 0.288828 0.0020981
0 0.656402 0.875859 0.101702 0.248282 0.00179374
0 0.305168 0.181957 0.0829887 0.24395 0.00166958
0 0.193467 0.466856 0.0741451 0.24258 0.00148761
0 0.617218 0.877287 0.0596638 0.222616 0.00145216
0 0.507304 0.632724 0.0997849 0.338182 0.00102477
