0 0.403569 0.883236 0.0804588 0.231466 0.890926
0 0.845337 0.589195 0.0680168 0.227501 0.873713
0 0.295147 0.243094 0.0871385 0.292637 0.251574
0 0.381477 0.474142 0.102195 0.258218 0.145973
0 0.353657 0.431982 0.114354 0.314646 0.137228
0 0.284627 0.290845 0.0848395 0.280808 0.0685488
0 0.677236 0.84953 0.106562 0.274435 0.0478064
0 0.631357 0.819798 0.0675597 0.210053 0.0122982
0 0.658226 0.821751 0.108041 0.225587 0.00753764
0 0.266096 0.280193 0.090012 0.316126 0.00398685
0 0.299217 0.331109 0.0924406 0.277827 0.00206143
0 0.724692 0.915598 0.110413 0.168416 0.00176394
0 0.14404 0.431456 0.127405 0.311526 0.00170582
0 0.505834 0.613737 0.106721 0.304509 0.0015277
0 0.27252 0.214307 0.0768093 0.279423 0.00135935
0 0.631469 0.881694 0.0818142 0.236613 0.00121668
