0 0.695094 0.354887 0.0721082 0.18606 0.855135
0 0.965128 0.23897 0.0587431 0.187136 0.0467202
0 0.357891 0.427056 0.123046 0.310976 0.025075
0 0.482211 0.0611264 0.0668395 0.119079 0.013617
0 0.278733 0.459146 0.0847924 0.262635 0.00430158
0 0.720145 0.917823 0.109477 0.163112 0.00419921
0 0.258559 0.396254 0.0902637 0.272375 0.00283391
0 0.643549 0.830009 0.0833972 0.218077 0.00255579
0 0.674195 0.869232 0.0881003 0.247012 0.00234379
0 0.380229 0.45642 0.111413 0.28852 0.00165052
0 0.335902 0.399376 0.112635 0.322918 0.00108027
0 0.99251 0.325118 0.0138134 0.16898 0.00101813
