0 0.369471 0.75534 0.113666 0.278419 0.838508
0 0.353297 0.420262 0.112913 0.332263 0.630634
0 0.283568 0.249111 0.0750206 0.288219 0.170886
0 0.463852 0.721631 0.0698518 0.265397 0.0832161
0 0.529721 0.733202 0.0966914 0.302025 0.065335
0 0.269858 0.273055 0.0772294 0.260942 0.0372427
0 0.340942 0.773143 0.0648689 0.250783 0.0251875
0 0.35437 0.275995 0.106219 0.28767 0.0248171
0 0.68101 0.856146 0.0947246 0.265902 0.0237628
0 0.301556 0.232942 0.0768775 0.287435 0.0184841
0 0.658136 0.846136 0.0970336 0.25607 0.0100427
0 0.633003 0.830175 0.0725387 0.221457 0.00502325
0 0.710566 0.910208 0.108869 0.178005 0.00428368
0 0.39769 0.754634 0.0842298 0.276936 0.00411257
0 0.249165 0.26168 0.0965617 0.260797 0.0020984
0 0.634283 0.883681 0.083421 0.232638 0.00193848
0 0.292951 0.297889 0.0774733 0.275026 0.00177926
0 0.315358 0.272961 0.0952222 0.278175 0.00113978
0 0.704581 0.83811 0.122879 0.304698 0.00100351
