0 0.271215 0.933442 0.0910689 0.132666 0.875722
0 0.409378 0.939294 0.0977121 0.120614 0.856158
0 0.81637 0.6224 0.0826721 0.200463 0.811299
0 0.359184 0.426776 0.134312 0.336882 0.671889
0 0.966409 0.621651 0.0671762 0.180646 0.567577
0 0.807297 0.374923 0.0458857 0.237203 0.189236
0 0.845898 0.365716 0.105852 0.214093 0.179052
0 0.678919 0.849408 0.111399 0.291849 0.0648175
0 0.258653 0.415299 0.0981907 0.290743 0.0346418
0 0.971956 0.673577 0.0560873 0.21971 0.0133984
0 0.149164 0.273087 0.0977358 0.283099 0.0108515
0 0.334312 0.403224 0.120731 0.320503 0.00966969
0 0.976127 0.739148 0.0473169 0.23745 0.00727032
0 0.128609 0.256365 0.104216 0.297943 0.00673353
0 0.855302 0.419918 0.104271 0.275658 0.00574388
0 0.168002 0.459383 0.1164 0.306846 0.00501116
0 0.980118 0.707457 0.039208 0.164878 0.00492091
0 0.961627 0.666176 0.0691732 0.265398 0.00485015
0 0.103032 0.278947 0.107567 0.292398 0.00436169
0 0.27292 0.335357 0.0844802 0.30382 0.00413139
0 0.817317 0.358274 0.068874 0.247012 0.00407461
0 0.0795234 0.316549 0.101822 0.291496 0.00319062
0 0.333816 0.115873 0.0688317 0.197452 0.00302606
0 0.0743004 0.250563 0.104538 0.294421 0.00293514
0 0.657534 0.823128 0.106162 0.260549 0.0026437
0 0.0508666 0.244512 0.0906363 0.28308 0.00258266
0 0.712803 0.915472 0.0994129 0.164196 0.00247909
0 0.276837 0.442272 0.0972707 0.336487 0.00234722
0 0.634285 0.84109 0.0781528 0.259308 0.00216561
0 0.977285 0.601392 0.0454293 0.138871 0.00202873
0 0.377593 0.467836 0.109275 0.269206 0.00174923
0 0.194842 0.396828 0.10215 0.318305 0.00174323
0 0.617619 0.882379 0.0742325 0.226328 0.00173466
0 0.705679 0.843649 0.114862 0.29703 0.00165653
0 0.235102 0.399867 0.110427 0.302884 0.00161731
0 0.118665 0.317863 0.111527 0.284236 0.00134703
0 0.650281 0.890518 0.0836063 0.214734 0.00120878
0 0.176324 0.273247 0.0892303 0.256384 0.00119234
0 0.943948 0.204246 0.106495 0.252373 0.00109979
0 0.2972 0.411132 0.102763 0.334194 0.001092
