0 0.357442 0.94592 0.0817429 0.10701 0.856637
0 0.505799 0.601872 0.113932 0.292658 0.142456
0 0.678804 0.854524 0.100273 0.276084 0.0471569
0 0.530074 0.596187 0.067472 0.279071 0.0407027
0 0.804645 0.494378 0.09275 0.243515 0.0175097
0 0.284859 0.241798 0.07073 0.276264 0.0035867
0 0.365477 0.430827 0.104851 0.317386 0.00303634
0 0.656871 0.805651 0.0956964 0.24167 0.0029878
0 0.991573 0.323429 0.0162527 0.190792 0.00131965
0 0.463818 0.689872 0.069919 0.231894 0.00128875
0 0.784121 0.51439 0.0932993 0.227748 0.00128152
0 0.130869 0.263071 0.0854415 0.256368 0.00106756
0 0.35901 0.947343 0.0480532 0.102403 0.00102012
