0 0.728204 0.394963 0.0666458 0.183296 0.849162
0 0.397931 0.888371 0.0836626 0.221288 0.81008
0 0.236396 0.648231 0.0970445 0.307067 0.649144
0 0.3521 0.425585 0.118796 0.333596 0.47757
0 0.118878 0.625903 0.0911116 0.263113 0.190409
0 0.271486 0.249192 0.0857656 0.316227 0.0534069
0 0.13382 0.597367 0.0833654 0.297848 0.01549
0 0.258878 0.290281 0.0797216 0.255125 0.0147911
0 0.676561 0.851502 0.101759 0.264527 0.0119442
0 0.375922 0.885485 0.134719 0.229029 0.00941216
0 0.287323 0.27177 0.0776586 0.299488 0.00469984
0 0.354026 0.278561 0.110187 0.289 0.00316468
0 0.103577 0.571024 0.123703 0.355259 0.00298781
0 0.658827 0.822696 0.101684 0.221046 0.00253557
0 0.632545 0.821404 0.0639071 0.201804 0.00211278
0 0.376478 0.445037 0.103209 0.299799 0.00178398
0 0.276892 0.292067 0.0661431 0.223136 0.00163128
0 0.253867 0.386588 0.0806518 0.28592 0.00149574
0 0.720965 0.915521 0.0968915 0.167745 0.00141298
0 0.344679 0.108649 0.0703176 0.217298 0.00132884
0 0.246766 0.66228 0.0823512 0.228772 0.00108095
0 0.503781 0.61516 0.116945 0.332658 0.00107832
