0 0.211829 0.775299 0.101047 0.264925 0.755302
0 0.353563 0.432833 0.112891 0.301324 0.0640293
0 0.508477 0.601 0.111503 0.309122 0.0253316
0 0.274712 0.28296 0.0999456 0.262068 0.0139555
0 0.385448 0.474319 0.0922136 0.25659 0.0130421
0 0.182514 0.353631 0.110557 0.243113 0.0118815
0 0.555712 0.162318 0.0885765 0.234353 0.00558524
0 0.159692 0.351335 0.0950009 0.223376 0.00348367
0 0.577057 0.150566 0.0913567 0.233346 0.00153298
0 0.132124 0.380958 0.0975542 0.245233 0.00113708
0 0.235234 0.774072 0.068327 0.264711 0.00113632
0 0.17064 0.397737 0.121725 0.270503 0.00111044
