0 0.330171 0.555035 0.0607762 0.207833 0.847356
0 0.265546 0.567928 0.0630821 0.230706 0.825459
0 0.382215 0.454858 0.0733101 0.277954 0.499599
0 0.793025 0.370424 0.102963 0.199633 0.214097
0 0.781895 0.320292 0.122056 0.27903 0.0571148
0 0.505949 0.647356 0.108161 0.325748 0.0484
0 0.638664 0.819396 0.0655847 0.209557 0.0325746
0 0.654103 0.832309 0.0882237 0.234651 0.00608904
0 0.403494 0.465241 0.072432 0.279346 0.00435197
0 0.362886 0.433744 0.0891669 0.268375 0.00365644
0 0.291096 0.0837494 0.077438 0.166375 0.00228898
0 0.393111 0.500239 0.07154 0.264738 0.00169557
0 0.670091 0.867304 0.0865852 0.252279 0.00155153
