0 0.201326 0.674109 0.0832493 0.187634 0.845004
0 0.357655 0.426092 0.137695 0.331662 0.680365
0 0.143733 0.163478 0.100129 0.285247 0.0385251
0 0.23241 0.10281 0.0716712 0.199263 0.0200826
0 0.280675 0.228754 0.0764383 0.283137 0.00970197
0 0.674127 0.865463 0.0925932 0.269073 0.00705021
0 0.253904 0.102913 0.0764117 0.199759 0.00650732
0 0.122893 0.177657 0.0870504 0.276627 0.00509226
0 0.213346 0.101312 0.0824551 0.199472 0.0040622
0 0.165171 0.147192 0.0957921 0.277494 0.00386817
0 0.969001 0.432373 0.0600636 0.261417 0.00313932
0 0.384502 0.443621 0.100491 0.303144 0.00273701
0 0.260476 0.227503 0.0824455 0.286479 0.00265528
0 0.0715825 0.153022 0.107485 0.297492 0.00234833
0 0.276291 0.102206 0.0687855 0.196426 0.00183425
0 0.194469 0.118297 0.083359 0.231406 0.00148176
0 0.0939417 0.17907 0.10171 0.278913 0.00121048
0 0.291284 0.273972 0.068647 0.289964 0.00113513
0 0.336686 0.390859 0.106171 0.289677 0.00113257
0 0.300651 0.229207 0.0717837 0.268942 0.00110033
0 0.0522372 0.744159 0.0949392 0.289161 0.00109683
