0 0.351609 0.423738 0.116325 0.34042 0.757813
0 0.341044 0.978233 0.0551984 0.0432116 0.184502
0 0.799293 0.443536 0.0950937 0.189693 0.176874
0 0.390166 0.982586 0.0455914 0.0345322 0.165597
0 0.521608 0.202205 0.104027 0.2709 0.0952437
0 0.284363 0.0986402 0.0676889 0.186519 0.0229569
0 0.341698 0.105172 0.0779409 0.204072 0.0174212
0 0.431479 0.241141 0.0769827 0.24209 0.0127331
0 0.389727 0.983532 0.0282447 0.0329355 0.00827689
0 0.326621 0.976774 0.0905458 0.0464512 0.00678807
0 0.373609 0.444007 0.10089 0.294887 0.00611477
0 0.374613 0.981565 0.0759579 0.0364665 0.00540074
0 0.391412 0.97465 0.0537936 0.0490811 0.00520233
0 0.405645 0.980959 0.0784021 0.0380816 0.00469437
0 0.300123 0.098607 0.0566503 0.182708 0.00445342
0 0.350772 0.973056 0.0736971 0.0523569 0.00399831
0 0.659291 0.835213 0.0963778 0.240067 0.00365878
0 0.341256 0.978783 0.0288667 0.0419453 0.00225009
0 0.269447 0.224288 0.0931722 0.281769 0.00208499
0 0.317895 0.098709 0.0644533 0.185717 0.00193629
0 0.722393 0.915341 0.103484 0.167685 0.00158351
0 0.410914 0.22988 0.089116 0.260253 0.00136841
0 0.674724 0.863325 0.0992267 0.260791 0.00108761
