0 0.8823 0.534531 0.0807549 0.201085 0.847063
0 0.277375 0.281053 0.0968754 0.294654 0.580628
0 0.374914 0.435238 0.125749 0.343053 0.389896
0 0.350361 0.417018 0.106926 0.296167 0.0456741
0 0.504281 0.635122 0.107569 0.330146 0.0395038
0 0.398916 0.458851 0.108226 0.283979 0.0295694
0 0.669023 0.83582 0.114927 0.266851 0.023264
0 0.259649 0.249101 0.0976256 0.278692 0.00716613
0 0.711926 0.915224 0.102057 0.166998 0.00362131
0 0.299201 0.301689 0.107918 0.280401 0.00309977
0 0.292437 0.23229 0.088642 0.280647 0.00253791
0 0.638852 0.84227 0.0853498 0.267368 0.00151927
0 0.854655 0.965595 0.087331 0.0680739 0.00132485
0 0.784561 0.843672 0.0298243 0.0975105 0.00124509
0 0.38337 0.460243 0.0857923 0.229831 0.0010864
