0 0.132497 0.697024 0.0560129 0.241132 0.643532
0 0.181399 0.685232 0.0699281 0.273223 0.207153
0 0.353551 0.42337 0.136988 0.333178 0.129556
0 0.678225 0.851945 0.105212 0.278042 0.0922327
0 0.269033 0.228916 0.0752883 0.267308 0.0478734
0 0.145964 0.704969 0.0890167 0.265949 0.046522
0 0.292535 0.229325 0.0680834 0.269104 0.0136809
0 0.377203 0.456763 0.105508 0.273834 0.0123964
0 0.258713 0.308903 0.0850376 0.264012 0.0120648
0 0.257928 0.387893 0.099711 0.300751 0.0108685
0 0.172695 0.63743 0.0828613 0.277525 0.0102329
0 0.18995 0.729893 0.0773614 0.299947 0.00708787
0 0.511535 0.611552 0.0935593 0.30349 0.00685866
0 0.333245 0.110676 0.0774044 0.221352 0.00464571
0 0.660097 0.823248 0.105914 0.228421 0.00440586
0 0.704352 0.838091 0.127329 0.310797 0.00331822
0 0.534394 0.242411 0.0614989 0.197903 0.00279925
0 0.322648 0.425838 0.117343 0.300807 0.002346
0 0.106987 0.182464 0.0880431 0.291201 0.00229929
0 0.297043 0.275992 0.0898433 0.318364 0.00224026
0 0.629426 0.817391 0.0684944 0.206941 0.00198898
0 0.251307 0.242166 0.0916837 0.270489 0.00181614
0 0.129714 0.261469 0.0994426 0.313953 0.00162504
0 0.311468 0.220208 0.0850156 0.303912 0.00134287
0 0.636574 0.8783 0.0816499 0.243401 0.00111306
0 0.0835543 0.179803 0.0971702 0.290601 0.00107793
