0 0.960908 0.725029 0.0755041 0.231328 0.862927
0 0.35146 0.4351 0.116943 0.324359 0.295446
0 0.279146 0.228694 0.0849147 0.271016 0.0678091
0 0.471191 0.726589 0.106423 0.278293 0.0566856
0 0.640023 0.819707 0.0675444 0.194944 0.0377153
0 0.297274 0.441556 0.0996652 0.325519 0.0140874
0 0.259968 0.243249 0.097181 0.267745 0.0120721
0 0.300494 0.243349 0.0697839 0.261114 0.00766742
0 0.32211 0.414588 0.132782 0.319442 0.00555163
0 0.375351 0.434261 0.107658 0.28537 0.00274418
0 0.260003 0.313492 0.10183 0.286321 0.00221524
0 0.725447 0.917215 0.0857913 0.165571 0.00203529
0 0.506341 0.616379 0.116604 0.316542 0.00144302
0 0.529241 0.615949 0.0664682 0.306322 0.00130766
0 0.275066 0.457747 0.0956433 0.296517 0.00123736
0 0.656871 0.819538 0.0830393 0.214017 0.00103083
