0 0.330335 0.870026 0.0811659 0.257875 0.902378
0 0.415851 0.873321 0.0773346 0.24774 0.896336
0 0.355287 0.417814 0.117646 0.316538 0.10344
0 0.506196 0.615736 0.103148 0.315268 0.0305675
0 0.628736 0.886376 0.097042 0.226307 0.0299649
0 0.2948 0.230435 0.0762488 0.270324 0.0270478
0 0.604267 0.884432 0.0851512 0.228313 0.0208343
0 0.653917 0.851521 0.108157 0.262817 0.0141689
0 0.379638 0.441544 0.107798 0.291593 0.00683354
0 0.271058 0.225147 0.0818851 0.2783 0.00412497
0 0.713888 0.915428 0.0853518 0.165912 0.00227852
0 0.668904 0.894028 0.114308 0.211265 0.00171397
0 0.638551 0.815729 0.0873777 0.21581 0.00156142
0 0.667526 0.812063 0.118228 0.21543 0.00147489
0 0.28323 0.271209 0.079806 0.275985 0.00126073
0 0.584426 0.8725 0.0920408 0.234817 0.00106841
0 0.683117 0.846989 0.0972472 0.26722 0.00101307
