0 0.229581 0.681477 0.0917043 0.264043 0.807518
0 0.358937 0.43477 0.11697 0.315617 0.482059
0 0.379255 0.471517 0.118117 0.260442 0.0794126
0 0.121039 0.177619 0.0812515 0.260834 0.00793566
0 0.281545 0.243938 0.080893 0.281774 0.00484433
0 0.343404 0.118681 0.0615837 0.198507 0.00393967
0 0.667676 0.811451 0.105101 0.209703 0.00379174
0 0.268357 0.273206 0.0747274 0.268231 0.0035308
0 0.404145 0.485554 0.0927948 0.250105 0.00180014
0 0.673212 0.869404 0.0893034 0.243161 0.00136606
0 0.338292 0.401365 0.11475 0.29501 0.00133782
0 0.728258 0.917862 0.0919831 0.164276 0.00123918
