0 0.232736 0.746678 0.0568669 0.240236 0.832813
0 0.176894 0.734358 0.0669727 0.229237 0.78533
0 0.657595 0.438256 0.100298 0.257624 0.778012
0 0.348202 0.412934 0.119398 0.335144 0.0588837
0 0.26807 0.320268 0.0910116 0.30143 0.018313
0 0.986875 0.306363 0.0256012 0.216002 0.0125768
0 0.660988 0.850738 0.0992158 0.265826 0.0122742
0 0.510071 0.613875 0.0942122 0.298812 0.0078656
0 0.0718656 0.286609 0.0994768 0.315628 0.00221143
0 0.991124 0.331977 0.0165188 0.173364 0.00205211
0 0.247645 0.293334 0.0999126 0.302612 0.00180036
0 0.639313 0.843021 0.0801846 0.255348 0.00178023
0 0.195423 0.402279 0.0991929 0.31089 0.00129871
0 0.666738 0.404152 0.0794594 0.191855 0.0012072
0 0.720415 0.91608 0.0968289 0.163879 0.00117479
0 0.977202 0.3036 0.0455968 0.234239 0.00107353
