0 0.892531 0.698451 0.0832838 0.199174 0.872038
0 0.359893 0.437676 0.113447 0.311699 0.70445
0 0.276481 0.338321 0.0878786 0.321641 0.283033
0 0.674848 0.855073 0.102834 0.277586 0.0214843
0 0.289256 0.292113 0.0849611 0.285947 0.0181993
0 0.277794 0.440051 0.0790145 0.320114 0.0147638
0 0.336146 0.413908 0.115198 0.323862 0.010828
0 0.154804 0.430664 0.109884 0.282411 0.0105751
0 0.376623 0.468623 0.101916 0.257712 0.0101412
0 0.262409 0.292587 0.0980044 0.290031 0.00952629
0 0.119758 0.261517 0.107359 0.312818 0.00392599
0 0.290777 0.381904 0.0891107 0.326721 0.00373588
0 0.132089 0.466898 0.119718 0.33224 0.00309696
0 0.65723 0.82335 0.0971191 0.238893 0.00290599
0 0.260172 0.46801 0.100574 0.316112 0.00258386
0 0.632036 0.777463 0.0770241 0.171505 0.00234289
0 0.171356 0.471591 0.11345 0.339099 0.00197999
0 0.198585 0.476254 0.10997 0.341488 0.00181615
0 0.260933 0.382267 0.0971957 0.328876 0.00141101
0 0.22525 0.474497 0.11637 0.320073 0.0011715
0 0.57869 0.258693 0.102683 0.215997 0.00109664
0 0.360492 0.4438 0.0875538 0.229863 0.00102203
0 0.742799 0.674799 0.0566322 0.0518594 0.00101037
