0 0.365868 0.783994 0.0749882 0.275101 0.807117
0 0.811187 0.579818 0.0809471 0.203811 0.80529
0 0.800082 0.339692 0.0654404 0.192866 0.623329
0 0.355295 0.43305 0.121905 0.31806 0.106551
0 0.671686 0.865669 0.10031 0.264902 0.0722878
0 0.634373 0.881592 0.0781012 0.23614 0.0239841
0 0.633097 0.830836 0.0640619 0.220636 0.0180216
0 0.295768 0.241724 0.0786834 0.278909 0.0153588
0 0.376527 0.460626 0.100483 0.276939 0.00800566
0 0.655753 0.837768 0.0990697 0.253399 0.00710619
0 0.344026 0.109712 0.0724225 0.215049 0.00434357
0 0.314903 0.228408 0.093893 0.281414 0.00415533
0 0.503581 0.617947 0.121372 0.313491 0.00319953
0 0.618341 0.895732 0.0662036 0.208166 0.00203494
0 0.652618 0.891359 0.0902829 0.217281 0.00126559
0 0.690673 0.830987 0.0949148 0.279469 0.00105794
0 0.619937 0.845513 0.0589005 0.233379 0.00101306
