0 0.861161 0.620504 0.07764 0.208636 0.849433
0 0.976225 0.833486 0.0466108 0.187036 0.827205
0 0.232716 0.630449 0.0793855 0.251738 0.798295
0 0.370046 0.459524 0.099844 0.265243 0.234192
0 0.356046 0.410455 0.103956 0.320121 0.109028
0 0.541788 0.973588 0.0659804 0.052824 0.0329478
0 0.342899 0.115996 0.069208 0.210735 0.0136831
0 0.658668 0.845898 0.108638 0.270526 0.0117486
0 0.710624 0.915397 0.114017 0.169207 0.0112442
0 0.281341 0.244829 0.0842175 0.28973 0.00841951
0 0.562143 0.977107 0.0818786 0.0457851 0.00792446
0 0.546848 0.977483 0.0447887 0.0449787 0.00649534
0 0.258437 0.272918 0.0897291 0.281476 0.00605708
0 0.387225 0.480298 0.0839105 0.245533 0.00477301
0 0.634573 0.829522 0.0806804 0.229386 0.00244903
0 0.331333 0.184371 0.0908761 0.249372 0.0020118
0 0.551966 0.986435 0.052706 0.0271303 0.00178576
0 0.510491 0.977303 0.126349 0.0453948 0.00178425
0 0.213819 0.646605 0.0993745 0.297528 0.00165373
0 0.295028 0.183998 0.0672779 0.242771 0.00144536
0 0.300819 0.242247 0.0755722 0.281105 0.0013863
0 0.564584 0.98348 0.0679916 0.033004 0.00123668
0 0.323186 0.118576 0.0733746 0.216646 0.00117053
0 0.129152 0.836658 0.109154 0.260614 0.00115327
0 0.983629 0.82376 0.0310127 0.168288 0.00100776
