0 0.950565 0.532777 0.0978102 0.266669 0.824491
0 0.675541 0.851181 0.0990992 0.266122 0.0588764
0 0.350097 0.424862 0.127413 0.340085 0.0302527
0 0.925959 0.52634 0.0943432 0.266678 0.030002
0 0.634012 0.822056 0.0626952 0.201888 0.0139168
0 0.168897 0.5744 0.0874792 0.293681 0.0103134
0 0.656532 0.82217 0.101439 0.217544 0.00951846
0 0.156239 0.617283 0.117937 0.315461 0.00523831
0 0.990237 0.311539 0.0194908 0.205776 0.00241198
0 0.538491 0.771788 0.109193 0.248917 0.00183135
0 0.271644 0.435202 0.0863072 0.307178 0.00182046
0 0.631759 0.879608 0.0826315 0.240784 0.00170787
