0 0.268468 0.766405 0.0755124 0.235172 0.741247
0 0.347943 0.419741 0.125137 0.326985 0.20144
0 0.283232 0.241442 0.0795224 0.283349 0.153872
0 0.300564 0.231009 0.0713611 0.279872 0.0185864
0 0.658968 0.848064 0.095892 0.261156 0.0171076
0 0.107878 0.838291 0.126197 0.269598 0.0104264
0 0.65315 0.808824 0.0810801 0.192734 0.00819221
0 0.368741 0.456578 0.104057 0.277149 0.00604536
0 0.262361 0.229532 0.0961305 0.291681 0.00472239
0 0.504044 0.614368 0.117498 0.305046 0.00443257
0 0.725862 0.916881 0.100063 0.166238 0.00277489
0 0.323617 0.425466 0.116452 0.289178 0.00272438
0 0.343675 0.119966 0.0683065 0.218406 0.00184229
0 0.678783 0.866769 0.100234 0.266461 0.00142104
0 0.637951 0.845259 0.0684976 0.251848 0.00123583
0 0.293683 0.28401 0.074432 0.27323 0.00119192
0 0.0806925 0.815609 0.131071 0.282112 0.00106744
