0 0.475948 0.926639 0.0827778 0.146172 0.883847
0 0.35991 0.950774 0.0853856 0.0967705 0.804469
0 0.217404 0.830669 0.0762437 0.255124 0.711339
0 0.233008 0.445133 0.10127 0.286784 0.0124411
0 0.669903 0.837258 0.10581 0.249531 0.0116473
0 0.269486 0.445994 0.099698 0.303953 0.00581562
0 0.495459 0.58523 0.132988 0.297258 0.00306499
0 0.258188 0.396146 0.0941247 0.319392 0.00224127
0 0.360356 0.95047 0.048249 0.0964782 0.00182653
0 0.648025 0.851795 0.0900842 0.248715 0.00127826
0 0.21045 0.461869 0.104713 0.266876 0.00116252
