0 0.750777 0.544139 0.0897343 0.237886 0.889889
0 0.35358 0.437369 0.123683 0.331261 0.0976454
0 0.290752 0.288982 0.0741697 0.263685 0.0384592
0 0.279853 0.228123 0.0859657 0.285848 0.017562
0 0.193754 0.398553 0.101169 0.326241 0.0061218
0 0.376966 0.46073 0.112973 0.281525 0.0058539
0 0.17293 0.430393 0.123376 0.302649 0.00329397
0 0.261042 0.412337 0.0971017 0.29098 0.00319697
0 0.683382 0.864517 0.0922045 0.26791 0.00267945
0 0.300707 0.230655 0.0756594 0.275208 0.0020389
0 0.279066 0.444025 0.096176 0.319904 0.00125585
0 0.269343 0.279917 0.0918903 0.303215 0.00122982
0 0.652188 0.878501 0.0869076 0.239938 0.00121676
0 0.632776 0.88534 0.0837489 0.22932 0.00112735
0 0.27939 0.336997 0.085353 0.32135 0.00110467
