0 0.749768 0.403152 0.0757739 0.182088 0.874594
0 0.330496 0.940224 0.0918038 0.119551 0.847735
0 0.256722 0.951619 0.0767828 0.0967622 0.754994
0 0.356049 0.417428 0.111095 0.327577 0.36098
0 0.675026 0.848451 0.0887325 0.250427 0.0551092
0 0.657637 0.822077 0.104167 0.215437 0.0199887
0 0.632257 0.819596 0.0684969 0.207445 0.0089519
0 0.0461609 0.617363 0.0872189 0.27012 0.00802739
0 0.29554 0.11603 0.0816225 0.215212 0.00744877
0 0.344078 0.109728 0.0673804 0.218515 0.00419478
0 0.723148 0.917986 0.0939259 0.163114 0.00337732
0 0.316937 0.101698 0.0792877 0.195671 0.00286521
0 0.294888 0.229742 0.0739941 0.270247 0.00257768
0 0.254993 0.954075 0.0481868 0.0918508 0.00240504
0 0.353951 0.27536 0.100958 0.26797 0.00202257
0 0.62671 0.886827 0.0817565 0.226345 0.00170546
0 0.503115 0.617832 0.124879 0.339648 0.00157483
0 0.974749 0.743514 0.0496105 0.301234 0.0014759
0 0.246903 0.964415 0.0822104 0.0711706 0.00147029
0 0.270256 0.104233 0.0696571 0.197536 0.00103105
