0 0.354596 0.901939 0.0586488 0.195553 0.880817
0 0.28836 0.896377 0.0687366 0.205709 0.879414
0 0.351566 0.415237 0.129593 0.329949 0.509982
0 0.669316 0.849988 0.110275 0.273427 0.196296
0 0.98321 0.831251 0.0324459 0.193766 0.046791
0 0.0579545 0.315411 0.104418 0.340655 0.0137352
0 0.528774 0.598126 0.0651634 0.306161 0.0114507
0 0.269419 0.440391 0.101176 0.29828 0.00901648
0 0.642327 0.845923 0.0935177 0.265775 0.00712425
0 0.256368 0.389115 0.0924408 0.301478 0.00567571
0 0.99068 0.841688 0.0173603 0.189587 0.00493763
0 0.656685 0.813048 0.100696 0.213333 0.00410236
0 0.0961748 0.3089 0.100632 0.343383 0.00321356
0 0.0694375 0.373062 0.103654 0.339038 0.0028475
0 0.268476 0.102725 0.0873798 0.19796 0.00239775
0 0.370508 0.454717 0.109723 0.271842 0.00224203
0 0.267672 0.276719 0.0873114 0.279697 0.00223593
0 0.104125 0.434624 0.120558 0.328135 0.00209338
0 0.0567146 0.430411 0.102564 0.321735 0.00178153
0 0.230988 0.384708 0.117001 0.331697 0.00160665
0 0.988886 0.811857 0.021797 0.201838 0.00158844
0 0.131754 0.444645 0.107577 0.303157 0.00155371
0 0.121542 0.312094 0.096809 0.344089 0.00131085
0 0.635179 0.821952 0.0690648 0.212954 0.0012623
0 0.679007 0.860404 0.0804702 0.223594 0.00117037
0 0.131036 0.367965 0.0990318 0.311864 0.00115004
0 0.120261 0.210205 0.0788352 0.276819 0.00105703
0 0.205955 0.406088 0.119186 0.32911 0.0010514
0 0.282266 0.226075 0.0807254 0.279239 0.00103978
0 0.204181 0.0850305 0.0771719 0.164574 0.00100945
