0 0.686483 0.362409 0.0794233 0.14535 0.509464
0 0.352748 0.424562 0.117574 0.338928 0.283566
0 0.683472 0.414331 0.0920984 0.256868 0.250062
0 0.671274 0.833896 0.119893 0.255938 0.0344391
0 0.376077 0.462036 0.105025 0.270993 0.0332436
0 0.633302 0.820243 0.0713591 0.21124 0.00343884
0 0.691476 0.327915 0.0772834 0.198411 0.00235069
0 0.305571 0.228644 0.0832051 0.273954 0.00184295
0 0.658909 0.82051 0.0862596 0.211809 0.00161846
0 0.729071 0.916829 0.0949468 0.16616 0.00155977
0 0.503053 0.614489 0.109602 0.315843 0.00125355
0 0.649805 0.873299 0.092773 0.250583 0.00120142
