0 0.833471 0.582376 0.0799318 0.217151 0.881876
0 0.358946 0.429673 0.13087 0.33987 0.376251
0 0.674684 0.845805 0.10181 0.272544 0.0270105
0 0.25867 0.413974 0.100529 0.274346 0.019853
0 0.293581 0.227068 0.0743254 0.284145 0.0143555
0 0.342256 0.110167 0.0774957 0.220335 0.00448128
0 0.28065 0.459002 0.0950057 0.296291 0.00403891
0 0.658818 0.810957 0.109416 0.222864 0.00329529
0 0.505735 0.613762 0.113185 0.323741 0.00305308
0 0.302973 0.274279 0.0701667 0.270212 0.00302253
0 0.23614 0.401957 0.107392 0.290971 0.00296366
0 0.710393 0.913083 0.101384 0.170815 0.00245585
0 0.27327 0.224306 0.0929832 0.294361 0.00216227
0 0.169723 0.463236 0.117017 0.253888 0.00213258
0 0.633778 0.885363 0.0873573 0.229274 0.00188659
0 0.202708 0.405858 0.105681 0.285976 0.00167508
0 0.634626 0.836242 0.0767475 0.241065 0.00149598
0 0.320332 0.108617 0.0810217 0.217235 0.00144426
0 0.287192 0.28993 0.0642722 0.257272 0.00118887
