0 0.9403 0.754358 0.0857693 0.215588 0.860137
0 0.364491 0.446416 0.116841 0.317491 0.524876
0 0.180846 0.777232 0.123631 0.259422 0.47428
0 0.17415 0.736761 0.0888291 0.185258 0.0197062
0 0.674732 0.866212 0.0877285 0.264658 0.0192772
0 0.386056 0.474332 0.103109 0.263212 0.016128
0 0.721097 0.91405 0.104915 0.171055 0.00931643
0 0.280224 0.242809 0.0932065 0.297036 0.00625308
0 0.347615 0.403667 0.111813 0.300153 0.00519411
0 0.629897 0.888771 0.0819871 0.22203 0.00514089
0 0.13285 0.862384 0.116505 0.258874 0.00334238
0 0.152751 0.832527 0.11886 0.315355 0.00323092
0 0.343504 0.109548 0.0747879 0.213025 0.00321123
0 0.163275 0.773353 0.0840006 0.228332 0.00289528
0 0.659963 0.835631 0.100994 0.246556 0.00185842
0 0.292964 0.461036 0.0781103 0.287905 0.00174776
0 0.140819 0.781304 0.126323 0.271141 0.00151749
0 0.259077 0.259561 0.0972493 0.291979 0.00150118
0 0.689425 0.837927 0.0960335 0.258057 0.00144957
0 0.368495 0.446962 0.087143 0.230153 0.00114744
0 0.202552 0.773917 0.0826452 0.223397 0.00111138
