0 0.243843 0.872449 0.0710827 0.255101 0.853989
0 0.184522 0.903224 0.0585505 0.19162 0.614856
0 0.460993 0.178153 0.0668472 0.234148 0.354165
0 0.351434 0.401826 0.113019 0.304855 0.185137
0 0.664443 0.818053 0.104113 0.222269 0.12698
0 0.47001 0.212021 0.0869862 0.287343 0.0417954
0 0.723427 0.917178 0.100068 0.165644 0.0351345
0 0.504735 0.613939 0.108955 0.327113 0.0232121
0 0.494399 0.197875 0.0965345 0.246856 0.0215252
0 0.680519 0.846357 0.101607 0.273036 0.0125713
0 0.170171 0.881868 0.0744066 0.233597 0.011305
0 0.196173 0.909871 0.0453614 0.178445 0.00735658
0 0.49566 0.56594 0.121671 0.211782 0.00659508
0 0.3055 0.230463 0.0760571 0.273594 0.00543414
0 0.330391 0.199408 0.092742 0.267592 0.00491501
0 0.523917 0.686817 0.110734 0.396228 0.00327927
0 0.444338 0.16237 0.081254 0.233751 0.00313986
0 0.647804 0.796476 0.0905412 0.186487 0.00248201
0 0.427721 0.113317 0.0717561 0.215463 0.00196123
0 0.513461 0.200889 0.0773838 0.220462 0.00177496
0 0.699759 0.914965 0.0938945 0.169484 0.00170733
0 0.406392 0.118801 0.066367 0.215605 0.00111834
