0 0.344203 0.116542 0.0710489 0.215022 0.0801377
0 0.124238 0.631675 0.0553184 0.23259 0.0568731
0 0.358728 0.428394 0.120355 0.324602 0.0464844
0 0.718843 0.915607 0.104433 0.167892 0.0278301
0 0.730137 0.478108 0.0889039 0.239851 0.020149
0 0.257915 0.39919 0.0972882 0.283764 0.0150153
0 0.294171 0.230254 0.0694301 0.273375 0.0087273
0 0.114099 0.596625 0.0801652 0.308258 0.00728671
0 0.268583 0.275621 0.0852572 0.269815 0.00395105
0 0.647877 0.877823 0.086651 0.239764 0.00327901
0 0.323866 0.119411 0.078032 0.216928 0.00312163
0 0.691589 0.911228 0.09626 0.175567 0.00233658
0 0.378733 0.459886 0.106293 0.275679 0.00218986
0 0.232758 0.398591 0.108172 0.289638 0.00208913
0 0.63304 0.831562 0.0718403 0.22709 0.00180837
0 0.276941 0.430502 0.0889743 0.278976 0.00179981
0 0.09589 0.632262 0.088877 0.250339 0.00167849
0 0.334062 0.146142 0.0683178 0.19176 0.00159297
0 0.669813 0.871364 0.0864415 0.244949 0.00129033
0 0.326674 0.1944 0.0903002 0.266478 0.00110822
0 0.136593 0.603268 0.075324 0.295225 0.00108656
