0 0.958527 0.701319 0.0812853 0.227227 0.817479
0 0.357938 0.430636 0.131828 0.343763 0.542334
0 0.375645 0.458346 0.101007 0.277359 0.200262
0 0.0674221 0.314919 0.111448 0.307857 0.0277569
0 0.653082 0.874908 0.100449 0.246021 0.0168779
0 0.281687 0.28919 0.0820214 0.264912 0.014548
0 0.674591 0.856612 0.0960311 0.271925 0.0137178
0 0.964655 0.235904 0.0599213 0.19398 0.0111972
0 0.267575 0.407493 0.0891546 0.332025 0.00809225
0 0.464367 0.692766 0.0743015 0.221051 0.00675057
0 0.245242 0.410814 0.0856364 0.285182 0.00537513
0 0.713849 0.916114 0.102292 0.165471 0.00423222
0 0.21848 0.410886 0.102605 0.295556 0.00380161
0 0.130178 0.275026 0.0977502 0.290537 0.00362878
0 0.105417 0.287276 0.10303 0.312267 0.00298333
0 0.302875 0.27654 0.0877186 0.268526 0.00298325
0 0.636188 0.882641 0.075396 0.215756 0.00292449
0 0.974097 0.7059 0.0507431 0.228456 0.00255083
0 0.196596 0.399745 0.0931177 0.303097 0.00223808
0 0.28958 0.341427 0.0833676 0.320789 0.00214887
0 0.258516 0.347608 0.0950805 0.330731 0.001632
0 0.259873 0.277087 0.08398 0.26606 0.00150567
0 0.659313 0.821937 0.10121 0.228294 0.00146985
0 0.168668 0.429302 0.0929636 0.296806 0.00116184
0 0.306084 0.192213 0.0942605 0.258045 0.00114351
0 0.33569 0.39032 0.108129 0.294303 0.00107866
