0 0.276085 0.906587 0.0716393 0.185411 0.868888
0 0.204663 0.913756 0.0703195 0.17162 0.804797
0 0.360231 0.433663 0.12646 0.339876 0.716141
0 0.284268 0.292257 0.0803439 0.264594 0.0373285
0 0.680778 0.853687 0.0991919 0.26984 0.035088
0 0.293127 0.33731 0.0789383 0.291821 0.0221191
0 0.279959 0.370826 0.0852153 0.322937 0.0078433
0 0.659547 0.833763 0.10959 0.243386 0.00695657
0 0.29098 0.457614 0.0781056 0.277359 0.00383551
0 0.260349 0.43843 0.0988683 0.311997 0.00312844
0 0.189777 0.901993 0.0698239 0.195268 0.00296135
0 0.300461 0.276182 0.077591 0.27041 0.00279489
0 0.636222 0.81629 0.0785635 0.219495 0.00219892
0 0.700696 0.905287 0.103422 0.187032 0.00176171
0 0.223262 0.435526 0.105382 0.305188 0.0016826
0 0.0672807 0.180381 0.0929811 0.285235 0.00166796
0 0.267114 0.313048 0.0978642 0.293311 0.0016382
0 0.703584 0.837556 0.1192 0.308309 0.0015893
0 0.337219 0.401535 0.104678 0.30585 0.00152671
0 0.723184 0.919978 0.111956 0.160043 0.00131553
0 0.312203 0.335619 0.077794 0.266169 0.00109165
