0 0.974839 0.808882 0.0485155 0.223544 0.808382
0 0.351513 0.426232 0.121545 0.338481 0.778988
0 0.245774 0.401032 0.0840621 0.298891 0.0613706
0 0.252152 0.460609 0.111256 0.3354 0.0358652
0 0.37445 0.456289 0.0929407 0.286027 0.0142608
0 0.676391 0.851014 0.100942 0.272523 0.0120123
0 0.264489 0.414383 0.0869095 0.295907 0.00768657
0 0.22237 0.413785 0.111797 0.319304 0.00752207
0 0.651752 0.874941 0.0941409 0.248807 0.00716721
0 0.279623 0.46233 0.0951407 0.307106 0.00488323
0 0.984833 0.81699 0.0282545 0.237281 0.00361638
0 0.72172 0.916094 0.112938 0.167123 0.00300456
0 0.659706 0.822317 0.101294 0.232848 0.00262461
0 0.630501 0.84523 0.0735712 0.23938 0.00219722
0 0.501471 0.587432 0.126822 0.289379 0.0019139
0 0.528164 0.593948 0.0676518 0.272571 0.00145991
0 0.342708 0.11051 0.0769174 0.216354 0.00142848
