0 0.768232 0.340393 0.0770813 0.180482 0.867788
0 0.352814 0.434393 0.130731 0.346233 0.616762
0 0.496233 0.607514 0.125458 0.259171 0.121787
0 0.43148 0.0986834 0.0717703 0.194306 0.0512574
0 0.376412 0.473277 0.119162 0.278271 0.0287675
0 0.676438 0.854849 0.095285 0.275878 0.0149212
0 0.502291 0.698265 0.136386 0.374647 0.0142805
0 0.491215 0.210088 0.0865492 0.238095 0.0140489
0 0.658441 0.833421 0.0956984 0.245339 0.00692755
0 0.634434 0.828777 0.0671181 0.220141 0.00304168
0 0.632632 0.886242 0.0781081 0.227517 0.00298358
0 0.527073 0.597829 0.0925114 0.28641 0.00211123
0 0.183566 0.414751 0.1121 0.335416 0.00121304
0 0.47875 0.697758 0.0981863 0.273009 0.00110461
