0 0.281715 0.720018 0.0781352 0.27274 0.823501
0 0.35535 0.423854 0.126122 0.335393 0.294481
0 0.295298 0.244137 0.0759979 0.271265 0.0710333
0 0.202974 0.65236 0.082193 0.26838 0.00267128
0 0.205723 0.721586 0.0719072 0.260093 0.00207385
0 0.195999 0.766484 0.085723 0.302178 0.00193516
0 0.672712 0.866774 0.0897358 0.262918 0.00188559
0 0.722756 0.915447 0.0959176 0.168207 0.00156544
0 0.62584 0.826192 0.0634778 0.212766 0.00151146
0 0.275212 0.242191 0.082806 0.283952 0.00139976
0 0.376276 0.444117 0.106557 0.28475 0.00127052
0 0.303227 0.306611 0.0852608 0.291645 0.00125
0 0.198803 0.606999 0.102351 0.335848 0.00121375
0 0.344591 0.109087 0.0711697 0.218175 0.00119249
