0 0.960487 0.647611 0.076387 0.196601 0.794124
0 0.739409 0.312896 0.061385 0.163148 0.785866
0 0.358749 0.433042 0.117269 0.344996 0.529088
0 0.654088 0.850284 0.107488 0.278366 0.201065
0 0.725348 0.294257 0.0535838 0.166877 0.0671638
0 0.626106 0.870257 0.0978138 0.257063 0.0615043
0 0.282934 0.243011 0.0920486 0.302698 0.0347735
0 0.376575 0.470164 0.102731 0.267243 0.0315634
0 0.290289 0.45778 0.079879 0.29587 0.0256571
0 0.635369 0.825697 0.0939113 0.246099 0.0153156
0 0.603957 0.886138 0.0844894 0.227725 0.0136325
0 0.714961 0.303261 0.0364566 0.157192 0.0048157
0 0.67981 0.846847 0.0961584 0.282151 0.00450331
0 0.27242 0.4313 0.0952678 0.296555 0.0044198
0 0.532795 0.974776 0.0700258 0.0503445 0.00434545
0 0.24679 0.244501 0.100696 0.290235 0.00295379
0 0.0188125 0.647214 0.0362169 0.205276 0.00239595
0 0.301652 0.27306 0.0961428 0.287006 0.00225056
0 0.585906 0.869685 0.0887735 0.252262 0.00198547
0 0.615663 0.822416 0.0751662 0.233809 0.00184606
0 0.551219 0.974194 0.0838628 0.0516117 0.00153055
0 0.083162 0.348257 0.105823 0.291337 0.00142122
0 0.654179 0.813245 0.0828175 0.215567 0.00124851
0 0.511768 0.975407 0.0963323 0.0490907 0.00114271
0 0.505205 0.614364 0.110759 0.294517 0.00111933
0 0.103181 0.24427 0.092213 0.268985 0.00106991
