0 0.781445 0.342003 0.070125 0.195418 0.831991
0 0.353874 0.42682 0.114111 0.340504 0.600103
0 0.369805 0.469236 0.10109 0.277966 0.0284136
0 0.504149 0.619185 0.112502 0.306984 0.0134792
0 0.297257 0.274438 0.0655112 0.256712 0.00715244
0 0.971369 0.787965 0.0565851 0.283415 0.00350336
0 0.723574 0.916211 0.0843872 0.165804 0.00344354
0 0.642527 0.820917 0.0743993 0.208735 0.00321007
0 0.233047 0.445795 0.114069 0.321979 0.00315611
0 0.641709 0.883227 0.0756707 0.233546 0.00250136
0 0.304564 0.316602 0.0701468 0.257091 0.00196925
0 0.455747 0.691541 0.0736622 0.220186 0.0018374
0 0.267392 0.442387 0.0980592 0.334344 0.0012084
0 0.372443 0.399915 0.0898554 0.305915 0.00101381
