0 0.815281 0.585863 0.0829773 0.218668 0.842514
0 0.35151 0.431567 0.112231 0.345334 0.72838
0 0.67426 0.838477 0.115611 0.258258 0.399742
0 0.293935 0.244098 0.0759886 0.275886 0.100385
0 0.633057 0.820997 0.0637046 0.217447 0.0686677
0 0.272551 0.244339 0.0820362 0.281579 0.0139353
0 0.507997 0.603921 0.0977468 0.297614 0.0104723
0 0.18297 0.428715 0.092202 0.286318 0.00842119
0 0.710951 0.91679 0.111757 0.163272 0.00368686
0 0.61336 0.817356 0.0711137 0.223718 0.00360528
0 0.31179 0.257827 0.0825315 0.26771 0.00287416
0 0.657064 0.813421 0.0844027 0.210551 0.00256472
0 0.375795 0.458868 0.0872701 0.290753 0.00248102
0 0.2943 0.462149 0.0908588 0.314184 0.00220809
0 0.415976 0.449778 0.099644 0.313424 0.00173508
0 0.683177 0.896455 0.111277 0.206617 0.0016419
0 0.283311 0.287196 0.0898277 0.300657 0.00150357
0 0.32423 0.195459 0.0960721 0.277648 0.00140459
0 0.202523 0.400404 0.0960263 0.301007 0.00131432
0 0.283165 0.201874 0.0738813 0.27561 0.00124414
0 0.701167 0.838188 0.128556 0.307873 0.00113824
