0 0.83996 0.480791 0.0835279 0.154317 0.872703
0 0.296993 0.262616 0.0893425 0.286883 0.561924
0 0.234055 0.44654 0.107677 0.320786 0.162652
0 0.308611 0.415742 0.103813 0.308245 0.0275359
0 0.260672 0.44118 0.100019 0.337698 0.0132137
0 0.273956 0.246916 0.0817278 0.282339 0.00941087
0 0.14331 0.212572 0.0957566 0.273943 0.00800018
0 0.21568 0.414323 0.109211 0.324914 0.00419239
0 0.377618 0.440908 0.104806 0.292526 0.0039448
0 0.994201 0.377685 0.0109573 0.0989955 0.0026954
0 0.169591 0.199009 0.0943453 0.289908 0.00263858
0 0.285385 0.296743 0.0765148 0.246259 0.00177421
0 0.294389 0.457573 0.107524 0.318075 0.00173741
0 0.131977 0.150009 0.0875875 0.260394 0.00157025
0 0.993337 0.357182 0.0119345 0.115263 0.00130502
0 0.121093 0.197356 0.107615 0.295263 0.00129505
0 0.16788 0.898613 0.0575855 0.181524 0.00127254
