0 0.274338 0.644079 0.0807362 0.275676 0.769647
0 0.295309 0.230682 0.0771005 0.275626 0.133247
0 0.527505 0.756842 0.105827 0.267811 0.0438318
0 0.725399 0.914737 0.0902292 0.168548 0.0352471
0 0.272663 0.225688 0.0805819 0.277604 0.0111672
0 0.383513 0.472855 0.0749132 0.258145 0.00454269
0 0.364066 0.425308 0.104693 0.319999 0.00376883
0 0.478609 0.735647 0.129324 0.306063 0.00350228
0 0.345281 0.110405 0.0709147 0.218431 0.00292889
0 0.709517 0.919435 0.0570035 0.157794 0.00246179
0 0.0778249 0.196901 0.0922319 0.263869 0.00237361
0 0.0438021 0.2749 0.0847587 0.221861 0.00235341
0 0.650042 0.877817 0.088528 0.2397 0.00188017
0 0.322353 0.196183 0.0974149 0.289935 0.00147235
0 0.251117 0.634176 0.114863 0.292492 0.00145543
0 0.312281 0.256608 0.0901268 0.287979 0.00144632
0 0.39997 0.461638 0.0645772 0.262867 0.001396
0 0.67234 0.867488 0.0905728 0.250735 0.00131881
0 0.119463 0.196697 0.0849551 0.257527 0.00128019
0 0.0541701 0.22218 0.0918925 0.246706 0.00113337
