0 0.394516 0.886256 0.095041 0.225737 0.882817
0 0.234843 0.761061 0.0715258 0.258932 0.827745
0 0.358106 0.432725 0.114406 0.294203 0.171345
0 0.520614 0.20018 0.102446 0.249897 0.0683454
0 0.656297 0.83698 0.101081 0.245851 0.0302614
0 0.708519 0.913527 0.104368 0.171048 0.0190132
0 0.672862 0.865479 0.112275 0.268035 0.0177077
0 0.380089 0.453304 0.0958472 0.267643 0.0158011
0 0.639346 0.819995 0.0741561 0.214001 0.0103085
0 0.685502 0.905752 0.107985 0.186544 0.00984351
0 0.650799 0.896081 0.0934335 0.206233 0.0050134
0 0.302401 0.273988 0.072797 0.257295 0.00458394
0 0.854932 0.96489 0.0889002 0.0693638 0.00342758
0 0.503501 0.616329 0.109318 0.300584 0.00306341
0 0.454656 0.166722 0.0877907 0.233358 0.00266449
0 0.736688 0.915361 0.113179 0.169014 0.00259664
0 0.680341 0.812502 0.122427 0.23622 0.00256923
0 0.281687 0.245011 0.0920815 0.295014 0.00121232
0 0.434068 0.178498 0.0837636 0.240124 0.00113261
0 0.40366 0.431883 0.0821466 0.295541 0.00101586
