0 0.702788 0.293872 0.0789129 0.20912 0.673511
0 0.614309 0.289396 0.071727 0.202962 0.624353
0 0.353604 0.413013 0.111469 0.325153 0.0169747
0 0.610896 0.251497 0.0717447 0.134089 0.00714962
0 0.295352 0.242605 0.0674939 0.276004 0.00645967
0 0.690151 0.317948 0.0975051 0.270006 0.00604285
0 0.652794 0.875695 0.0945803 0.241068 0.00505385
0 0.430515 0.107338 0.0725629 0.204983 0.00479416
0 0.723461 0.914601 0.0909841 0.169855 0.00338966
0 0.670347 0.849843 0.0904764 0.254765 0.00309284
0 0.314407 0.275042 0.074039 0.264783 0.00154375
0 0.636282 0.893385 0.0814326 0.208576 0.00127366
0 0.273286 0.227099 0.0776494 0.293135 0.00124516
0 0.504976 0.460461 0.138442 0.310368 0.00122264
