0 0.692774 0.379862 0.0710748 0.214107 0.851568
0 0.951566 0.770349 0.0886513 0.282116 0.79198
0 0.366026 0.436369 0.110458 0.304158 0.634556
0 0.28544 0.319724 0.089574 0.270941 0.0229809
0 0.100088 0.867619 0.140712 0.26042 0.00397031
0 0.952291 0.721453 0.0799507 0.183538 0.00276484
0 0.728645 0.918917 0.0914998 0.162166 0.00190846
0 0.387946 0.473662 0.116964 0.27384 0.00172225
0 0.678212 0.849449 0.0956596 0.257287 0.00156081
0 0.361969 0.431504 0.0876572 0.229519 0.00130675
0 0.678172 0.203037 0.0714405 0.132391 0.00129898
0 0.0564455 0.243218 0.0841344 0.236217 0.00122322
0 0.342557 0.108903 0.0695238 0.207982 0.00109393
