0 0.283597 0.933592 0.0701705 0.131977 0.85028
0 0.384953 0.927619 0.0762753 0.144531 0.846682
0 0.351216 0.420258 0.120244 0.341245 0.506136
0 0.146693 0.652936 0.0977956 0.280353 0.255477
0 0.288663 0.286902 0.0691256 0.243367 0.125851
0 0.299646 0.227076 0.083872 0.311317 0.041901
0 0.670735 0.847068 0.0971011 0.262776 0.0388585
0 0.154944 0.848685 0.0842423 0.258006 0.0264233
0 0.715259 0.915144 0.102867 0.167282 0.0220928
0 0.634803 0.883878 0.0813387 0.232244 0.00992935
0 0.160951 0.692051 0.0854082 0.303454 0.00840957
0 0.633772 0.834717 0.0689909 0.238396 0.0072253
0 0.377618 0.443048 0.110369 0.301425 0.00601142
0 0.657118 0.81235 0.102649 0.218969 0.00560249
0 0.344448 0.109388 0.0763886 0.21867 0.00507343
0 0.271361 0.284078 0.0713067 0.237044 0.00424823
0 0.323584 0.206021 0.0963335 0.299818 0.00415739
0 0.119302 0.635567 0.0677276 0.272073 0.00372599
0 0.682388 0.900205 0.110275 0.197999 0.0037226
0 0.15008 0.742905 0.108635 0.383769 0.0031388
0 0.283466 0.203331 0.0865466 0.326085 0.00267945
0 0.308742 0.276914 0.0884197 0.266939 0.00241131
0 0.135941 0.837292 0.0917877 0.276118 0.00234001
0 0.281357 0.332564 0.0792147 0.306035 0.00111504
