0 0.736751 0.443248 0.0739891 0.187052 0.871263
0 0.353941 0.433134 0.11447 0.345844 0.351418
0 0.291515 0.257253 0.0862461 0.294917 0.222839
0 0.680849 0.849555 0.0969636 0.268941 0.0669915
0 0.375488 0.474099 0.0946632 0.286886 0.0175077
0 0.282182 0.339885 0.102279 0.332285 0.0148668
0 0.206498 0.411514 0.106687 0.307014 0.0132583
0 0.23251 0.410596 0.0831769 0.279182 0.00783546
0 0.273764 0.229811 0.0844352 0.302313 0.00596602
0 0.256903 0.345044 0.090413 0.334244 0.00342567
0 0.185206 0.428236 0.098403 0.297328 0.0031695
0 0.512656 0.599055 0.0915306 0.286183 0.00310617
0 0.30535 0.309522 0.0963246 0.332665 0.00274311
0 0.660613 0.821162 0.121843 0.21784 0.00222067
0 0.53073 0.580283 0.0660714 0.254634 0.0017287
0 0.331942 0.121521 0.0707071 0.224994 0.00166699
0 0.31054 0.227636 0.0964697 0.318476 0.00145267
0 0.26155 0.274833 0.0938081 0.298203 0.00140733
0 0.627438 0.806134 0.0722103 0.191791 0.0012589
0 0.251399 0.398156 0.0737953 0.28766 0.00124965
0 0.323655 0.413235 0.117924 0.334353 0.00121703
0 0.698722 0.915665 0.111764 0.16867 0.00116226
0 0.231558 0.352296 0.0961454 0.331159 0.00105277
