0 0.336284 0.550077 0.0631473 0.221061 0.77289
0 0.396544 0.475218 0.0688981 0.244258 0.695939
0 0.352391 0.396133 0.102096 0.287026 0.594066
0 0.658889 0.84931 0.107394 0.263094 0.114755
0 0.272407 0.460745 0.0839162 0.28241 0.0303584
0 0.375604 0.445126 0.0923409 0.302894 0.0185879
0 0.720745 0.916577 0.124476 0.166622 0.0171617
0 0.641745 0.873376 0.0911755 0.253247 0.00781549
0 0.63558 0.831052 0.0732828 0.227951 0.00721243
0 0.681863 0.869286 0.0972099 0.261428 0.00688642
0 0.293196 0.230925 0.0662417 0.249698 0.00381255
0 0.854144 0.965161 0.0888462 0.0688859 0.00292884
0 0.288805 0.486187 0.0868514 0.279177 0.00274828
0 0.455899 0.690064 0.0625256 0.219023 0.00241466
0 0.654993 0.813877 0.0857617 0.20357 0.00237303
0 0.248475 0.398584 0.089219 0.323911 0.00223481
0 0.383857 0.452532 0.071436 0.222419 0.00189436
0 0.41157 0.48579 0.0672685 0.225634 0.00167885
0 0.695971 0.921218 0.0971834 0.155153 0.00113065
0 0.27167 0.227749 0.0778082 0.269356 0.00103283
