0 0.281959 0.705655 0.0827689 0.261333 0.826803
0 0.269795 0.290658 0.07653 0.244629 0.298951
0 0.671127 0.837235 0.103947 0.250457 0.0289927
0 0.3541 0.409 0.11449 0.281532 0.0118021
0 0.965289 0.238245 0.0595831 0.187785 0.0102644
0 0.260944 0.335862 0.0894216 0.314938 0.00676199
0 0.644695 0.821008 0.0839079 0.210122 0.00211485
0 0.251225 0.277136 0.088738 0.246041 0.00193785
0 0.72523 0.917516 0.0959255 0.164636 0.0014046
0 0.285694 0.276493 0.0736889 0.243079 0.00139494
0 0.635128 0.883452 0.0856967 0.230539 0.0012365
0 0.372285 0.459126 0.103209 0.261463 0.00108791
0 0.689729 0.862248 0.0967698 0.275504 0.00101194
