0 0.166967 0.750255 0.0585169 0.224699 0.693071
0 0.225769 0.757572 0.0684536 0.249156 0.642058
0 0.682376 0.855614 0.0945725 0.270916 0.232598
0 0.980466 0.800461 0.0378452 0.239284 0.217704
0 0.353897 0.414578 0.110942 0.325986 0.0778366
0 0.228421 0.7137 0.0624278 0.166775 0.0409053
0 0.281562 0.240637 0.0831287 0.289709 0.0217564
0 0.159654 0.784334 0.0784625 0.2938 0.0131059
0 0.660249 0.83387 0.105844 0.239584 0.00892261
0 0.211956 0.731161 0.0761919 0.217029 0.00780964
0 0.126104 0.807918 0.0898369 0.26733 0.00501713
0 0.627619 0.885363 0.075202 0.228966 0.00433961
0 0.193653 0.742894 0.0933232 0.23171 0.00421968
0 0.295079 0.268786 0.0748166 0.290796 0.00410887
0 0.965028 0.801816 0.0664984 0.250075 0.00355673
0 0.107605 0.841447 0.0991389 0.265815 0.00325375
0 0.704674 0.848887 0.0974188 0.276942 0.00289303
0 0.634776 0.837428 0.0679459 0.233015 0.00277914
0 0.141829 0.752798 0.0872806 0.248499 0.00258358
0 0.209856 0.793453 0.0934573 0.314204 0.00222894
0 0.600512 0.885226 0.0810839 0.217242 0.00205161
0 0.986126 0.776785 0.0268353 0.210158 0.00186346
0 0.34308 0.111064 0.0714852 0.216445 0.0017137
0 0.704476 0.90184 0.107422 0.194452 0.00166775
0 0.131633 0.274851 0.109573 0.280292 0.00130495
0 0.278899 0.305999 0.0843348 0.2824 0.00130255
0 0.264339 0.275823 0.0882001 0.289173 0.0011808
0 0.143433 0.836658 0.0886779 0.282526 0.00112092
0 0.722841 0.918246 0.103291 0.160933 0.00100119
