0 0.918212 0.60977 0.107854 0.244933 0.739345
0 0.349034 0.423934 0.128007 0.331227 0.215435
0 0.672874 0.84963 0.0910328 0.251781 0.0378389
0 0.505026 0.614324 0.112464 0.329934 0.0345987
0 0.725219 0.915466 0.0963013 0.168368 0.0098783
0 0.659009 0.819629 0.0969246 0.204895 0.00747591
0 0.631518 0.819843 0.0685777 0.196048 0.00525266
0 0.19548 0.430474 0.0818858 0.279301 0.00259063
0 0.518077 0.207715 0.107091 0.253324 0.00201721
0 0.653058 0.889705 0.0974855 0.215269 0.00193732
0 0.532834 0.0710472 0.0693471 0.140306 0.00135182
0 0.92645 0.572487 0.103024 0.159021 0.00107862
