0 0.833631 0.548163 0.0882399 0.18192 0.831996
0 0.351777 0.429589 0.123399 0.351428 0.477445
0 0.149708 0.713324 0.109125 0.262907 0.419117
0 0.678348 0.850907 0.109927 0.281337 0.141097
0 0.970675 0.748793 0.0577124 0.197529 0.127598
0 0.635691 0.822513 0.0645931 0.21136 0.0538201
0 0.657212 0.835078 0.100222 0.249193 0.0267154
0 0.965827 0.798752 0.0673811 0.276582 0.0185587
0 0.154596 0.673011 0.0827495 0.184932 0.00747994
0 0.135869 0.663957 0.114403 0.247405 0.00698768
0 0.375748 0.459917 0.119741 0.293711 0.0043163
0 0.274391 0.444211 0.093503 0.32501 0.00284237
0 0.631215 0.867481 0.071353 0.251477 0.00256774
0 0.706201 0.84595 0.106343 0.287564 0.00211201
0 0.116978 0.714743 0.126563 0.274936 0.00203977
0 0.713802 0.914347 0.101456 0.168423 0.00197633
0 0.0442279 0.620165 0.0854382 0.280147 0.00152955
0 0.342759 0.109564 0.070358 0.219111 0.00140563
0 0.294251 0.256642 0.0761123 0.278722 0.00137645
0 0.133429 0.766817 0.122565 0.344536 0.00128117
