0 0.283432 0.715562 0.0759658 0.270073 0.854941
0 0.197616 0.71355 0.0779482 0.235702 0.822989
0 0.295573 0.575753 0.0769812 0.239624 0.81283
0 0.221325 0.616508 0.0700843 0.274354 0.604234
0 0.382997 0.473494 0.0775764 0.246789 0.060032
0 0.669658 0.837955 0.106786 0.247071 0.0305871
0 0.213122 0.575966 0.0713042 0.25281 0.0305799
0 0.354235 0.425008 0.119231 0.326397 0.0300127
0 0.210306 0.68183 0.0779237 0.248637 0.0141358
0 0.168675 0.848613 0.0784655 0.26289 0.00751765
0 0.724429 0.915864 0.0888845 0.166566 0.0071043
0 0.23685 0.641993 0.0612376 0.284673 0.00393423
0 0.130993 0.844578 0.0983163 0.24193 0.00363231
0 0.306417 0.105012 0.0774797 0.203402 0.00221516
0 0.206327 0.488458 0.0727138 0.302447 0.00199428
0 0.648191 0.888954 0.0877383 0.21663 0.00197296
0 0.647588 0.82037 0.0947926 0.215985 0.0018389
0 0.152842 0.826753 0.0804496 0.23072 0.00137598
0 0.398928 0.465287 0.0602908 0.243071 0.00122809
0 0.250241 0.69135 0.0677649 0.282907 0.00103847
