0 0.370848 0.803369 0.0860005 0.271103 0.889191
0 0.257182 0.818104 0.0696089 0.227688 0.873197
0 0.78904 0.436095 0.0891945 0.164341 0.687711
0 0.785065 0.474391 0.101434 0.253984 0.217969
0 0.967315 0.798641 0.0620846 0.242335 0.125546
0 0.722315 0.917112 0.104563 0.165092 0.0393943
0 0.655368 0.873667 0.0957197 0.250641 0.013413
0 0.346692 0.407977 0.120816 0.325321 0.0124604
0 0.631482 0.892739 0.0785141 0.211496 0.00288223
0 0.681543 0.900018 0.11423 0.199407 0.00287253
0 0.953049 0.788833 0.0572748 0.238848 0.00248139
0 0.66982 0.83838 0.0987889 0.246556 0.00183432
0 0.64483 0.833668 0.0817014 0.220623 0.00105442
