0 0.845136 0.648336 0.0717663 0.209313 0.804928
0 0.356058 0.432997 0.132515 0.327065 0.0536255
0 0.193386 0.414203 0.0947649 0.294876 0.028925
0 0.685514 0.850447 0.110583 0.291658 0.0199943
0 0.171945 0.443745 0.121623 0.296724 0.00937832
0 0.121698 0.830697 0.12408 0.282075 0.007803
0 0.845168 0.687032 0.0836628 0.302378 0.00514119
0 0.260962 0.433477 0.110287 0.335256 0.00506367
0 0.280909 0.274111 0.0948482 0.299441 0.00491746
0 0.723671 0.913038 0.10893 0.173511 0.00406117
0 0.660829 0.835765 0.112274 0.266268 0.00247838
0 0.633866 0.884892 0.0765703 0.230216 0.00197606
0 0.215252 0.405727 0.10683 0.323354 0.00176549
0 0.713508 0.862111 0.107995 0.270198 0.00147137
