0 0.299742 0.886765 0.0917713 0.223567 0.857645
0 0.35931 0.430341 0.136341 0.337805 0.563556
0 0.68622 0.352888 0.0669339 0.157614 0.306497
0 0.258888 0.43591 0.106839 0.329227 0.13403
0 0.377451 0.4669 0.105181 0.258572 0.0101709
0 0.0716636 0.288434 0.111761 0.312568 0.00953046
0 0.26017 0.346425 0.101974 0.355229 0.0088584
0 0.293938 0.229215 0.0710115 0.260406 0.008661
0 0.23332 0.462655 0.120853 0.333038 0.00811078
0 0.181718 0.462196 0.104135 0.291197 0.00794919
0 0.335612 0.402674 0.116285 0.319895 0.00727421
0 0.125261 0.280038 0.0998016 0.30701 0.00630372
0 0.194928 0.413005 0.0957009 0.305967 0.00590922
0 0.969069 0.43267 0.0606382 0.247707 0.00486375
0 0.683534 0.397264 0.0819791 0.248922 0.00447595
0 0.216578 0.426631 0.0926831 0.285793 0.00414347
0 0.0963373 0.30848 0.11533 0.314258 0.0040119
0 0.282109 0.458942 0.0969577 0.332633 0.00383557
0 0.235941 0.382224 0.120498 0.342582 0.00338728
0 0.271148 0.224027 0.0754918 0.255774 0.00308224
0 0.277314 0.334465 0.0844468 0.303591 0.00263048
0 0.046542 0.288911 0.0893596 0.269347 0.00249233
0 0.671442 0.365328 0.0651707 0.178235 0.00245463
0 0.176642 0.382215 0.111175 0.325618 0.0020881
0 0.157516 0.449507 0.116402 0.316804 0.0015792
0 0.0317706 0.243879 0.0617359 0.249116 0.00145602
0 0.0814266 0.349528 0.104229 0.287622 0.00130402
0 0.0737436 0.434393 0.117449 0.337033 0.00116777
0 0.283853 0.275095 0.0844776 0.283859 0.00115285
0 0.671948 0.850094 0.102607 0.281629 0.00114981
0 0.0993803 0.226572 0.103247 0.317276 0.00103666
