0 0.122616 0.703683 0.0757068 0.25026 0.836348
0 0.261253 0.615937 0.0741912 0.247458 0.830035
0 0.179765 0.648463 0.073357 0.236344 0.822006
0 0.35578 0.421957 0.108746 0.325404 0.66366
0 0.37219 0.456132 0.099552 0.27133 0.186112
0 0.280297 0.230035 0.0757489 0.269289 0.0755662
0 0.301006 0.229974 0.069096 0.267726 0.00628086
0 0.343146 0.109757 0.0772126 0.219515 0.00275631
0 0.388747 0.479248 0.0885084 0.252298 0.00256736
0 0.522944 0.200796 0.0969198 0.255461 0.00256595
0 0.338396 0.192842 0.0962377 0.266896 0.00168329
0 0.657446 0.835018 0.0981177 0.237354 0.00168324
0 0.630963 0.831552 0.0692471 0.216166 0.00155979
0 0.261423 0.215243 0.0926426 0.269788 0.00154495
