0 0.952034 0.682756 0.0885166 0.244697 0.861761
0 0.356827 0.412559 0.11937 0.336312 0.169032
0 0.305544 0.250326 0.0795366 0.300193 0.0753887
0 0.502302 0.617025 0.11737 0.317152 0.0417965
0 0.67615 0.851863 0.0994376 0.265845 0.0299162
0 0.287118 0.245437 0.0697147 0.296709 0.018974
0 0.316968 0.292482 0.0830298 0.266652 0.0128063
0 0.658893 0.821317 0.106233 0.223275 0.00654249
0 0.320458 0.204361 0.0975902 0.303743 0.00503534
0 0.269087 0.226457 0.0752756 0.278806 0.00502991
0 0.632527 0.834191 0.0713746 0.231666 0.00305301
0 0.376519 0.443847 0.105399 0.297419 0.00215156
0 0.279557 0.301545 0.0804459 0.271162 0.00180595
0 0.0809208 0.2123 0.0868541 0.267926 0.00110086
