0 0.702534 0.420473 0.0827826 0.210923 0.676468
0 0.353571 0.424276 0.119435 0.319103 0.160262
0 0.268232 0.291682 0.0846352 0.25022 0.0550684
0 0.672193 0.836079 0.103294 0.249671 0.0239696
0 0.51906 0.770619 0.11197 0.232006 0.00671763
0 0.686138 0.442231 0.110721 0.259397 0.0064202
0 0.289576 0.289233 0.0835702 0.264771 0.00604784
0 0.430822 0.248407 0.0739158 0.238333 0.00386185
0 0.250325 0.276884 0.0911832 0.252693 0.00355225
0 0.645089 0.83115 0.0903918 0.227358 0.00291959
0 0.502531 0.614889 0.122773 0.325304 0.00250329
0 0.297226 0.230877 0.0724398 0.284561 0.00154347
0 0.280304 0.243186 0.076653 0.274652 0.00152022
0 0.278218 0.343948 0.0862884 0.271019 0.00145914
0 0.314107 0.280479 0.0822808 0.284897 0.001229
