0 0.727685 0.315916 0.0849525 0.191927 0.844412
0 0.682895 0.852797 0.10716 0.276148 0.0509047
0 0.293215 0.22749 0.0712516 0.277732 0.023706
0 0.331733 0.18431 0.0938225 0.254579 0.00821537
0 0.264598 0.222193 0.0891234 0.306655 0.00729803
0 0.343127 0.111188 0.0711444 0.222376 0.00544532
0 0.306279 0.193591 0.088381 0.288393 0.00439307
0 0.66114 0.833578 0.104148 0.236271 0.00337471
0 0.366632 0.411274 0.1101 0.318097 0.0033519
0 0.326765 0.121135 0.0782203 0.230374 0.00312245
0 0.379639 0.458517 0.101051 0.269491 0.00246861
0 0.431769 0.103019 0.0629234 0.190715 0.0023822
0 0.305938 0.127767 0.0837702 0.23839 0.00223574
0 0.303337 0.271682 0.0731633 0.282313 0.00219196
0 0.411313 0.105496 0.0800147 0.204 0.0019929
0 0.647766 0.893331 0.0796162 0.210316 0.00160054
0 0.634302 0.819323 0.0640453 0.196535 0.00114651
0 0.283473 0.161081 0.0839579 0.275791 0.0010888
