0 0.360894 0.431418 0.112181 0.329761 0.724076
0 0.729212 0.347176 0.0821109 0.195605 0.178584
0 0.153964 0.442865 0.103852 0.292757 0.0613944
0 0.0758571 0.28561 0.118457 0.303975 0.0177878
0 0.293454 0.464715 0.0830504 0.296335 0.0160046
0 0.712292 0.913363 0.101293 0.171359 0.0129343
0 0.123487 0.444544 0.110426 0.303241 0.0120289
0 0.653294 0.869349 0.097081 0.258339 0.0106943
0 0.102824 0.418767 0.113529 0.283371 0.00418365
0 0.118092 0.227141 0.088709 0.279493 0.00397985
0 0.685265 0.902694 0.104542 0.192631 0.00296341
0 0.0977071 0.258058 0.105933 0.301104 0.00252376
0 0.635309 0.833558 0.0802961 0.249941 0.00238994
0 0.709532 0.342277 0.0877376 0.199026 0.00207225
0 0.633743 0.890304 0.0739257 0.219212 0.00155144
0 0.182998 0.437182 0.119342 0.300761 0.00137904
0 0.330412 0.461161 0.128168 0.32066 0.00136333
0 0.145322 0.83433 0.0970651 0.253931 0.00128881
0 0.652113 0.809706 0.0943062 0.231417 0.00128675
0 0.375245 0.388401 0.0995064 0.320842 0.00111114
0 0.0795186 0.215163 0.0964144 0.266465 0.00101659
