0 0.652326 0.336347 0.0767733 0.177249 0.371468
0 0.377825 0.463635 0.108399 0.26185 0.1893
0 0.356063 0.429683 0.125671 0.305815 0.100605
0 0.679259 0.860366 0.0897214 0.262759 0.0998888
0 0.638866 0.370097 0.105467 0.248022 0.0107954
0 0.502743 0.634149 0.115161 0.331927 0.00755088
0 0.629386 0.826883 0.0681582 0.215345 0.00729447
0 0.6587 0.835302 0.106582 0.241739 0.0036214
0 0.725702 0.918875 0.104633 0.16225 0.0021115
0 0.701954 0.902902 0.0986817 0.19129 0.00185142
0 0.633723 0.880335 0.0817348 0.238867 0.00119963
