0 0.354281 0.426995 0.13045 0.344071 0.730332
0 0.889447 0.399851 0.0562225 0.172521 0.527494
0 0.955594 0.715375 0.0881861 0.26961 0.0881023
0 0.941151 0.519236 0.0747463 0.175036 0.0183354
0 0.884349 0.426647 0.0699638 0.250021 0.00841699
0 0.741311 0.697084 0.0595063 0.0791787 0.00673346
0 0.975644 0.710411 0.0470238 0.271161 0.00605091
0 0.876569 0.470003 0.116381 0.314526 0.00439859
0 0.964478 0.666043 0.0693428 0.292763 0.00254831
0 0.854215 0.518639 0.0921265 0.24296 0.00210506
0 0.726908 0.917679 0.0921512 0.164216 0.00202427
0 0.892459 0.361359 0.0570784 0.0849472 0.00169019
0 0.675759 0.854816 0.0871331 0.260081 0.00158522
0 0.523937 0.754006 0.11342 0.277921 0.00154773
0 0.506609 0.637552 0.111253 0.352836 0.00116016
