0 0.369252 0.434753 0.126162 0.332612 0.760253
0 0.128529 0.709871 0.0753525 0.247863 0.390754
0 0.196635 0.718564 0.0705913 0.230853 0.241387
0 0.632881 0.808335 0.0606136 0.199139 0.0854064
0 0.140997 0.736338 0.106097 0.286058 0.0309968
0 0.202821 0.687394 0.0646794 0.164189 0.0271656
0 0.256221 0.307807 0.0978248 0.250309 0.0222272
0 0.989164 0.413856 0.0206831 0.163075 0.0151873
0 0.646012 0.82799 0.0780542 0.231331 0.0112942
0 0.367896 0.387788 0.10187 0.271043 0.00980988
0 0.67439 0.857677 0.0913364 0.268413 0.00723579
0 0.0675419 0.287572 0.104381 0.311871 0.00713053
0 0.184855 0.679318 0.0890572 0.167229 0.00575317
0 0.171061 0.711184 0.120591 0.243569 0.00503123
0 0.721766 0.916111 0.0973663 0.165094 0.0049599
0 0.116361 0.665416 0.0892916 0.244918 0.00411371
0 0.339358 0.417805 0.155833 0.330964 0.00403414
0 0.138958 0.674824 0.0984188 0.222123 0.00396984
0 0.109737 0.409708 0.119301 0.295533 0.00239048
0 0.38868 0.470529 0.0970875 0.264655 0.00190171
0 0.0686507 0.36887 0.0968603 0.275446 0.00177718
0 0.09134 0.306272 0.101552 0.310565 0.00154171
0 0.664057 0.810157 0.105786 0.21119 0.00118203
0 0.495998 0.645685 0.124582 0.320315 0.00115435
0 0.113426 0.770083 0.104012 0.339995 0.00114222
0 0.1341 0.694112 0.069277 0.167066 0.00112745
