0 0.348249 0.732463 0.0789987 0.251873 0.88342
0 0.854338 0.53921 0.0993183 0.186677 0.878053
0 0.222307 0.754186 0.0807779 0.208837 0.812177
0 0.676654 0.845326 0.0919094 0.25146 0.0839095
0 0.346916 0.409505 0.114707 0.320003 0.0238378
0 0.270598 0.319177 0.0904977 0.295658 0.0127461
0 0.723143 0.915558 0.104455 0.16844 0.00416469
0 0.659586 0.810631 0.108612 0.204889 0.00342886
0 0.618971 0.887536 0.0846782 0.221581 0.00223185
0 0.297632 0.252954 0.0796937 0.298317 0.00144781
0 0.650927 0.892614 0.0894583 0.214129 0.00137142
0 0.63571 0.837883 0.0760808 0.229936 0.00136392
0 0.68875 0.812882 0.0924232 0.207919 0.00103842
0 0.31633 0.275181 0.0829706 0.267771 0.00101195
