0 0.160605 0.599226 0.0991936 0.287055 0.758756
0 0.370678 0.447529 0.114828 0.296966 0.218507
0 0.980128 0.666848 0.038275 0.184508 0.109542
0 0.27891 0.257914 0.0909042 0.285321 0.0455809
0 0.346378 0.430929 0.115075 0.292598 0.0112332
0 0.675216 0.854106 0.0849955 0.246939 0.00819766
0 0.26144 0.286319 0.0942291 0.293152 0.00441525
0 0.65843 0.833995 0.0937018 0.229983 0.0037495
0 0.720922 0.91575 0.0982321 0.167131 0.0036334
0 0.64156 0.820616 0.0733273 0.208041 0.00263301
0 0.496817 0.636038 0.129252 0.348015 0.0021878
0 0.137736 0.586034 0.13068 0.327061 0.001811
0 0.399212 0.459596 0.0998119 0.285969 0.00175188
0 0.634847 0.883636 0.0798313 0.231672 0.00105821
0 0.972754 0.680854 0.0508602 0.224467 0.00100594
