0 0.283417 0.688306 0.0825967 0.277567 0.830839
0 0.354156 0.426279 0.13032 0.321878 0.698334
0 0.377026 0.444915 0.109252 0.278109 0.0675111
0 0.657497 0.831485 0.10328 0.249303 0.0149903
0 0.634153 0.807699 0.0781494 0.240897 0.00536027
0 0.671625 0.865815 0.107098 0.264268 0.00415777
0 0.72025 0.913186 0.112213 0.172474 0.00316073
0 0.327621 0.413309 0.112021 0.314845 0.00278522
0 0.626751 0.883793 0.0887498 0.231813 0.00230447
0 0.985839 0.306113 0.0268744 0.231401 0.00153092
0 0.980681 0.434602 0.0375011 0.217378 0.00131973
0 0.648191 0.890095 0.0934844 0.217921 0.00109522
