0 0.367171 0.919031 0.0787719 0.160028 0.851322
0 0.444864 0.929189 0.0713284 0.141067 0.84783
0 0.674934 0.859094 0.0938129 0.264203 0.0612849
0 0.268189 0.224806 0.0939152 0.283361 0.0412043
0 0.507724 0.611812 0.101409 0.299197 0.00792999
0 0.658167 0.819637 0.0962072 0.209977 0.00701968
0 0.290885 0.229045 0.0801336 0.279211 0.00495651
0 0.723943 0.917808 0.0969738 0.164383 0.00310968
0 0.28299 0.272605 0.100571 0.291967 0.00304992
0 0.654008 0.890304 0.0951128 0.218535 0.00192354
0 0.248311 0.199305 0.0977611 0.284835 0.00141982
0 0.525945 0.598119 0.0680634 0.293423 0.00108699
