0 0.369816 0.880172 0.0899522 0.239657 0.862221
0 0.465551 0.17157 0.0720526 0.225061 0.0435138
0 0.346984 0.410801 0.130867 0.343937 0.0219795
0 0.65494 0.848455 0.0922499 0.248763 0.0140386
0 0.273242 0.199922 0.0715499 0.250529 0.00869754
0 0.333999 0.188323 0.102928 0.25904 0.0084067
0 0.378335 0.458035 0.105145 0.26921 0.00596378
0 0.642512 0.821437 0.0751288 0.200712 0.0053749
0 0.726112 0.917044 0.0907736 0.165198 0.00459821
0 0.294692 0.189493 0.0943826 0.262423 0.00401382
0 0.636929 0.876621 0.090149 0.245112 0.00295138
0 0.678161 0.86681 0.0893567 0.261563 0.00288757
0 0.395269 0.100896 0.0688826 0.195197 0.00115575
