0 0.24382 0.503666 0.0831016 0.269477 0.87383
0 0.158385 0.525715 0.0897519 0.245588 0.859765
0 0.44099 0.920627 0.0969372 0.157944 0.825537
0 0.115474 0.410178 0.0613578 0.251948 0.807782
0 0.0376492 0.459336 0.0701692 0.280711 0.773069
0 0.169261 0.404141 0.0642999 0.234787 0.764136
0 0.243334 0.185871 0.0901703 0.277828 0.473491
0 0.300279 0.22195 0.0895511 0.300601 0.449828
0 0.118788 0.182904 0.0944754 0.270902 0.302055
0 0.270594 0.18707 0.0878539 0.287838 0.129449
0 0.197623 0.155405 0.0720459 0.281501 0.0663592
0 0.418431 0.245084 0.0537383 0.248132 0.0567377
0 0.147811 0.412549 0.0934798 0.256373 0.0343137
0 0.306277 0.286678 0.0869045 0.282522 0.0317948
0 0.219245 0.166566 0.0989684 0.284507 0.0222407
0 0.289807 0.170422 0.0813291 0.273485 0.0139948
0 0.258304 0.152235 0.0812448 0.277749 0.0137109
0 0.136655 0.163859 0.0874753 0.267716 0.0136726
0 0.182227 0.177744 0.0722062 0.283141 0.0131613
0 0.106652 0.1288 0.0775352 0.244236 0.0127712
0 0.270329 0.383394 0.0863425 0.278865 0.0097226
0 0.330266 0.304317 0.0919632 0.283225 0.00868521
0 0.343911 0.22538 0.0900802 0.299978 0.007607
0 0.154724 0.183235 0.0723004 0.26332 0.00646234
0 0.0936847 0.187921 0.0953997 0.278625 0.00577201
0 0.141922 0.223672 0.0998181 0.310942 0.00498498
0 0.269129 0.121703 0.0641078 0.237346 0.00436212
0 0.426551 0.229823 0.082211 0.262665 0.0023983
0 0.0875968 0.134062 0.0743723 0.248474 0.00229916
0 0.362777 0.24745 0.0840276 0.288437 0.00208804
0 0.315469 0.183676 0.0884635 0.292497 0.00164003
0 0.0970977 0.491351 0.0771113 0.30604 0.00158793
0 0.287912 0.102716 0.0676458 0.198578 0.00157899
0 0.352828 0.306269 0.0822149 0.270909 0.00117965
