0 0.538194 0.0757535 0.0773544 0.143551 0.690048
0 0.283606 0.218539 0.111424 0.314803 0.293174
0 0.257247 0.164604 0.0928278 0.274844 0.222197
0 0.418191 0.24614 0.0608465 0.252239 0.155495
0 0.515047 0.0707546 0.0412309 0.135839 0.0431557
0 0.268499 0.125326 0.0661439 0.243846 0.0194074
0 0.371515 0.27965 0.101838 0.284099 0.0116647
0 0.308914 0.237523 0.0934389 0.309851 0.00924784
0 0.353605 0.215528 0.0902667 0.310135 0.00728199
0 0.0952877 0.145798 0.102311 0.272128 0.00727868
0 0.281792 0.1623 0.0910218 0.299313 0.00627288
0 0.236617 0.178624 0.085091 0.271278 0.00516122
0 0.202445 0.148728 0.078331 0.273694 0.00484542
0 0.503927 0.0698569 0.0343853 0.133465 0.00443951
0 0.398103 0.273717 0.088137 0.278154 0.00370664
0 0.34781 0.274203 0.0816591 0.28044 0.00318365
0 0.306709 0.301079 0.10337 0.285568 0.00214931
0 0.329113 0.197988 0.0864623 0.31191 0.00198225
0 0.117767 0.123435 0.0877224 0.24687 0.00184289
0 0.0695763 0.123859 0.10571 0.247717 0.00182119
0 0.32708 0.277434 0.0942582 0.306771 0.00111648
0 0.186212 0.135819 0.0729528 0.265487 0.0010355
0 0.0168838 0.244005 0.0324939 0.248726 0.0010007
