0 0.789948 0.41277 0.0838961 0.218802 0.885925
0 0.74834 0.399856 0.0488346 0.194022 0.829269
0 0.416511 0.255023 0.0488757 0.21197 0.299513
0 0.290834 0.189139 0.0955135 0.309503 0.0940543
0 0.117618 0.181719 0.0993021 0.298172 0.051156
0 0.0810757 0.135588 0.08638 0.257761 0.0344397
0 0.272484 0.164051 0.0901244 0.281743 0.029617
0 0.409957 0.231448 0.0739051 0.27096 0.0287707
0 0.281397 0.119999 0.0661971 0.232145 0.0146326
0 0.308163 0.298553 0.0893869 0.257629 0.0142531
0 0.103655 0.136526 0.0848029 0.26222 0.0123479
0 0.25614 0.193251 0.100586 0.283693 0.00985236
0 0.23135 0.193294 0.0936837 0.290652 0.00936937
0 0.314979 0.212661 0.105401 0.325983 0.00868215
0 0.349955 0.215575 0.115761 0.317169 0.0051288
0 0.377409 0.222182 0.109558 0.28812 0.00463094
0 0.206624 0.191719 0.107986 0.296723 0.00422403
0 0.447142 0.220592 0.100447 0.254673 0.00337997
0 0.139723 0.197438 0.0933932 0.292858 0.00317252
0 0.431571 0.247664 0.0689025 0.216243 0.00305523
0 0.087551 0.1827 0.110414 0.314869 0.00277143
0 0.765952 0.400929 0.0819281 0.197647 0.00252694
0 0.26022 0.122935 0.0720417 0.24587 0.00226497
0 0.0579262 0.125193 0.0993214 0.250386 0.00222426
0 0.244408 0.150389 0.0860837 0.277754 0.0019818
0 0.200565 0.133574 0.0881692 0.260016 0.00180687
0 0.21936 0.149581 0.0907115 0.285819 0.00179711
0 0.301992 0.121411 0.0781642 0.237223 0.00176615
0 0.424965 0.200654 0.0991047 0.312257 0.00151876
0 0.349972 0.169136 0.0903298 0.298228 0.00140483
0 0.326281 0.275049 0.105429 0.280904 0.00122913
0 0.17775 0.193567 0.102031 0.298664 0.00109704
0 0.032227 0.85256 0.0635245 0.228668 0.00106421
0 0.127992 0.121657 0.0848697 0.243313 0.00105772
