0 0.297733 0.733532 0.0991943 0.306321 0.882645
0 0.395089 0.71195 0.0787346 0.299694 0.849414
0 0.285899 0.215553 0.0902637 0.301037 0.447312
0 0.29522 0.268297 0.0862504 0.236136 0.254168
0 0.117695 0.19543 0.0903659 0.297678 0.022715
0 0.398006 0.243676 0.0891378 0.259059 0.0200001
0 0.263702 0.192438 0.0877096 0.297269 0.0180606
0 0.22963 0.219916 0.0812237 0.280871 0.0159469
0 0.0981759 0.180427 0.0941895 0.289163 0.00651561
0 0.247975 0.235302 0.0849604 0.28106 0.00553261
0 0.203181 0.150762 0.0902268 0.277591 0.00521339
0 0.226218 0.156605 0.0889476 0.279455 0.0051067
0 0.141993 0.19897 0.0938026 0.295981 0.00443897
0 0.241756 0.180469 0.0767653 0.271907 0.00428472
0 0.207043 0.216468 0.102109 0.291558 0.00370223
0 0.26689 0.137632 0.0740605 0.261576 0.00346376
0 0.414252 0.220539 0.089208 0.28177 0.00290835
0 0.176304 0.214011 0.112705 0.301143 0.00229978
0 0.368779 0.240266 0.108532 0.277098 0.00206035
0 0.273775 0.183573 0.0740403 0.226976 0.00160539
0 0.312984 0.243176 0.0916486 0.289397 0.00134419
0 0.27908 0.0991888 0.0651625 0.194735 0.001275
0 0.300734 0.184286 0.0882329 0.284691 0.00125474
0 0.276045 0.270509 0.08239 0.219308 0.00113652
