0 0.167895 0.632245 0.103521 0.282734 0.863368
0 0.304995 0.225823 0.0916193 0.298092 0.504615
0 0.106799 0.163392 0.0964738 0.287189 0.158221
0 0.239706 0.217119 0.0837471 0.271691 0.0330428
0 0.256996 0.150648 0.0809371 0.28073 0.0285546
0 0.0835891 0.150044 0.106803 0.284559 0.0226671
0 0.127882 0.197106 0.102451 0.305824 0.0222231
0 0.224759 0.153566 0.105697 0.291361 0.0209093
0 0.314074 0.285744 0.0906868 0.271821 0.0201587
0 0.269413 0.125611 0.0675447 0.24208 0.0165971
0 0.283234 0.191907 0.094077 0.311933 0.0161003
0 0.199228 0.138821 0.0859281 0.27073 0.0106541
0 0.205641 0.186113 0.112977 0.298996 0.00795761
0 0.417006 0.249774 0.0540389 0.246745 0.00762831
0 0.176491 0.192298 0.114437 0.304668 0.00548594
0 0.0609853 0.131861 0.08177 0.254149 0.00542363
0 0.331962 0.224264 0.105598 0.303087 0.00324617
0 0.0626863 0.180144 0.0971337 0.294644 0.00258959
0 0.544108 0.890073 0.087989 0.219084 0.00172964
0 0.153691 0.22241 0.109071 0.274544 0.00149624
0 0.118073 0.123898 0.0853194 0.247796 0.00112213
