0 0.416049 0.819436 0.0920136 0.279104 0.895267
0 0.321075 0.804372 0.0801077 0.316432 0.886777
0 0.303076 0.212285 0.0921054 0.299079 0.333965
0 0.246661 0.185512 0.089029 0.285306 0.166042
0 0.305343 0.291503 0.0900955 0.27348 0.151434
0 0.152783 0.194016 0.0983214 0.317008 0.150117
0 0.264933 0.155354 0.0776855 0.281014 0.0889416
0 0.281345 0.186833 0.0942568 0.2948 0.0771531
0 0.121203 0.195588 0.103465 0.308195 0.0575551
0 0.273997 0.109576 0.0611716 0.210259 0.0328796
0 0.084048 0.148784 0.0961859 0.275671 0.0254693
0 0.174797 0.195267 0.0907855 0.295421 0.0241918
0 0.233687 0.233844 0.0958834 0.323352 0.0118304
0 0.327882 0.227397 0.105719 0.292751 0.00971367
0 0.249245 0.123211 0.0815886 0.246422 0.00958113
0 0.203652 0.211217 0.130995 0.311566 0.00553881
0 0.198297 0.162513 0.0962072 0.30243 0.00430184
0 0.368389 0.259909 0.113876 0.292058 0.00233643
0 0.411062 0.245231 0.0722532 0.265029 0.00225399
0 0.221598 0.167077 0.0985692 0.291589 0.00224598
0 0.122562 0.13467 0.0924592 0.269339 0.00197208
0 0.181207 0.134447 0.080287 0.264146 0.00145174
0 0.143425 0.133743 0.0818893 0.260988 0.00145156
0 0.286741 0.0933497 0.0565342 0.181116 0.00106434
0 0.355484 0.216707 0.088502 0.285442 0.0010529
0 0.344967 0.305506 0.106165 0.277004 0.00102829
