0 0.130633 0.692715 0.0702988 0.297639 0.885953
0 0.0721106 0.709586 0.0849047 0.276831 0.869046
0 0.291964 0.209181 0.087278 0.27672 0.0669208
0 0.274459 0.196048 0.0768762 0.270353 0.0390489
0 0.315078 0.30038 0.098803 0.274596 0.0314712
0 0.0958515 0.179083 0.118537 0.311779 0.0217749
0 0.119854 0.194501 0.0959516 0.305013 0.0183703
0 0.304813 0.247287 0.101869 0.323275 0.00793799
0 0.202874 0.143145 0.0931664 0.270548 0.00680629
0 0.409314 0.244038 0.0798112 0.270574 0.0061835
0 0.2318 0.212622 0.108217 0.274188 0.00514168
0 0.263761 0.159669 0.0795868 0.28289 0.00419633
0 0.0374281 0.847387 0.0692995 0.226197 0.00360367
0 0.0801809 0.136558 0.0857927 0.264509 0.00337644
0 0.107125 0.137431 0.0879188 0.268398 0.00212446
0 0.318012 0.173198 0.100105 0.287748 0.00201403
0 0.254478 0.222546 0.0930316 0.27131 0.00185692
0 0.280117 0.117739 0.0696467 0.22513 0.00158828
0 0.327756 0.228484 0.107597 0.289306 0.00139682
0 0.194878 0.196919 0.107562 0.291321 0.00119846
