0 0.363406 0.755987 0.0580513 0.253496 0.850828
0 0.303768 0.723564 0.0632647 0.234019 0.845824
0 0.367063 0.431267 0.117316 0.310917 0.679588
0 0.38394 0.461494 0.0908758 0.253068 0.04994
0 0.295698 0.276855 0.0730449 0.270893 0.0374114
0 0.631453 0.816574 0.0838516 0.220665 0.0135305
0 0.279158 0.343104 0.0852045 0.330051 0.00876072
0 0.343243 0.115948 0.0657017 0.21731 0.00766938
0 0.34007 0.415106 0.105551 0.303997 0.00504179
0 0.263033 0.401552 0.0851764 0.282552 0.00405972
0 0.285112 0.228329 0.0659473 0.251506 0.00405705
0 0.724896 0.917751 0.0964202 0.163671 0.00324786
0 0.142895 0.22724 0.0843536 0.267377 0.00291129
0 0.273288 0.277541 0.0900135 0.276353 0.00247875
0 0.305472 0.157265 0.0868851 0.257296 0.00227816
0 0.677999 0.870918 0.0991346 0.250604 0.00191586
0 0.654316 0.832563 0.0962548 0.242701 0.00176706
0 0.322454 0.120577 0.067533 0.22519 0.00166147
0 0.506025 0.616774 0.106255 0.315972 0.00159993
0 0.309958 0.30214 0.083851 0.286495 0.00154949
0 0.286027 0.399119 0.0731108 0.294372 0.00133541
0 0.0965567 0.286462 0.093984 0.297917 0.00128915
0 0.121182 0.22735 0.0878618 0.273273 0.00126737
