0 0.399546 0.923052 0.0721894 0.153082 0.873276
0 0.476857 0.907378 0.0784864 0.184517 0.867594
0 0.355366 0.436397 0.134306 0.324102 0.258122
0 0.378426 0.457385 0.110803 0.275508 0.024177
0 0.282666 0.0981442 0.0749805 0.193837 0.00443061
0 0.676866 0.85361 0.0926731 0.2526 0.0020491
0 0.637123 0.816781 0.0729058 0.197488 0.00194665
0 0.655158 0.840667 0.0948036 0.240808 0.00126598
0 0.721391 0.917547 0.106798 0.163639 0.00126174
0 0.34322 0.114684 0.0703199 0.201305 0.00104902
0 0.638179 0.899515 0.0809454 0.200419 0.00100558
