0 0.378908 0.85971 0.0785362 0.274684 0.878634
0 0.273007 0.901488 0.057707 0.19296 0.870828
0 0.72542 0.915712 0.0936828 0.166457 0.0312721
0 0.68044 0.84982 0.10284 0.267067 0.0202541
0 0.306701 0.228627 0.0767626 0.267586 0.0179477
0 0.220647 0.906888 0.0686078 0.181868 0.00950237
0 0.282519 0.227487 0.074446 0.267012 0.00719123
0 0.355669 0.413299 0.121414 0.319877 0.00682071
0 0.653145 0.822198 0.101919 0.226837 0.00157481
0 0.641041 0.896941 0.0887114 0.206117 0.00127826
0 0.629561 0.829947 0.0687624 0.226817 0.00122238
0 0.260921 0.22784 0.0900947 0.273151 0.00117712
