0 0.311081 0.852451 0.0684813 0.264249 0.81977
0 0.358786 0.427575 0.126106 0.338323 0.703129
0 0.257208 0.852977 0.0462126 0.237768 0.57267
0 0.295539 0.258181 0.0761112 0.275094 0.0964156
0 0.24128 0.84896 0.0651903 0.235948 0.0779666
0 0.490315 0.726771 0.0986035 0.271428 0.073613
0 0.378644 0.47053 0.106602 0.261976 0.0403364
0 0.249166 0.291735 0.088787 0.269861 0.0261166
0 0.268621 0.311397 0.0866886 0.295411 0.019659
0 0.509122 0.612424 0.0965982 0.286121 0.0189406
0 0.682759 0.862627 0.097285 0.274746 0.016573
0 0.122566 0.277092 0.0903409 0.306664 0.0128185
0 0.0807935 0.288006 0.107655 0.315591 0.0117647
0 0.225565 0.838524 0.0690191 0.232584 0.00988518
0 0.271591 0.244986 0.0779187 0.278311 0.00862591
0 0.365724 0.985725 0.0433631 0.0282792 0.00800699
0 0.273861 0.852417 0.059303 0.254913 0.00718233
0 0.312595 0.288471 0.0878865 0.267605 0.0050126
0 0.253307 0.36974 0.0969556 0.3444 0.00400604
0 0.264434 0.830127 0.0370152 0.210943 0.00376842
0 0.28384 0.216017 0.0693025 0.270659 0.0034013
0 0.139344 0.243711 0.0894827 0.280953 0.00258142
0 0.105046 0.23044 0.0960451 0.303348 0.00254684
0 0.294646 0.318684 0.0849908 0.280089 0.00230945
0 0.30852 0.227903 0.0831179 0.298014 0.00228862
0 0.657651 0.837157 0.103961 0.258448 0.00169924
0 0.27038 0.441757 0.0981778 0.315064 0.00165926
0 0.0990226 0.328061 0.111489 0.323308 0.00164861
0 0.0751028 0.225679 0.0952207 0.300677 0.00144042
0 0.15574 0.274216 0.0902293 0.279432 0.00141461
0 0.33678 0.388805 0.120109 0.291092 0.0013833
0 0.631855 0.838468 0.0714735 0.246663 0.00132888
0 0.467741 0.736197 0.111278 0.296868 0.00123757
0 0.402979 0.485661 0.0844431 0.251311 0.00102054
