0 0.175638 0.592012 0.0786216 0.267847 0.875921
0 0.086366 0.506249 0.0656179 0.244079 0.864368
0 0.0369642 0.50888 0.0665668 0.273737 0.838068
0 0.160943 0.392744 0.0818948 0.261923 0.78906
0 0.313687 0.281013 0.0966772 0.274187 0.703359
0 0.269903 0.167546 0.0708031 0.26093 0.221729
0 0.418396 0.247923 0.0517712 0.252395 0.125171
0 0.116109 0.150017 0.0781821 0.257005 0.0635823
0 0.255102 0.191356 0.0896127 0.276262 0.0574303
0 0.2584 0.133833 0.0725896 0.243374 0.0426312
0 0.0989999 0.178683 0.0941884 0.290746 0.0182271
0 0.235426 0.157097 0.092601 0.267062 0.0174721
0 0.196114 0.149172 0.0760193 0.254496 0.0164029
0 0.285736 0.180665 0.0698096 0.263535 0.0125424
0 0.27149 0.111073 0.0647503 0.207055 0.00693388
0 0.128076 0.194503 0.100458 0.293833 0.00672314
0 0.4411 0.243488 0.089623 0.266342 0.0064022
0 0.10023 0.13512 0.0759741 0.260353 0.00555417
0 0.33939 0.290042 0.0873117 0.274513 0.00538744
0 0.300454 0.230338 0.0894624 0.303222 0.00409824
0 0.536186 0.980123 0.0819946 0.0397536 0.00279004
0 0.13353 0.132592 0.095606 0.258658 0.00271868
0 0.285533 0.101874 0.0636286 0.195062 0.00171761
0 0.222905 0.194279 0.0955115 0.273444 0.0016288
0 0.179145 0.178918 0.0887625 0.262723 0.001483
0 0.424569 0.207684 0.0776252 0.301081 0.00140523
0 0.0605386 0.152455 0.0933559 0.263573 0.00137139
