0 0.77087 0.145359 0.112233 0.242183 0.859089
0 0.121918 0.198365 0.0942858 0.29304 0.70466
0 0.25801 0.181917 0.0880084 0.277503 0.330825
0 0.305161 0.256115 0.0698391 0.256849 0.176004
0 0.0905939 0.150208 0.0938282 0.273163 0.0926078
0 0.356774 0.283768 0.0875025 0.311566 0.0896153
0 0.276623 0.166403 0.0753934 0.271581 0.0772216
0 0.234854 0.217582 0.0938203 0.295485 0.0449101
0 0.284494 0.100095 0.0554448 0.190838 0.0372085
0 0.34736 0.230913 0.0877743 0.301793 0.0211774
0 0.197915 0.133065 0.0708428 0.255886 0.0163647
0 0.272421 0.118679 0.059842 0.233385 0.0149069
0 0.357076 0.155284 0.0662217 0.243078 0.00846359
0 0.416932 0.24716 0.0543048 0.260987 0.0074404
0 0.319548 0.203464 0.0791715 0.314864 0.00716414
0 0.293264 0.209157 0.085443 0.296112 0.00705152
0 0.207413 0.18989 0.0880008 0.294831 0.00704543
0 0.337598 0.304754 0.0785085 0.273214 0.00662096
0 0.392673 0.284409 0.0859574 0.304744 0.00558437
0 0.139951 0.218258 0.0893129 0.280899 0.00455291
0 0.35439 0.32724 0.069815 0.249897 0.00452792
0 0.0757447 0.1488 0.0721537 0.227344 0.00427282
0 0.327426 0.25361 0.0738293 0.281359 0.00365808
0 0.316876 0.302245 0.0826098 0.277474 0.00274852
0 0.092901 0.205824 0.119114 0.297991 0.00221793
0 0.290044 0.11275 0.0809176 0.222892 0.00202398
0 0.214688 0.122881 0.079564 0.245763 0.0019819
0 0.182856 0.187411 0.0808987 0.291895 0.00159697
0 0.247149 0.12252 0.0750131 0.245041 0.00142915
0 0.378196 0.244874 0.0938404 0.283639 0.00127627
0 0.349392 0.101112 0.05986 0.178818 0.0011185
