0 0.434462 0.837601 0.0931993 0.282855 0.852332
0 0.666927 0.958207 0.0787652 0.083587 0.363508
0 0.094517 0.136879 0.100693 0.273758 0.288506
0 0.300326 0.217695 0.107655 0.304618 0.209777
0 0.119721 0.196326 0.0989599 0.297419 0.0766314
0 0.304936 0.284827 0.086728 0.212118 0.0239695
0 0.140046 0.209348 0.0874178 0.2821 0.00917148
0 0.273267 0.195976 0.090215 0.27752 0.00770447
0 0.28003 0.122028 0.0741934 0.231914 0.00424769
0 0.326709 0.239778 0.0906996 0.277176 0.00404029
0 0.667471 0.958605 0.0477654 0.0812901 0.00308548
0 0.0334337 0.848442 0.064324 0.222615 0.00306653
0 0.0679486 0.149041 0.115656 0.289075 0.00257516
0 0.201249 0.146724 0.0972331 0.267178 0.00242823
0 0.685579 0.958921 0.0731204 0.081848 0.00242751
0 0.226036 0.153918 0.0908903 0.260775 0.00220915
0 0.12749 0.123067 0.0992418 0.246134 0.00215401
0 0.254594 0.154814 0.0883326 0.265817 0.00212447
0 0.155008 0.183807 0.0774851 0.298467 0.0019496
0 0.228504 0.22084 0.101511 0.289456 0.00145957
0 0.086621 0.19278 0.118218 0.293198 0.00139157
0 0.200719 0.218402 0.115322 0.290825 0.00134814
0 0.251489 0.237118 0.103765 0.290472 0.001026
