0 0.254506 0.663297 0.0854455 0.267616 0.895663
0 0.16583 0.675015 0.0867226 0.261358 0.871336
0 0.232315 0.947083 0.0910862 0.105835 0.826981
0 0.268444 0.14522 0.0724874 0.263331 0.758441
0 0.309856 0.269911 0.102028 0.310432 0.544521
0 0.0173712 0.348697 0.0337212 0.244971 0.348476
0 0.206891 0.145504 0.0916028 0.268938 0.234425
0 0.132655 0.198033 0.0943691 0.312271 0.0460841
0 0.337062 0.278481 0.090721 0.301184 0.0179354
0 0.353582 0.290526 0.0724298 0.266433 0.0151467
0 0.0269901 0.346284 0.0475202 0.258968 0.0108159
0 0.410679 0.241267 0.0798582 0.270633 0.00886293
0 0.0211765 0.305053 0.0423529 0.291555 0.00544797
0 0.251411 0.135311 0.0781387 0.267292 0.00418762
0 0.16528 0.198941 0.114396 0.314725 0.00290581
0 0.314939 0.29733 0.0836149 0.227226 0.00264707
0 0.111017 0.183996 0.0982721 0.328076 0.00261467
0 0.286322 0.161299 0.0943142 0.266738 0.00225283
0 0.804041 0.0139368 0.0732078 0.0278623 0.00220385
0 0.22808 0.134516 0.0940743 0.266281 0.00186105
0 0.37124 0.278629 0.0964574 0.296608 0.00183935
0 0.833641 0.0143843 0.0765661 0.02812 0.00180123
0 0.307891 0.245567 0.0791815 0.228376 0.00167184
0 0.186771 0.163442 0.0925784 0.292418 0.00151006
0 0.0161764 0.350371 0.0296204 0.166777 0.00128726
0 0.29049 0.287592 0.0892758 0.271592 0.00110926
0 0.821414 0.0188438 0.0778339 0.0376877 0.00106256
