0 0.214883 0.545774 0.0813816 0.279398 0.813705
0 0.298454 0.21387 0.096026 0.297589 0.308518
0 0.096142 0.148022 0.0963179 0.270637 0.233202
0 0.272012 0.181585 0.0809976 0.26711 0.0382692
0 0.316904 0.236858 0.079051 0.289131 0.022227
0 0.111897 0.178037 0.0916326 0.273333 0.0183451
0 0.268794 0.122375 0.0654899 0.238457 0.0172933
0 0.257542 0.156958 0.0802176 0.268431 0.0151948
0 0.417735 0.249391 0.0519912 0.237421 0.0094213
0 0.0759547 0.135579 0.0874328 0.261298 0.00635446
0 0.285297 0.12067 0.0651849 0.23378 0.00581237
0 0.308662 0.289515 0.0878502 0.287905 0.00548047
0 0.240632 0.188956 0.0816018 0.271237 0.00445182
0 0.197274 0.130833 0.0711265 0.244701 0.00421619
0 0.337904 0.220204 0.0910809 0.298149 0.00373393
0 0.232901 0.129376 0.0822981 0.246325 0.0025268
0 0.344379 0.306206 0.103602 0.27472 0.00183514
0 0.357654 0.151414 0.0747772 0.236095 0.00147569
0 0.317258 0.169527 0.083619 0.283161 0.00140182
0 0.371298 0.222482 0.0895052 0.290374 0.00132479
0 0.182649 0.149665 0.080778 0.247314 0.0012542
0 0.541027 0.984181 0.0654667 0.0316384 0.00115842
0 0.112568 0.135069 0.0762088 0.22729 0.00103468
0 0.289758 0.169165 0.0743844 0.224473 0.00100534
