0 0.369473 0.69332 0.0798143 0.296229 0.877578
0 0.31819 0.719984 0.080187 0.274195 0.796087
0 0.233651 0.823284 0.0727922 0.267779 0.774442
0 0.241979 0.725771 0.0730781 0.299608 0.668402
0 0.419473 0.247428 0.0584816 0.258344 0.264497
0 0.320374 0.836852 0.0780854 0.278334 0.106317
0 0.280856 0.184812 0.0855088 0.264462 0.100044
0 0.117231 0.196238 0.0974571 0.316203 0.0883992
0 0.0974778 0.169034 0.0973315 0.281235 0.0341785
0 0.441159 0.241814 0.0939507 0.254275 0.0200602
0 0.258728 0.182624 0.091909 0.267959 0.0117606
0 0.141646 0.21044 0.10623 0.309448 0.0084824
0 0.238024 0.671714 0.0741622 0.20996 0.00671425
0 0.203147 0.149444 0.0853593 0.248922 0.00430691
0 0.119436 0.137743 0.0850045 0.256277 0.00401554
0 0.223733 0.128925 0.0883006 0.231973 0.00373221
0 0.218622 0.181338 0.101174 0.274145 0.00319422
0 0.24916 0.128202 0.0755025 0.227495 0.00313659
0 0.0844306 0.134923 0.0875043 0.256784 0.00266859
0 0.300923 0.823093 0.09648 0.313332 0.0025232
0 0.340097 0.708388 0.0978914 0.287552 0.00238089
0 0.167098 0.199106 0.11632 0.299656 0.00167348
0 0.26776 0.124265 0.066801 0.225554 0.00165603
0 0.313513 0.188952 0.0940286 0.285536 0.00143941
0 0.195963 0.195351 0.111467 0.290502 0.00141795
0 0.355973 0.216726 0.0904054 0.264178 0.00123433
0 0.398061 0.243584 0.0942715 0.273587 0.00119591
0 0.345121 0.153351 0.0684809 0.234766 0.00118019
0 0.294371 0.221719 0.0924437 0.290183 0.00108292
