0 0.0265732 0.309309 0.0523643 0.275355 0.824746
0 0.10084 0.299023 0.0825444 0.259851 0.813007
0 0.298866 0.214257 0.102421 0.315942 0.353137
0 0.27559 0.19388 0.0757707 0.27535 0.0813099
0 0.307184 0.286374 0.0911014 0.266996 0.0739054
0 0.932529 0.0454205 0.0636984 0.0903757 0.0247059
0 0.413587 0.245341 0.0623323 0.251421 0.0234861
0 0.226868 0.18995 0.104598 0.289653 0.0154307
0 0.202705 0.152199 0.0922685 0.292434 0.014318
0 0.326075 0.257198 0.105503 0.303324 0.00874998
0 0.256286 0.208103 0.0999414 0.2876 0.00843427
0 0.157177 0.196437 0.0776666 0.287416 0.00817625
0 0.121714 0.257914 0.0822201 0.298386 0.00658964
0 0.376199 0.293488 0.0996059 0.254012 0.00612741
0 0.179715 0.16343 0.0839341 0.296905 0.00527552
0 0.977286 0.0686513 0.0435163 0.135016 0.00499645
0 0.196994 0.209133 0.0899449 0.277548 0.00456624
0 0.34756 0.283438 0.105862 0.275725 0.00406385
0 0.134352 0.211488 0.0769662 0.272552 0.00371007
0 0.291992 0.195791 0.0825875 0.228512 0.00203148
0 0.400122 0.276173 0.0785404 0.252906 0.00196614
0 0.269432 0.12075 0.0694917 0.229986 0.0016763
0 0.304528 0.22551 0.0829261 0.227609 0.00100838
