0 0.354564 0.893832 0.0667513 0.210177 0.904383
0 0.272369 0.903467 0.0610837 0.191953 0.887905
0 0.352227 0.428042 0.133604 0.342882 0.205099
0 0.381759 0.473039 0.118523 0.267781 0.032453
0 0.292498 0.246091 0.0717358 0.288277 0.0297616
0 0.675584 0.859085 0.0869845 0.255282 0.0176736
0 0.159757 0.837306 0.0858419 0.257346 0.01416
0 0.169165 0.570645 0.119154 0.299973 0.0097039
0 0.712597 0.914445 0.0924532 0.169497 0.00546035
0 0.149441 0.710341 0.108385 0.344456 0.00414204
0 0.147058 0.615786 0.108719 0.29078 0.00411837
0 0.139358 0.866714 0.105708 0.254289 0.00392263
0 0.5013 0.614834 0.120847 0.325915 0.00230141
0 0.460675 0.714228 0.0831622 0.26541 0.00193644
0 0.120372 0.833147 0.120192 0.278827 0.00154137
0 0.655453 0.821165 0.093193 0.214602 0.00143142
0 0.273524 0.272562 0.0785711 0.295532 0.00133143
0 0.343996 0.109548 0.07545 0.219095 0.00113879
0 0.293879 0.149574 0.0766509 0.264078 0.00110183
0 0.656295 0.890799 0.09159 0.218402 0.00109974
