0 0.503125 0.393956 0.0953805 0.298604 0.901079
0 0.375872 0.0483728 0.0796617 0.0958883 0.851958
0 0.273932 0.0528338 0.100576 0.105283 0.84825
0 0.260086 0.516558 0.073282 0.236364 0.677463
0 0.437276 0.0297277 0.0504313 0.0579786 0.542646
0 0.423449 0.0292008 0.0638134 0.0561116 0.0152322
0 0.733751 0.0389951 0.0375879 0.0746181 0.008627
0 0.431123 0.0427711 0.0592946 0.0800261 0.00581277
0 0.453919 0.0288829 0.0720528 0.0554545 0.00562775
0 0.377097 0.0464192 0.0482514 0.0927278 0.00496279
0 0.436128 0.0286403 0.0285453 0.046216 0.00410868
0 0.416525 0.0417832 0.0615904 0.0793726 0.003911
0 0.255889 0.0412486 0.0772146 0.0809449 0.00273013
0 0.0438759 0.22285 0.0821403 0.276332 0.00270647
0 0.300143 0.0539387 0.0798805 0.105842 0.00189654
0 0.402381 0.0505801 0.0888624 0.0983561 0.00166606
0 0.372239 0.0313365 0.0749637 0.060948 0.00160107
0 0.444569 0.0380164 0.0574837 0.0680631 0.00132993
