0 0.97391 0.646421 0.0517591 0.25621 0.859565
0 0.0822805 0.148823 0.0881402 0.238137 0.36971
0 0.256837 0.153461 0.0787447 0.272603 0.336755
0 0.302927 0.213156 0.0864494 0.273803 0.167176
0 0.309322 0.288392 0.106698 0.280005 0.136019
0 0.0962834 0.180861 0.105179 0.304248 0.0911812
0 0.118752 0.193775 0.0907429 0.299372 0.063274
0 0.245007 0.189665 0.0829492 0.258939 0.0597707
0 0.417724 0.249027 0.0577727 0.258228 0.0449298
0 0.270571 0.114727 0.0661179 0.217991 0.0192611
0 0.239939 0.134105 0.0882043 0.26131 0.0146859
0 0.198987 0.146954 0.0777489 0.263376 0.0112002
0 0.338121 0.276266 0.115852 0.301187 0.0110709
0 0.291445 0.171112 0.0832445 0.271268 0.00931579
0 0.59909 0.904358 0.134623 0.191283 0.00881651
0 0.142513 0.209299 0.0993926 0.291061 0.00810839
0 0.106494 0.133846 0.0918018 0.252277 0.00552907
0 0.370493 0.277131 0.0983939 0.290273 0.00365286
0 0.281906 0.0977703 0.0556952 0.189575 0.00315037
0 0.222895 0.179971 0.0877809 0.267965 0.00296043
0 0.28772 0.241251 0.0883797 0.290002 0.00275615
0 0.266245 0.191908 0.0700507 0.225042 0.0022303
0 0.401613 0.273897 0.0779955 0.285209 0.00206271
0 0.0634872 0.138727 0.0803436 0.235602 0.00194073
0 0.984032 0.647283 0.0295757 0.251523 0.00180068
0 0.172264 0.192363 0.0952138 0.292224 0.00176985
0 0.418159 0.195771 0.0672892 0.292196 0.00176651
0 0.972705 0.590198 0.0518944 0.155364 0.00173938
0 0.0681821 0.179655 0.100354 0.289193 0.00173923
0 0.355018 0.30136 0.0807224 0.249129 0.00154473
