0 0.101649 0.95509 0.0844181 0.0898196 0.880729
0 0.437146 0.714169 0.0665159 0.252259 0.819833
0 0.295556 0.802527 0.0646711 0.101061 0.773867
0 0.487953 0.731324 0.0880771 0.274029 0.728845
0 0.965944 0.643084 0.0674482 0.288987 0.702045
0 0.451266 0.866584 0.0759258 0.219513 0.687476
0 0.281813 0.877331 0.101758 0.245338 0.030165
0 0.169477 0.531645 0.0952275 0.115981 0.0120043
0 0.0438319 0.120108 0.0817098 0.227865 0.0103902
0 0.438131 0.841407 0.0711506 0.224035 0.00870264
0 0.975639 0.605892 0.0480673 0.302653 0.00626853
0 0.297206 0.822807 0.0837801 0.143604 0.00620372
0 0.0690022 0.0730304 0.074761 0.143356 0.0055522
0 0.452631 0.73623 0.0830464 0.281776 0.00331916
0 0.10211 0.955378 0.048145 0.0892445 0.00243668
0 0.306322 0.874572 0.0930931 0.243945 0.00182978
0 0.296529 0.823856 0.0600759 0.0603459 0.0014848
