0 0.435327 0.907685 0.0706693 0.184351 0.815677
0 0.490147 0.901149 0.0636353 0.19624 0.717053
0 0.35534 0.434292 0.117667 0.32024 0.0652425
0 0.720515 0.914651 0.107442 0.170021 0.0259993
0 0.473727 0.88647 0.0933712 0.227059 0.0221254
0 0.336639 0.40113 0.107361 0.295799 0.00749979
0 0.653063 0.849716 0.0973057 0.256859 0.0040295
0 0.691227 0.909663 0.11606 0.178051 0.00317618
0 0.498946 0.870523 0.0810678 0.256591 0.00244357
0 0.672831 0.872032 0.114862 0.25497 0.00213042
0 0.378573 0.462288 0.111896 0.270406 0.00184819
0 0.633124 0.819642 0.0707042 0.193125 0.00184023
0 0.274561 0.30399 0.0978357 0.304722 0.00146957
0 0.638136 0.881287 0.0817832 0.237426 0.00135836
0 0.341817 0.10456 0.0714698 0.206327 0.0011067
