0 0.253812 0.762093 0.0794914 0.22684 0.849541
0 0.352712 0.629242 0.0505973 0.232722 0.831914
0 0.307189 0.647391 0.0436375 0.230223 0.80624
0 0.345855 0.111367 0.0627157 0.212385 0.288467
0 0.145067 0.726906 0.0838767 0.188407 0.241346
0 0.405366 0.472267 0.0662289 0.237399 0.0984437
0 0.63245 0.820169 0.0706912 0.20983 0.0890322
0 0.292825 0.122918 0.0702788 0.223181 0.0734173
0 0.14267 0.778276 0.0938511 0.276072 0.0623855
0 0.51118 0.21547 0.108337 0.269085 0.0488342
0 0.695033 0.847852 0.114344 0.291662 0.0321543
0 0.386557 0.470998 0.0579734 0.240302 0.023389
0 0.283735 0.0921478 0.0722422 0.180653 0.0218293
0 0.283841 0.1732 0.0811243 0.277467 0.0160393
0 0.652549 0.820529 0.0922618 0.220839 0.0129835
0 0.358066 0.407407 0.107884 0.30838 0.0126487
0 0.302771 0.164745 0.0705916 0.261161 0.00811711
0 0.265692 0.0956848 0.0812036 0.185466 0.00499519
0 0.359323 0.103368 0.0595867 0.206735 0.00447294
0 0.508088 0.613785 0.0965607 0.286231 0.00377588
0 0.456403 0.693319 0.0632921 0.221322 0.00330597
0 0.319251 0.117076 0.0727609 0.215297 0.00252402
0 0.705054 0.240753 0.0868879 0.253614 0.00216778
0 0.292318 0.260874 0.0855826 0.298465 0.0019442
0 0.117999 0.783827 0.106835 0.282951 0.00174214
0 0.353003 0.14353 0.0572206 0.193968 0.00168646
0 0.303032 0.647302 0.0768486 0.235753 0.00166322
0 0.360136 0.604753 0.045074 0.202421 0.00149537
0 0.244789 0.259285 0.099167 0.289752 0.00145321
0 0.263933 0.180555 0.0914466 0.283253 0.00138942
0 0.489214 0.239511 0.100237 0.263154 0.00135629
0 0.396862 0.423965 0.0745488 0.298533 0.00126473
0 0.40436 0.113396 0.0680689 0.191157 0.00125261
0 0.63037 0.87458 0.0861083 0.250839 0.00120971
0 0.169475 0.442319 0.106599 0.264155 0.00119257
0 0.621444 0.247539 0.0741 0.219884 0.00118007
0 0.371307 0.446374 0.0781834 0.270109 0.00117317
0 0.322826 0.636387 0.082829 0.236716 0.00115047
