0 0.45588 0.353944 0.102714 0.333033 0.879387
0 0.260638 0.510656 0.0714052 0.222791 0.767946
0 0.733308 0.0358901 0.0373856 0.0675514 0.0682495
0 0.669297 0.0978697 0.0725189 0.193323 0.00299629
0 0.281699 0.336934 0.0845108 0.323011 0.00242405
0 0.049969 0.233205 0.0943202 0.286683 0.00217582
0 0.720183 0.0341127 0.0585274 0.0624601 0.00187734
0 0.749909 0.0358971 0.0609965 0.0698279 0.0015846
0 0.256177 0.543056 0.0896718 0.300527 0.00133196
0 0.157439 0.445694 0.0851689 0.283899 0.00122123
0 0.086521 0.989435 0.0573496 0.0211291 0.00111342
0 0.733849 0.0356783 0.0269599 0.0450903 0.0010608
