0 0.394521 0.789045 0.0989938 0.289591 0.858759
0 0.282822 0.807567 0.0899207 0.306156 0.856998
0 0.453797 0.950924 0.0960979 0.0979164 0.778558
0 0.0988643 0.142747 0.086797 0.263172 0.345852
0 0.268182 0.161513 0.0790335 0.276538 0.26153
0 0.417665 0.25757 0.0522032 0.258157 0.241533
0 0.107555 0.194407 0.0982271 0.302329 0.121639
0 0.319923 0.223032 0.0883023 0.307361 0.109391
0 0.290578 0.192511 0.0956307 0.304368 0.0761591
0 0.339179 0.248312 0.0930916 0.306137 0.0474429
0 0.320715 0.298508 0.0925276 0.27812 0.037252
0 0.241246 0.159988 0.0847608 0.27832 0.0271357
0 0.257534 0.125873 0.0701982 0.239822 0.0199625
0 0.36705 0.25535 0.114749 0.299374 0.0105885
0 0.0749866 0.135358 0.0834824 0.253614 0.00759385
0 0.230298 0.203989 0.0875668 0.282952 0.00692328
0 0.443241 0.244549 0.0935489 0.254324 0.0065453
0 0.299912 0.256509 0.0843022 0.278814 0.00407577
0 0.139359 0.198579 0.0891764 0.289587 0.00407113
0 0.342795 0.31358 0.0904774 0.271149 0.00345376
0 0.253774 0.204178 0.0967155 0.293084 0.00336801
0 0.203844 0.154767 0.0832736 0.279107 0.00312668
0 0.28195 0.134618 0.0701924 0.259121 0.00263194
0 0.125318 0.167364 0.0838999 0.293469 0.00204766
0 0.39951 0.257899 0.0776155 0.267849 0.00201101
0 0.0735902 0.179758 0.109429 0.306186 0.00138484
0 0.123561 0.231967 0.0984554 0.297873 0.00127288
0 0.426312 0.948254 0.116889 0.102509 0.00127092
0 0.368594 0.229215 0.0814724 0.264012 0.00124091
0 0.474261 0.953364 0.0751988 0.0932717 0.00119699
0 0.53723 0.980981 0.0648221 0.038039 0.00116128
0 0.16627 0.221192 0.0986942 0.29799 0.00102822
