0 0.403837 0.8159 0.111465 0.352964 0.881288
0 0.595489 0.908033 0.102154 0.183934 0.876494
0 0.478332 0.813672 0.0735394 0.298425 0.868815
0 0.26488 0.512843 0.059692 0.22094 0.720817
0 0.773033 0.0382883 0.090243 0.074068 0.389216
0 0.0543871 0.256107 0.102468 0.294705 0.0811649
0 0.804416 0.0388607 0.081246 0.0746824 0.0112813
0 0.82851 0.04035 0.0833933 0.077574 0.0104635
0 0.79086 0.0372017 0.0443404 0.0723929 0.00327156
0 0.741732 0.0368573 0.0626674 0.0709172 0.00290873
0 0.256511 0.547059 0.0768489 0.298808 0.00230763
0 0.320127 0.326147 0.0921655 0.320186 0.00209356
0 0.281249 0.333185 0.0921865 0.314055 0.00209314
0 0.143843 0.682654 0.064784 0.319332 0.00154377
0 0.777925 0.0376167 0.0477011 0.0741642 0.00119154
