0 0.314034 0.712404 0.0864163 0.260767 0.842247
0 0.295841 0.964785 0.0627041 0.0704305 0.81635
0 0.356326 0.960723 0.0667417 0.0785233 0.812926
0 0.631761 0.819172 0.064915 0.209999 0.0116641
0 0.726979 0.916297 0.0902242 0.166576 0.00739978
0 0.658172 0.874507 0.0947608 0.249543 0.00473758
0 0.344394 0.109091 0.0681569 0.217553 0.00408303
0 0.654999 0.819689 0.100586 0.217363 0.00317708
0 0.346959 0.423633 0.115974 0.285247 0.00290986
0 0.296395 0.965344 0.0285952 0.0448015 0.00153938
0 0.637379 0.88213 0.0820699 0.235741 0.00152349
0 0.277606 0.963308 0.0904419 0.0733842 0.00150888
0 0.335222 0.956991 0.0741645 0.0827743 0.00149773
0 0.3137 0.965119 0.0517448 0.0697616 0.00148786
0 0.247848 0.217962 0.0896867 0.29139 0.00114091
