0 0.366738 0.880209 0.067535 0.231907 0.891944
0 0.312905 0.8871 0.0607927 0.218689 0.756927
0 0.355304 0.419039 0.120085 0.337567 0.657399
0 0.508627 0.603448 0.0994701 0.300779 0.38986
0 0.377671 0.459177 0.105436 0.26941 0.0892683
0 0.726141 0.916283 0.087336 0.166576 0.0162093
0 0.660227 0.850315 0.0970989 0.265644 0.01042
0 0.254856 0.399913 0.0855064 0.291151 0.00470335
0 0.172802 0.432435 0.110177 0.308771 0.00231074
0 0.295232 0.242756 0.065379 0.260952 0.00206558
0 0.271725 0.433671 0.0943802 0.334778 0.00202777
0 0.421242 0.226121 0.0697204 0.258193 0.00198284
0 0.641311 0.878255 0.0825824 0.24349 0.00196203
0 0.328272 0.185566 0.087342 0.250507 0.00179356
0 0.194255 0.417574 0.0926414 0.287492 0.00137177
0 0.26972 0.345352 0.0887335 0.319822 0.00120933
0 0.684284 0.84466 0.109059 0.271734 0.00100292
