0 0.394659 0.811735 0.073355 0.295098 0.869777
0 0.199253 0.669991 0.0905504 0.323861 0.866625
0 0.0279158 0.470008 0.0556691 0.275306 0.85378
0 0.0848351 0.442284 0.0860565 0.296637 0.850042
0 0.107327 0.726276 0.090563 0.320166 0.82237
0 0.461108 0.799312 0.0906154 0.310565 0.78354
0 0.907024 0.951977 0.114982 0.0945103 0.745517
0 0.111856 0.0526701 0.0683683 0.101583 0.105912
0 0.0573736 0.447323 0.089621 0.282261 0.0024962
0 0.0146422 0.463301 0.02711 0.269666 0.0013801
0 0.603578 0.974025 0.0725438 0.05169 0.00126462
0 0.937145 0.94956 0.110798 0.100497 0.0012646
0 0.0989404 0.0604099 0.0711131 0.119997 0.00118072
0 0.0909127 0.0386255 0.068315 0.075368 0.00115122
