0 0.287786 0.618659 0.0854719 0.261344 0.872628
0 0.346727 0.256356 0.0971741 0.317837 0.247244
0 0.267004 0.18308 0.0903404 0.281418 0.136383
0 0.384354 0.27679 0.103076 0.299391 0.0330848
0 0.322258 0.25698 0.0923059 0.304347 0.0265367
0 0.258977 0.137034 0.0790875 0.259204 0.0228173
0 0.299492 0.219726 0.0926934 0.317351 0.0147626
0 0.207684 0.184782 0.0818407 0.281244 0.0132767
0 0.224429 0.165611 0.0864905 0.294084 0.00600726
0 0.272464 0.112065 0.0701546 0.210135 0.00543039
0 0.324715 0.202343 0.0761116 0.30379 0.00446788
0 0.364441 0.232698 0.0928914 0.293652 0.00283575
0 0.235348 0.129205 0.0624012 0.254317 0.00226899
0 0.354058 0.317285 0.0898759 0.246624 0.00221003
0 0.343334 0.243876 0.0763578 0.229634 0.00158074
0 0.308315 0.298116 0.094659 0.295208 0.00149781
0 0.404858 0.246499 0.0680283 0.256956 0.001459
0 0.291702 0.27429 0.0814815 0.299707 0.00137315
0 0.418648 0.283387 0.0855326 0.305928 0.00112043
0 0.333299 0.314662 0.0992249 0.275106 0.00102901
