0 0.472781 0.909511 0.0826899 0.17979 0.843299
0 0.302004 0.213191 0.0905911 0.320453 0.435259
0 0.107008 0.182373 0.105837 0.308815 0.228582
0 0.657014 0.958833 0.0857066 0.0823056 0.0998769
0 0.0967196 0.137324 0.0856851 0.25905 0.0800245
0 0.242539 0.194726 0.0880979 0.26542 0.073573
0 0.271489 0.129908 0.067592 0.251113 0.0461787
0 0.307708 0.287345 0.0868795 0.277047 0.0387189
0 0.418384 0.249675 0.0517557 0.23418 0.0300324
0 0.141896 0.201433 0.0924137 0.318717 0.0180038
0 0.286644 0.181694 0.0802204 0.281472 0.0171654
0 0.201687 0.149726 0.0919897 0.287626 0.0138442
0 0.11571 0.126055 0.0876445 0.25211 0.0121752
0 0.327193 0.212871 0.099332 0.321438 0.0109354
0 0.281182 0.0986891 0.0589843 0.189472 0.0109009
0 0.227443 0.135575 0.0926767 0.264062 0.0100819
0 0.352287 0.252736 0.112149 0.322333 0.00941498
0 0.16237 0.218158 0.0979619 0.30091 0.00899625
0 0.929823 0.0496741 0.0668221 0.0968164 0.00503249
0 0.328461 0.301946 0.0989377 0.289431 0.00377606
0 0.20592 0.211324 0.125469 0.297182 0.00294751
0 0.247216 0.123852 0.0768258 0.247704 0.00228286
0 0.269002 0.208601 0.103493 0.284545 0.00203348
0 0.378643 0.243042 0.103353 0.271336 0.00159219
0 0.369399 0.301765 0.106311 0.281596 0.00124658
0 0.195958 0.11089 0.0727185 0.212174 0.00120884
0 0.0750194 0.149643 0.0937291 0.267322 0.00118199
0 0.334369 0.0916717 0.063706 0.173535 0.00114727
0 0.171089 0.150636 0.0731531 0.277889 0.00111587
0 0.137433 0.13064 0.0852553 0.257123 0.00106434
0 0.659065 0.958431 0.0479404 0.0823327 0.00103049
