0 0.285568 0.931153 0.0942859 0.137695 0.865097
0 0.3043 0.289913 0.100161 0.276157 0.38717
0 0.267681 0.158146 0.0732643 0.2852 0.240621
0 0.252168 0.1829 0.0879953 0.286151 0.18485
0 0.0928748 0.149469 0.109781 0.279637 0.0470657
0 0.280733 0.193926 0.0733049 0.273519 0.0464456
0 0.41988 0.244669 0.062114 0.27632 0.0368317
0 0.297356 0.219939 0.0917083 0.329895 0.0259359
0 0.116483 0.182527 0.105995 0.315617 0.0240307
0 0.349205 0.280773 0.0950748 0.305631 0.0197619
0 0.234656 0.205459 0.0969033 0.281333 0.0191863
0 0.329815 0.300562 0.0990159 0.277911 0.00991691
0 0.433923 0.266837 0.0891963 0.310843 0.00460015
0 0.220468 0.167227 0.0951131 0.289586 0.00408991
0 0.292911 0.33581 0.104945 0.309522 0.00347202
0 0.425656 0.194475 0.080833 0.297652 0.00240724
0 0.315703 0.182587 0.0984621 0.300567 0.00233709
0 0.198768 0.133911 0.0794037 0.254191 0.00233232
0 0.344258 0.153904 0.0804936 0.244873 0.00218477
0 0.261144 0.115522 0.0636348 0.219829 0.00210252
0 0.284743 0.135436 0.0862505 0.268806 0.0019657
0 0.939542 0.050089 0.0761793 0.0967159 0.00191668
0 0.421711 0.119611 0.0714776 0.199213 0.0014426
0 0.366659 0.227097 0.0939042 0.327607 0.00124533
0 0.0721436 0.129539 0.106818 0.259078 0.0012074
0 0.329676 0.243345 0.115476 0.31057 0.00116858
0 0.394987 0.244207 0.0784738 0.273804 0.00101484
