0 0.430197 0.850962 0.0738723 0.231907 0.882093
0 0.166381 0.601036 0.095054 0.302801 0.418317
0 0.379184 0.477979 0.10762 0.257106 0.348054
0 0.35227 0.426098 0.123863 0.344945 0.180375
0 0.181659 0.646881 0.113656 0.28808 0.0828976
0 0.305306 0.258824 0.0864319 0.280295 0.0798333
0 0.171172 0.801821 0.116221 0.307653 0.0284486
0 0.285169 0.272807 0.0864995 0.286151 0.0105036
0 0.673876 0.868146 0.0955906 0.263708 0.0083391
0 0.172414 0.708772 0.113797 0.283261 0.00813353
0 0.631499 0.821142 0.0634037 0.185021 0.0041948
0 0.726318 0.917812 0.0906364 0.163536 0.00347683
0 0.65487 0.844305 0.0961933 0.240151 0.00328162
0 0.188958 0.748577 0.128967 0.329535 0.00222213
0 0.299267 0.342236 0.0868925 0.326071 0.00165791
0 0.29505 0.214468 0.0851365 0.296971 0.00152019
0 0.200899 0.691052 0.12822 0.283594 0.00135205
0 0.280003 0.472521 0.0903111 0.290977 0.00113913
0 0.183517 0.666752 0.0875648 0.2234 0.00111479
0 0.335191 0.371042 0.118014 0.29993 0.00109494
