0 0.354968 0.438342 0.103873 0.346632 0.74709
0 0.339106 0.618302 0.10561 0.285247 0.736094
0 0.623911 0.814704 0.0802957 0.223004 0.53069
0 0.373334 0.460449 0.0799209 0.303543 0.0318292
0 0.282274 0.22552 0.0852015 0.288173 0.00921359
0 0.293316 0.272645 0.0939735 0.277909 0.00412088
0 0.280715 0.311235 0.0998884 0.281602 0.00312823
0 0.296953 0.185203 0.0931856 0.304354 0.00254067
0 0.430913 0.240571 0.0669658 0.237151 0.00192927
0 0.324369 0.575577 0.114602 0.311424 0.00173872
0 0.650485 0.819323 0.108591 0.226869 0.00105271
