0 0.644785 0.302064 0.103614 0.324257 0.87974
0 0.447362 0.330775 0.108662 0.339831 0.851089
0 0.258437 0.517888 0.077094 0.234629 0.743833
0 0.295216 0.342371 0.0850507 0.333457 0.0334062
0 0.14726 0.681225 0.0573726 0.324801 0.0331254
0 0.778633 0.0374383 0.0828038 0.0744519 0.014354
0 0.320021 0.343642 0.0747338 0.329813 0.0110739
0 0.738052 0.0353365 0.0419813 0.0679249 0.00509787
0 0.758903 0.0371311 0.0766112 0.0730013 0.00477342
0 0.0390809 0.224636 0.0742855 0.259519 0.00226549
0 0.471675 0.336589 0.0822386 0.336924 0.00126451
0 0.801497 0.0397616 0.0796806 0.0788327 0.00121874
0 0.146099 0.735443 0.051264 0.219224 0.00119091
0 0.426426 0.307478 0.0731959 0.31608 0.00114999
0 0.275926 0.321705 0.0869617 0.297377 0.00102905
