0 0.163614 0.370105 0.0922761 0.254811 0.855674
0 0.099439 0.677709 0.121683 0.281252 0.797687
0 0.322644 0.293336 0.106155 0.28795 0.199524
0 0.12031 0.129306 0.0936756 0.230993 0.132292
0 0.417156 0.257153 0.0449467 0.213796 0.114581
0 0.258309 0.124405 0.0722071 0.240479 0.025351
0 0.202024 0.128398 0.0811032 0.228435 0.0229741
0 0.309743 0.24418 0.0970869 0.279106 0.017143
0 0.100629 0.12256 0.0757925 0.235434 0.0117258
0 0.590178 0.905423 0.135231 0.189153 0.0112736
0 0.254976 0.162455 0.0910479 0.262026 0.00985081
0 0.231033 0.145908 0.0938259 0.25016 0.00946049
0 0.33973 0.322807 0.0904403 0.258945 0.0044
0 0.276059 0.119359 0.0706756 0.233 0.00435327
0 0.179526 0.142708 0.0894083 0.218908 0.00424823
0 0.141352 0.115543 0.0974946 0.229966 0.00374187
0 0.295865 0.196835 0.102541 0.291624 0.00344741
0 0.109442 0.173763 0.0909107 0.259775 0.0028214
0 0.550134 0.895436 0.0856043 0.206537 0.00265011
0 0.0726621 0.67956 0.0799286 0.277214 0.00215045
0 0.339684 0.258515 0.109884 0.310561 0.00203691
0 0.267416 0.204839 0.105133 0.281112 0.00119149
0 0.154573 0.133528 0.0659016 0.203966 0.00110476
0 0.568496 0.879138 0.107051 0.241724 0.00109004
0 0.400619 0.255688 0.0656726 0.23576 0.0010197
