0 0.159748 0.628829 0.0758484 0.295673 0.86452
0 0.229215 0.60952 0.0788905 0.284256 0.849982
0 0.252957 0.181598 0.0922173 0.285938 0.494251
0 0.30698 0.223595 0.0858115 0.281976 0.356089
0 0.116366 0.166996 0.0793583 0.263365 0.0651231
0 0.286729 0.211599 0.0922019 0.285894 0.0419246
0 0.266823 0.125364 0.0645135 0.242168 0.0276214
0 0.205841 0.163809 0.0882826 0.302023 0.0270898
0 0.128448 0.209537 0.0999426 0.300622 0.0173438
0 0.4203 0.258639 0.051407 0.214989 0.0121373
0 0.248289 0.124976 0.080176 0.249952 0.00616498
0 0.0998281 0.209854 0.106108 0.312845 0.00523014
0 0.133946 0.154092 0.0862302 0.277064 0.00331398
0 0.410739 0.22792 0.0735435 0.271199 0.0032319
0 0.3253 0.25582 0.104082 0.290666 0.00305419
0 0.187276 0.183132 0.0840545 0.301855 0.00299887
0 0.233476 0.152054 0.0959237 0.295884 0.00264384
0 0.190923 0.136484 0.068393 0.26629 0.00206114
0 0.374618 0.225209 0.091573 0.277393 0.00154633
0 0.309435 0.298948 0.094836 0.284988 0.00140202
0 0.274536 0.180239 0.0716712 0.226529 0.00136962
0 0.222332 0.206333 0.100125 0.29393 0.00135792
0 0.283709 0.122383 0.0647205 0.242582 0.00107057
