0 0.309118 0.93174 0.077604 0.136154 0.859899
0 0.247606 0.944474 0.0745968 0.111051 0.854978
0 0.0951944 0.182509 0.119036 0.31641 0.0375075
0 0.291327 0.215073 0.104946 0.298396 0.0365302
0 0.271646 0.123364 0.0726672 0.236687 0.0155086
0 0.116826 0.207086 0.110489 0.297091 0.0079614
0 0.272868 0.184471 0.0953558 0.270887 0.00489308
0 0.614533 0.104604 0.074003 0.200786 0.00318052
0 0.288314 0.11756 0.0728443 0.223333 0.00246775
0 0.153093 0.212279 0.100695 0.284415 0.00194321
0 0.307868 0.290767 0.0904203 0.258129 0.00178461
0 0.31202 0.197688 0.0981078 0.293676 0.00160099
