0 0.435078 0.88112 0.0848258 0.233473 0.921414
0 0.160982 0.623226 0.0764891 0.284053 0.865387
0 0.247837 0.613415 0.0918533 0.269059 0.84667
0 0.248019 0.182327 0.0824675 0.26762 0.464506
0 0.0910145 0.146838 0.103892 0.273299 0.302875
0 0.307499 0.225213 0.0811866 0.298492 0.275059
0 0.118864 0.196025 0.0937569 0.298534 0.18016
0 0.316679 0.286817 0.0880556 0.283708 0.0841483
0 0.266026 0.139036 0.0720218 0.256595 0.063836
0 0.417841 0.247937 0.0577948 0.263076 0.0501912
0 0.281876 0.102663 0.0594377 0.196225 0.0246833
0 0.285175 0.216455 0.0979511 0.300621 0.0214482
0 0.343248 0.251753 0.108031 0.318226 0.0194852
0 0.067641 0.131563 0.0905472 0.253223 0.014119
0 0.368918 0.256275 0.10846 0.305636 0.00691825
0 0.238341 0.136803 0.0901509 0.269165 0.00671398
0 0.0731394 0.176259 0.11167 0.300207 0.00600784
0 0.34054 0.302113 0.0890763 0.275763 0.00465655
0 0.235418 0.220852 0.0788545 0.284495 0.00458187
0 0.432345 0.248616 0.0904717 0.288053 0.00424894
0 0.283973 0.161214 0.0784536 0.295378 0.00418876
0 0.203737 0.148646 0.0838645 0.275329 0.00336695
0 0.139584 0.208137 0.0944818 0.291986 0.00298147
0 0.396897 0.244695 0.0795103 0.271006 0.00176113
0 0.222898 0.165937 0.0812865 0.279356 0.00166206
0 0.114503 0.126194 0.0894801 0.252387 0.00127324
0 0.18507 0.153275 0.0734407 0.262284 0.00111146
0 0.295902 0.274527 0.0786423 0.295019 0.00111091
