0 0.21357 0.910365 0.0807168 0.179164 0.881618
0 0.273455 0.897311 0.0757674 0.204046 0.870907
0 0.119315 0.197404 0.0890544 0.298223 0.347924
0 0.244097 0.197807 0.0859715 0.289016 0.0998454
0 0.0975188 0.183373 0.105138 0.317454 0.0545925
0 0.267139 0.193525 0.0816484 0.282026 0.0283792
0 0.987923 0.5869 0.0232494 0.197517 0.0258027
0 0.203791 0.148455 0.0831767 0.271357 0.0116236
0 0.304128 0.289514 0.0856319 0.27961 0.0107151
0 0.444863 0.507229 0.105763 0.334558 0.00966339
0 0.224353 0.161784 0.0976427 0.294328 0.00729414
0 0.981533 0.576467 0.0369332 0.211869 0.00495009
0 0.288331 0.188796 0.089715 0.286616 0.00434562
0 0.212008 0.216016 0.12044 0.292343 0.00348947
0 0.172342 0.219836 0.111266 0.295308 0.00244214
0 0.275567 0.128424 0.0660682 0.241071 0.00216826
0 0.102149 0.13622 0.080761 0.266541 0.0017896
0 0.253026 0.134858 0.0735529 0.253257 0.00171896
0 0.632836 0.986902 0.056485 0.026195 0.00146694
0 0.133537 0.168287 0.0768162 0.29424 0.00132285
