0 0.889902 0.128507 0.106713 0.245215 0.891073
0 0.717863 0.938592 0.0731188 0.122815 0.853616
0 0.797821 0.972065 0.0596369 0.0542996 0.428198
0 0.716429 0.0226745 0.0941299 0.045349 0.0296692
0 0.59254 0.394145 0.126488 0.273064 0.0167104
0 0.715623 0.016467 0.0802059 0.0323428 0.00792577
0 0.114646 0.0515176 0.0674414 0.0990935 0.0069237
0 0.81623 0.973797 0.087579 0.0513047 0.00618787
0 0.737356 0.021109 0.0995579 0.0422181 0.0060914
0 0.696572 0.0280812 0.11655 0.0543896 0.00345386
0 0.685709 0.0178305 0.122833 0.0356609 0.00228928
0 0.733501 0.0151701 0.0783733 0.0300453 0.00142057
0 0.800411 0.96657 0.0825121 0.0668602 0.00141996
0 0.976338 0.88376 0.0464575 0.232081 0.00128403
0 0.910532 0.0187582 0.064748 0.0341613 0.00125225
0 0.797072 0.973262 0.0287634 0.0455795 0.00115536
0 0.576564 0.419578 0.0941103 0.219828 0.00100555
