0 0.319385 0.844231 0.082204 0.284734 0.896634
0 0.410291 0.827535 0.0792192 0.292094 0.768626
0 0.618302 0.107238 0.072137 0.206868 0.49121
0 0.296858 0.220786 0.0993789 0.323393 0.316613
0 0.120711 0.197334 0.0912443 0.296639 0.289476
0 0.269709 0.157339 0.0748107 0.267087 0.236441
0 0.305724 0.284703 0.0916766 0.266388 0.219061
0 0.227462 0.149258 0.0948251 0.269598 0.0621658
0 0.204853 0.145211 0.089139 0.266808 0.0357863
0 0.247965 0.137449 0.0788657 0.2619 0.0223796
0 0.375182 0.258431 0.0944563 0.296995 0.018628
0 0.287043 0.169507 0.0850488 0.275452 0.013418
0 0.256924 0.191078 0.0907505 0.278021 0.0111066
0 0.152801 0.2093 0.119831 0.302846 0.00849166
0 0.233257 0.210082 0.0977571 0.289183 0.00787301
0 0.417931 0.244784 0.0547812 0.259705 0.00646211
0 0.109423 0.152632 0.0823457 0.269266 0.00636272
0 0.327479 0.25659 0.0953554 0.293997 0.00462787
0 0.358806 0.288077 0.0799836 0.267523 0.00419333
0 0.278352 0.11937 0.0683264 0.238464 0.00306588
0 0.297698 0.241553 0.0810078 0.227461 0.00264316
0 0.400544 0.231336 0.0822156 0.297107 0.00160233
0 0.233904 0.150664 0.0682869 0.224384 0.00140276
0 0.0947846 0.187487 0.0986861 0.305028 0.00134176
0 0.352867 0.230233 0.0876262 0.311636 0.00121826
0 0.271878 0.239245 0.10663 0.294498 0.00108411
