0 0.433727 0.691079 0.0934527 0.357201 0.868617
0 0.50955 0.683361 0.0828124 0.316104 0.863005
0 0.261592 0.512235 0.0689504 0.228818 0.696006
0 0.42183 0.049617 0.0943969 0.0957095 0.298928
0 0.0526592 0.253229 0.0996368 0.285257 0.0197674
0 0.0858657 0.98871 0.0492228 0.0225808 0.00576115
0 0.279461 0.338026 0.0819109 0.327948 0.00516015
0 0.733183 0.0394574 0.0389116 0.0741467 0.0026939
0 0.0341898 0.242583 0.0681052 0.269031 0.00240433
0 0.401125 0.0555694 0.126032 0.111139 0.00119077
0 0.0942482 0.985645 0.0599042 0.0287109 0.00110111
