0 0.533691 0.0812261 0.0718987 0.158756 0.856781
0 0.246689 0.133242 0.0902828 0.24765 0.551897
0 0.225919 0.134342 0.0735502 0.249812 0.0278238
0 0.265468 0.144655 0.0845227 0.248038 0.025637
0 0.319313 0.22446 0.0795366 0.284045 0.0165681
0 0.278629 0.121322 0.0669493 0.238902 0.011992
0 0.345077 0.274452 0.100159 0.297103 0.00753167
0 0.282292 0.227169 0.118972 0.286919 0.00341407
0 0.244491 0.210072 0.0926666 0.280957 0.00310975
0 0.0560862 0.232219 0.104777 0.281534 0.00229203
0 0.366158 0.232882 0.102402 0.271578 0.0018203
0 0.365671 0.305609 0.108078 0.289032 0.00175414
0 0.975146 0.0571326 0.0422428 0.112819 0.00151923
0 0.598736 0.898293 0.132666 0.203413 0.00146582
0 0.345058 0.0990776 0.0611337 0.175451 0.00143319
0 0.452566 0.51494 0.105419 0.270228 0.0011857
0 0.0322777 0.851249 0.0623594 0.225246 0.00107906
