0 0.224629 0.831971 0.0710505 0.273086 0.78393
0 0.604902 0.225032 0.0584051 0.221039 0.421504
0 0.35621 0.429351 0.133695 0.343632 0.255492
0 0.378423 0.463588 0.100376 0.267134 0.0876232
0 0.681147 0.849669 0.0985043 0.261074 0.0389627
0 0.168778 0.870391 0.0565066 0.21816 0.0268413
0 0.607347 0.298251 0.0575147 0.154068 0.014994
0 0.529217 0.200155 0.0719404 0.24833 0.0140249
0 0.473117 0.217908 0.0912055 0.297526 0.0120912
0 0.502901 0.217361 0.101998 0.288543 0.010126
0 0.334725 0.192625 0.0964706 0.256004 0.00985321
0 0.502136 0.63469 0.121264 0.347839 0.00921091
0 0.294353 0.229588 0.0673949 0.268729 0.00881293
0 0.459285 0.185985 0.0792676 0.256348 0.00675692
0 0.608285 0.272416 0.0440922 0.0954984 0.00524926
0 0.184064 0.866095 0.062325 0.230221 0.00431565
0 0.269285 0.224608 0.0822666 0.280243 0.00274864
0 0.195248 0.833726 0.0819178 0.291216 0.00268036
0 0.174093 0.826748 0.0546735 0.273061 0.00254012
0 0.131083 0.869315 0.0848551 0.237956 0.00218574
0 0.406982 0.110093 0.069869 0.212757 0.00207637
0 0.255141 0.187334 0.0917812 0.248955 0.00188545
0 0.153502 0.889013 0.0855401 0.216169 0.00167841
0 0.661356 0.823463 0.104971 0.224627 0.00149638
0 0.119355 0.837871 0.0648095 0.249438 0.00130901
0 0.709269 0.909758 0.101369 0.177553 0.00105895
