0 0.202337 0.563161 0.0771004 0.284071 0.897689
0 0.278915 0.534886 0.0779477 0.320127 0.863985
0 0.105989 0.162639 0.102134 0.300966 0.348455
0 0.267546 0.189874 0.110917 0.308259 0.288042
0 0.304077 0.215094 0.0891875 0.308668 0.123363
0 0.317863 0.301681 0.0901237 0.272299 0.0485726
0 0.322019 0.237752 0.0974382 0.311227 0.0453914
0 0.245149 0.188947 0.0859124 0.291953 0.0329927
0 0.287471 0.163977 0.101922 0.30196 0.0218435
0 0.256656 0.138981 0.0984122 0.266 0.0193695
0 0.346723 0.245591 0.115471 0.319254 0.0173958
0 0.369422 0.215998 0.0784303 0.269458 0.00395224
0 0.126268 0.194436 0.113912 0.332885 0.00352816
0 0.313706 0.165883 0.0803634 0.299379 0.00339133
0 0.0870576 0.1912 0.117902 0.314131 0.00328814
0 0.281698 0.121543 0.0801629 0.234542 0.00320212
0 0.235296 0.137269 0.0747985 0.254945 0.00300987
0 0.103575 0.11847 0.0830146 0.23029 0.00271955
0 0.298271 0.106526 0.0783485 0.20478 0.00265949
0 0.0862771 0.12855 0.0964408 0.2571 0.00174963
0 0.938791 0.0696042 0.0805649 0.137485 0.00127919
0 0.550162 0.91852 0.0715484 0.162959 0.0012459
0 0.834256 0.0145175 0.0851988 0.0283217 0.00107816
