0 0.279991 0.269168 0.101179 0.286733 0.603646
0 0.131942 0.568542 0.122167 0.329741 0.510617
0 0.366883 0.414571 0.109022 0.327278 0.336545
0 0.381383 0.455171 0.104598 0.275445 0.0464879
0 0.34537 0.184326 0.0869467 0.271751 0.0308583
0 0.259702 0.229068 0.0931673 0.316257 0.0219931
0 0.345102 0.11861 0.067398 0.220661 0.0198314
0 0.159096 0.583605 0.111514 0.310023 0.0177665
0 0.678904 0.849934 0.0895361 0.249132 0.015306
0 0.651047 0.87976 0.0820178 0.229922 0.00887594
0 0.111698 0.593848 0.0948048 0.290011 0.00829678
0 0.727871 0.918408 0.0941687 0.163185 0.00482727
0 0.335016 0.411007 0.100424 0.322826 0.00478273
0 0.317707 0.150688 0.0841199 0.270437 0.0043201
0 0.6351 0.891222 0.0702839 0.208521 0.00425401
0 0.660582 0.835511 0.0903536 0.228144 0.00414608
0 0.298085 0.0980445 0.0705266 0.18918 0.0038414
0 0.173546 0.608379 0.0766162 0.264779 0.00354088
0 0.246942 0.182401 0.0920674 0.287628 0.00281658
0 0.301305 0.245895 0.10045 0.308213 0.00249045
0 0.263948 0.299888 0.0979004 0.250261 0.00177857
0 0.277874 0.181663 0.0917783 0.286698 0.00146062
0 0.343727 0.0718197 0.0664812 0.140343 0.00118854
0 0.283982 0.116391 0.0792162 0.224443 0.00117821
