0 0.150622 0.537687 0.0743535 0.274357 0.888441
0 0.224668 0.525202 0.073242 0.290931 0.872728
0 0.252495 0.149588 0.0861907 0.273087 0.647754
0 0.418535 0.244017 0.050862 0.246176 0.244263
0 0.316413 0.287349 0.0826863 0.27358 0.240744
0 0.294947 0.184837 0.0777164 0.251404 0.0864169
0 0.620953 0.907597 0.0800898 0.182178 0.0776228
0 0.354173 0.256308 0.0939841 0.308328 0.071395
0 0.272701 0.178784 0.0947898 0.268395 0.0490384
0 0.306364 0.228084 0.0811854 0.305297 0.0177052
0 0.439182 0.227933 0.0882755 0.250384 0.0105477
0 0.422355 0.204218 0.0704855 0.295403 0.00971081
0 0.34085 0.296642 0.083628 0.285183 0.00784106
0 0.329367 0.243636 0.0865789 0.294143 0.0071765
0 0.273372 0.134738 0.0715911 0.2594 0.00702133
0 0.377786 0.257504 0.0921413 0.282751 0.00589672
0 0.238049 0.189236 0.0860102 0.262841 0.00391209
0 0.223403 0.163767 0.0857998 0.26838 0.00352149
0 0.402934 0.246063 0.0848556 0.254241 0.0027177
0 0.2947 0.282213 0.107135 0.296079 0.00249923
0 0.426679 0.147982 0.0668621 0.214722 0.00244633
0 0.235591 0.124605 0.0786376 0.24921 0.00215636
0 0.28794 0.0996431 0.0627075 0.19478 0.00179897
