0 0.248668 0.769232 0.0976248 0.30549 0.874452
0 0.335948 0.741784 0.0912396 0.339688 0.847904
0 0.273997 0.158709 0.0832035 0.291463 0.0701743
0 0.291254 0.188975 0.0958415 0.315009 0.0469491
0 0.258674 0.125478 0.0778594 0.250956 0.0140603
0 0.320705 0.219791 0.107495 0.325863 0.0119931
0 0.094611 0.138151 0.0838341 0.258456 0.00781977
0 0.234491 0.153463 0.09392 0.292203 0.00542057
0 0.345686 0.229127 0.103043 0.311778 0.00449646
0 0.259134 0.19366 0.0918173 0.278562 0.00443693
0 0.935155 0.0428283 0.0708385 0.0856565 0.00434796
0 0.106806 0.180185 0.0926917 0.284771 0.00412931
0 0.419036 0.248568 0.0560411 0.232749 0.00276646
0 0.230156 0.220827 0.0958814 0.306264 0.00231454
0 0.208549 0.181716 0.0998042 0.296517 0.00229937
0 0.305866 0.153274 0.0960982 0.287441 0.00202623
0 0.306937 0.270888 0.0874088 0.277521 0.00104408
