0 0.327812 0.914262 0.0702537 0.170636 0.852514
0 0.356291 0.430338 0.125078 0.335853 0.8105
0 0.199413 0.831185 0.114581 0.287007 0.559525
0 0.276228 0.27387 0.0852695 0.284309 0.413223
0 0.729621 0.915039 0.104527 0.169417 0.0296517
0 0.290573 0.245676 0.0720683 0.282107 0.0227584
0 0.675655 0.856379 0.0947936 0.263419 0.00757622
0 0.154796 0.842348 0.0867142 0.254524 0.00443839
0 0.355482 0.377186 0.100679 0.27 0.00357496
0 0.251006 0.27359 0.0913239 0.277304 0.00251581
0 0.378904 0.467177 0.0974162 0.267685 0.00244875
0 0.467489 0.725884 0.0967449 0.289109 0.00212232
0 0.30344 0.279162 0.0718808 0.276424 0.00207007
0 0.630054 0.808029 0.0639598 0.197866 0.00182846
0 0.172729 0.807711 0.130687 0.294397 0.00172525
0 0.288191 0.334849 0.0790047 0.336085 0.00127249
0 0.261406 0.341364 0.088477 0.334127 0.0012393
0 0.645974 0.816148 0.0762311 0.209356 0.0012149
