0 0.211768 0.851509 0.103229 0.293395 0.916184
0 0.117389 0.0507248 0.0613668 0.098594 0.155364
0 0.0533012 0.0116721 0.0609899 0.0229878 0.0700988
0 0.0412176 0.0101355 0.0466251 0.020271 0.0369518
0 0.0589546 0.016501 0.0650998 0.0330021 0.0183043
0 0.0411602 0.0157055 0.0537705 0.0314109 0.0081034
0 0.0515944 0.00915563 0.0460973 0.0183113 0.00462167
0 0.0295216 0.0081366 0.0482017 0.0162732 0.00446464
0 0.040242 0.00998419 0.0282886 0.0199684 0.00360278
0 0.0448503 0.00846658 0.0547118 0.0169332 0.00250133
0 0.0732493 0.011492 0.072384 0.0212112 0.00226414
0 0.0532631 0.0242114 0.0621561 0.0481857 0.00179366
0 0.0347954 0.00843072 0.0276547 0.0168614 0.00169829
0 0.0515635 0.0114654 0.0286054 0.0227345 0.00148183
0 0.0181967 0.0162493 0.0349347 0.031959 0.00108111
