0 0.176818 0.678715 0.0632794 0.220538 0.669841
0 0.239809 0.694588 0.060931 0.263731 0.559138
0 0.275454 0.301117 0.12622 0.272277 0.230495
0 0.355379 0.411501 0.108633 0.316725 0.150242
0 0.659251 0.845859 0.111174 0.263479 0.0794805
0 0.643721 0.819807 0.084545 0.217968 0.0180024
0 0.200526 0.362352 0.0980824 0.317078 0.0126283
0 0.176734 0.646605 0.0820281 0.266607 0.0122181
0 0.634618 0.879933 0.0844975 0.240134 0.0111876
0 0.195238 0.706216 0.101792 0.265443 0.00970209
0 0.185054 0.399591 0.106762 0.270233 0.00622393
0 0.682834 0.864952 0.104997 0.270095 0.0045711
0 0.253659 0.711811 0.0812691 0.295441 0.00405634
0 0.724669 0.918317 0.107736 0.162321 0.00386858
0 0.281126 0.29465 0.0866646 0.227163 0.00345933
0 0.626754 0.819787 0.0613539 0.209551 0.00333255
0 0.307334 0.290414 0.11397 0.27183 0.00310235
0 0.233538 0.648269 0.0673757 0.235093 0.00173025
0 0.22733 0.722892 0.0738468 0.307921 0.00170785
0 0.194105 0.415096 0.0770907 0.220225 0.00127344
0 0.991891 0.322174 0.0151793 0.178717 0.00117803
0 0.241035 0.31048 0.113749 0.280484 0.0011706
