0 0.338421 0.816989 0.0823226 0.259635 0.824623
0 0.673065 0.859584 0.0955534 0.260943 0.300791
0 0.652015 0.826566 0.0987167 0.217746 0.0218911
0 0.325531 0.166179 0.102019 0.276985 0.0181544
0 0.631592 0.830217 0.06574 0.214223 0.0154456
0 0.371213 0.457054 0.110984 0.275042 0.0137469
0 0.355923 0.412458 0.125882 0.335238 0.0089879
0 0.270322 0.200224 0.0721519 0.248594 0.00847799
0 0.292154 0.228291 0.07242 0.269882 0.00416815
0 0.657429 0.887089 0.0982297 0.225821 0.00399789
0 0.501688 0.63358 0.111541 0.338008 0.00379216
0 0.70421 0.912701 0.110683 0.173159 0.00298548
0 0.283852 0.165838 0.0947206 0.284732 0.00266953
0 0.964842 0.236512 0.0606754 0.188822 0.00218989
0 0.357283 0.167711 0.0776524 0.258291 0.00212668
0 0.30248 0.14268 0.0972428 0.274194 0.00203606
0 0.729143 0.918812 0.107595 0.161779 0.00164189
