0 0.22355 0.689675 0.0861011 0.301208 0.887859
0 0.318844 0.66418 0.0839621 0.306755 0.879504
0 0.250969 0.155515 0.0849632 0.262287 0.582745
0 0.291682 0.184339 0.0721329 0.234119 0.404116
0 0.352677 0.268003 0.0807177 0.296168 0.322843
0 0.119578 0.198248 0.0948111 0.295149 0.0636772
0 0.332163 0.257082 0.0840162 0.304736 0.0442735
0 0.203938 0.148613 0.0770231 0.272828 0.0438314
0 0.307878 0.286714 0.0783619 0.267064 0.0395375
0 0.274351 0.148827 0.0668172 0.259787 0.0291768
0 0.418239 0.247351 0.0572497 0.264569 0.01759
0 0.316471 0.23114 0.0720304 0.305748 0.0117213
0 0.222816 0.176791 0.0993769 0.267838 0.00958981
0 0.0989112 0.181038 0.0977621 0.300229 0.0074494
0 0.394628 0.272082 0.0828977 0.287041 0.00534713
0 0.358171 0.15369 0.0658689 0.244587 0.00427119
0 0.306996 0.168447 0.0907107 0.269187 0.00366704
0 0.336708 0.300002 0.0674294 0.226369 0.00310081
0 0.200339 0.112912 0.0616217 0.215231 0.00276689
0 0.101211 0.1323 0.0800977 0.253229 0.00251457
0 0.3735 0.28702 0.0919773 0.263838 0.0022516
0 0.367493 0.231644 0.0804052 0.286861 0.00173647
0 0.115978 0.166666 0.074574 0.22459 0.00160563
0 0.289103 0.0987079 0.0608228 0.195502 0.00128465
0 0.221359 0.110274 0.0761859 0.220549 0.00102723
