0 0.115127 0.574978 0.0807542 0.281442 0.746847
0 0.290877 0.200996 0.088536 0.257537 0.569103
0 0.156536 0.506498 0.0729736 0.278997 0.490047
0 0.154508 0.454212 0.0679781 0.182902 0.109414
0 0.306476 0.289661 0.0963657 0.272249 0.0841314
0 0.418381 0.247774 0.0622837 0.235975 0.0540588
0 0.149744 0.422335 0.0611264 0.114811 0.0306551
0 0.134685 0.541325 0.094321 0.307616 0.0198233
0 0.281166 0.117986 0.0660858 0.222951 0.00904302
0 0.26787 0.19128 0.0827046 0.270229 0.00745671
0 0.3115 0.228407 0.0893848 0.282719 0.00564595
0 0.551961 0.912446 0.0620433 0.175107 0.00374899
0 0.2454 0.244 0.0817568 0.246236 0.00310364
0 0.259449 0.122901 0.0665275 0.238814 0.0030706
0 0.220716 0.178469 0.092307 0.266131 0.00298611
0 0.542687 0.878614 0.077483 0.238944 0.00198714
0 0.327692 0.257357 0.0969011 0.284014 0.00190734
0 0.13797 0.462109 0.0946052 0.203805 0.00156884
0 0.241185 0.180976 0.074135 0.262538 0.00128611
0 0.173295 0.463175 0.0867886 0.217372 0.00125066
0 0.290295 0.196998 0.0825333 0.165378 0.00117583
0 0.355744 0.241913 0.0794167 0.257186 0.00109115
0 0.398251 0.243939 0.0856104 0.253048 0.00108724
