0 0.0532857 0.589608 0.106571 0.281501 0.844345
0 0.118409 0.308639 0.106927 0.265777 0.834329
0 0.419251 0.249722 0.0566416 0.251242 0.256949
0 0.30677 0.240835 0.107003 0.301949 0.0460402
0 0.318968 0.301798 0.103668 0.271144 0.0101518
0 0.266289 0.180837 0.0853492 0.249154 0.00675757
0 0.0249626 0.586153 0.0484431 0.271611 0.00313194
0 0.265934 0.133371 0.0741413 0.241693 0.00278694
0 0.335702 0.249898 0.10008 0.295902 0.00270557
0 0.294722 0.197713 0.0932091 0.259988 0.00244331
0 0.242443 0.183826 0.0810682 0.256014 0.0020523
0 0.541222 0.984332 0.0656006 0.0313351 0.00166422
0 0.82928 0.0161262 0.101742 0.0322524 0.00104106
