0 0.81624 0.351871 0.0950705 0.219922 0.893596
0 0.611414 0.0618316 0.0798673 0.119308 0.747274
0 0.988971 0.634375 0.0217812 0.244989 0.586018
0 0.0187829 0.401782 0.0362528 0.293517 0.132913
0 0.991439 0.398124 0.0164759 0.168652 0.0793709
0 0.986765 0.389236 0.026471 0.172989 0.00342135
0 0.98395 0.619347 0.032099 0.249508 0.00178701
0 0.0155261 0.427033 0.0278525 0.22892 0.00167259
0 0.0304206 0.386314 0.0608413 0.333647 0.00147674
0 0.992813 0.632754 0.0143744 0.242332 0.0013257
0 0.98968 0.59167 0.0191851 0.187215 0.00123764
