0 0.46726 0.636516 0.118152 0.35206 0.849377
0 0.2627 0.510002 0.0589479 0.224556 0.680666
0 0.144042 0.693214 0.0587098 0.30613 0.032257
0 0.298719 0.413876 0.0746917 0.268929 0.023526
0 0.0848098 0.988569 0.0471463 0.0228623 0.00330903
0 0.138167 0.148473 0.0990812 0.229973 0.00308075
0 0.122332 0.965731 0.0273087 0.0683555 0.00277215
0 0.733613 0.036317 0.0388535 0.0687895 0.00160249
0 0.687712 0.604522 0.0766512 0.188299 0.00158819
0 0.321415 0.34292 0.0779908 0.337488 0.00141368
0 0.775487 0.0400935 0.0809005 0.0753875 0.00133583
