0 0.382479 0.741834 0.0691769 0.260426 0.892287
0 0.509167 0.600605 0.0934802 0.291295 0.517401
0 0.632418 0.192695 0.0490557 0.199354 0.0527717
0 0.142259 0.341381 0.0895666 0.284333 0.0392327
0 0.229306 0.334462 0.0867523 0.289291 0.0235291
0 0.653343 0.837466 0.0928823 0.242123 0.00897319
0 0.673061 0.868443 0.0972435 0.25463 0.00642432
0 0.354104 0.427238 0.104078 0.287334 0.00532737
0 0.527473 0.620687 0.0680514 0.328109 0.00446932
0 0.711386 0.91504 0.107847 0.168749 0.00395371
0 0.636679 0.821805 0.0716225 0.215155 0.00338461
0 0.642845 0.221403 0.055759 0.187721 0.00281519
0 0.210834 0.351077 0.0779956 0.292081 0.00251856
0 0.218746 0.458241 0.115627 0.325514 0.00198479
0 0.650741 0.896632 0.0898175 0.206735 0.00166424
0 0.628818 0.887964 0.0867486 0.224072 0.00132043
0 0.642864 0.197804 0.08022 0.214194 0.00117589
0 0.25317 0.305812 0.0902457 0.283478 0.00113353
