0 0.168456 0.380287 0.0695787 0.263887 0.859776
0 0.0939045 0.3932 0.0871641 0.279526 0.832149
0 0.242217 0.221506 0.0848064 0.283366 0.534962
0 0.307264 0.255817 0.0931102 0.319722 0.472077
0 0.266463 0.13747 0.0663458 0.242465 0.369501
0 0.418303 0.24735 0.0563182 0.259549 0.0679167
0 0.194519 0.143988 0.077619 0.26151 0.0653624
0 0.129701 0.147614 0.0850998 0.261382 0.0546051
0 0.2704 0.187639 0.0793379 0.297524 0.0352248
0 0.358989 0.257258 0.0814308 0.292554 0.0293922
0 0.324396 0.286564 0.0880312 0.283385 0.0232071
0 0.293773 0.198285 0.0843712 0.278418 0.0195285
0 0.15315 0.146995 0.0641721 0.256502 0.0142558
0 0.108337 0.187901 0.10304 0.280532 0.0128765
0 0.217798 0.136059 0.102403 0.260066 0.0108846
0 0.0824216 0.190767 0.103829 0.289921 0.00691912
0 0.219951 0.220585 0.0850373 0.286685 0.00551809
0 0.14102 0.216795 0.0806162 0.281043 0.00541868
0 0.167262 0.136322 0.0650604 0.264296 0.00391948
0 0.250242 0.125112 0.0764378 0.250223 0.00353638
0 0.342401 0.300316 0.0819981 0.280081 0.00308777
0 0.177608 0.168513 0.0711663 0.271098 0.00273633
0 0.393946 0.272097 0.0856657 0.293549 0.00212793
0 0.0870502 0.131648 0.0908732 0.255022 0.00153964
0 0.280733 0.181983 0.0735924 0.2258 0.00141668
0 0.311715 0.242753 0.0766772 0.22859 0.00140158
0 0.108868 0.134796 0.0877264 0.260547 0.00105126
0 0.298931 0.314623 0.087835 0.287886 0.00104114
0 0.16848 0.221964 0.0838085 0.283922 0.00102392
