0 0.368605 0.608815 0.0780514 0.249996 0.836102
0 0.391113 0.474597 0.0754433 0.237605 0.28086
0 0.6591 0.832426 0.106268 0.239 0.188321
0 0.352313 0.420041 0.120732 0.328258 0.124851
0 0.508822 0.601838 0.096199 0.292603 0.0666616
0 0.25801 0.402803 0.0882354 0.343579 0.0170689
0 0.294142 0.486522 0.0821771 0.267478 0.0156432
0 0.372914 0.458697 0.0965737 0.269221 0.0154939
0 0.271095 0.458961 0.0806133 0.294353 0.00769359
0 0.713114 0.915333 0.102919 0.167573 0.00645778
0 0.315998 0.490306 0.0824671 0.258417 0.00603848
0 0.1335 0.262308 0.0919609 0.299231 0.00271692
0 0.638029 0.819954 0.0846757 0.21878 0.00202159
0 0.687469 0.909063 0.102667 0.179584 0.00147669
0 0.635612 0.878646 0.0886837 0.242708 0.00132863
0 0.41043 0.477665 0.0713079 0.243958 0.00131756
0 0.677893 0.861835 0.0975081 0.27633 0.00125318
0 0.529892 0.78837 0.0864202 0.210493 0.00121933
