0 0.252816 0.818386 0.0752121 0.249471 0.834176
0 0.161011 0.844003 0.0740034 0.250906 0.174663
0 0.507125 0.617026 0.114139 0.319264 0.012648
0 0.147361 0.868038 0.0737551 0.232871 0.012553
0 0.179192 0.841109 0.0761905 0.261067 0.0114734
0 0.287 0.0862717 0.0770118 0.1715 0.0104513
0 0.143486 0.41622 0.112042 0.307188 0.0101608
0 0.153854 0.371283 0.0878628 0.209605 0.00329227
0 0.22038 0.309678 0.0899599 0.267272 0.00252357
0 0.298344 0.254795 0.0769414 0.271266 0.00231376
0 0.092393 0.312312 0.102432 0.266374 0.00221668
0 0.507147 0.460332 0.126534 0.319371 0.0021288
0 0.540984 0.0424161 0.0926153 0.0769551 0.0017853
0 0.245805 0.246343 0.0934834 0.267302 0.00148469
0 0.242774 0.0907205 0.0727029 0.179057 0.00135943
0 0.355772 0.44255 0.112509 0.281994 0.00133333
0 0.309686 0.0887963 0.0790501 0.173831 0.0010619
