0 0.693019 0.866128 0.091035 0.267745 0.913
0 0.186915 0.914055 0.0723849 0.171208 0.88302
0 0.257522 0.918446 0.0803018 0.162963 0.881572
0 0.115666 0.0518022 0.070593 0.101888 0.293579
0 0.390918 0.371991 0.0720958 0.189024 0.0545932
0 0.586844 0.391819 0.112288 0.264254 0.00993636
0 0.500791 0.934629 0.124759 0.129363 0.00975098
0 0.0966894 0.0520856 0.0722435 0.100883 0.00517028
0 0.0890591 0.0375957 0.0744013 0.0740637 0.00230964
0 0.104365 0.047129 0.0445172 0.0918278 0.0018103
0 0.0521891 0.0110817 0.0686364 0.022087 0.00165263
0 0.135699 0.052379 0.0850197 0.102008 0.00130335
0 0.0534585 0.0173632 0.0676176 0.0347265 0.00118962
