0 0.837458 0.63334 0.109528 0.299138 0.871387
0 0.730493 0.541469 0.111672 0.280385 0.865669
0 0.405455 0.977898 0.0708828 0.0442047 0.282757
0 0.328392 0.981057 0.063036 0.0375226 0.0559121
0 0.387328 0.980439 0.0875851 0.0391213 0.0113101
0 0.344094 0.980892 0.0629014 0.0382156 0.00787652
0 0.403303 0.966546 0.0822081 0.0630396 0.00782525
0 0.392724 0.979258 0.045642 0.0411276 0.00364518
0 0.340548 0.972566 0.0740584 0.0537243 0.00344432
0 0.321178 0.973052 0.080716 0.0528109 0.00336147
0 0.431872 0.977585 0.111345 0.0448297 0.00332984
0 0.334033 0.983624 0.0426913 0.0324723 0.00321749
0 0.316835 0.984332 0.0643279 0.0313363 0.00320066
0 0.409233 0.982337 0.045815 0.0344621 0.00223595
0 0.42012 0.983828 0.071934 0.0322008 0.00158077
0 0.333865 0.981032 0.028359 0.0378425 0.00100491
